0 1 1
0 4 1
0 7 1
0 25 1
0 28 1
0 58 1
1 0 1
1 2 1
1 4 1
1 5 1
1 8 1
1 25 1
1 26 1
1 30 1
1 59 1
2 1 1
2 3 1
2 5 1
2 6 1
2 9 1
2 26 1
2 27 1
2 32 1
2 60 1
3 2 1
3 6 1
3 10 1
3 27 1
3 34 1
3 61 1
4 0 1
4 1 1
4 7 1
4 8 1
4 25 1
4 28 1
4 29 1
4 30 1
4 35 1
5 1 1
5 2 1
5 8 1
5 9 1
5 26 1
5 30 1
5 31 1
5 32 1
5 36 1
6 2 1
6 3 1
6 9 1
6 10 1
6 27 1
6 32 1
6 33 1
6 34 1
6 37 1
7 0 1
7 4 1
7 8 1
7 11 1
7 14 1
7 28 1
7 35 1
7 38 1
7 65 1
8 1 1
8 4 1
8 5 1
8 7 1
8 9 1
8 11 1
8 12 1
8 15 1
8 30 1
8 35 1
8 36 1
8 40 1
8 66 1
9 2 1
9 5 1
9 6 1
9 8 1
9 10 1
9 12 1
9 13 1
9 16 1
9 32 1
9 36 1
9 37 1
9 42 1
9 67 1
10 3 1
10 6 1
10 9 1
10 13 1
10 17 1
10 34 1
10 37 1
10 44 1
10 68 1
11 7 1
11 8 1
11 14 1
11 15 1
11 35 1
11 38 1
11 39 1
11 40 1
11 45 1
12 8 1
12 9 1
12 15 1
12 16 1
12 36 1
12 40 1
12 41 1
12 42 1
12 46 1
13 9 1
13 10 1
13 16 1
13 17 1
13 37 1
13 42 1
13 43 1
13 44 1
13 47 1
14 7 1
14 11 1
14 15 1
14 18 1
14 21 1
14 38 1
14 45 1
14 48 1
14 72 1
15 8 1
15 11 1
15 12 1
15 14 1
15 16 1
15 18 1
15 19 1
15 22 1
15 40 1
15 45 1
15 46 1
15 50 1
15 73 1
16 9 1
16 12 1
16 13 1
16 15 1
16 17 1
16 19 1
16 20 1
16 23 1
16 42 1
16 46 1
16 47 1
16 52 1
16 74 1
17 10 1
17 13 1
17 16 1
17 20 1
17 24 1
17 44 1
17 47 1
17 54 1
17 75 1
18 14 1
18 15 1
18 21 1
18 22 1
18 45 1
18 48 1
18 49 1
18 50 1
18 55 1
19 15 1
19 16 1
19 22 1
19 23 1
19 46 1
19 50 1
19 51 1
19 52 1
19 56 1
20 16 1
20 17 1
20 23 1
20 24 1
20 47 1
20 52 1
20 53 1
20 54 1
20 57 1
21 14 1
21 18 1
21 22 1
21 48 1
21 55 1
21 79 1
22 15 1
22 18 1
22 19 1
22 21 1
22 23 1
22 50 1
22 55 1
22 56 1
22 80 1
23 16 1
23 19 1
23 20 1
23 22 1
23 24 1
23 52 1
23 56 1
23 57 1
23 81 1
24 17 1
24 20 1
24 23 1
24 54 1
24 57 1
24 82 1
25 0 1
25 1 1
25 4 1
25 28 1
25 29 1
25 30 1
25 58 1
25 59 1
25 62 1
26 1 1
26 2 1
26 5 1
26 30 1
26 31 1
26 32 1
26 59 1
26 60 1
26 63 1
27 2 1
27 3 1
27 6 1
27 32 1
27 33 1
27 34 1
27 60 1
27 61 1
27 64 1
28 0 1
28 4 1
28 7 1
28 25 1
28 29 1
28 35 1
28 58 1
28 62 1
28 65 1
29 4 1
29 25 1
29 28 1
29 30 1
29 35 1
29 62 1
30 1 1
30 4 1
30 5 1
30 8 1
30 25 1
30 26 1
30 29 1
30 31 1
30 35 1
30 36 1
30 59 1
30 62 1
30 63 1
30 66 1
31 5 1
31 26 1
31 30 1
31 32 1
31 36 1
31 63 1
32 2 1
32 5 1
32 6 1
32 9 1
32 26 1
32 27 1
32 31 1
32 33 1
32 36 1
32 37 1
32 60 1
32 63 1
32 64 1
32 67 1
33 6 1
33 27 1
33 32 1
33 34 1
33 37 1
33 64 1
34 3 1
34 6 1
34 10 1
34 27 1
34 33 1
34 37 1
34 61 1
34 64 1
34 68 1
35 4 1
35 7 1
35 8 1
35 11 1
35 28 1
35 29 1
35 30 1
35 38 1
35 39 1
35 40 1
35 62 1
35 65 1
35 66 1
35 69 1
36 5 1
36 8 1
36 9 1
36 12 1
36 30 1
36 31 1
36 32 1
36 40 1
36 41 1
36 42 1
36 63 1
36 66 1
36 67 1
36 70 1
37 6 1
37 9 1
37 10 1
37 13 1
37 32 1
37 33 1
37 34 1
37 42 1
37 43 1
37 44 1
37 64 1
37 67 1
37 68 1
37 71 1
38 7 1
38 11 1
38 14 1
38 35 1
38 39 1
38 45 1
38 65 1
38 69 1
38 72 1
39 11 1
39 35 1
39 38 1
39 40 1
39 45 1
39 69 1
40 8 1
40 11 1
40 12 1
40 15 1
40 35 1
40 36 1
40 39 1
40 41 1
40 45 1
40 46 1
40 66 1
40 69 1
40 70 1
40 73 1
41 12 1
41 36 1
41 40 1
41 42 1
41 46 1
41 70 1
42 9 1
42 12 1
42 13 1
42 16 1
42 36 1
42 37 1
42 41 1
42 43 1
42 46 1
42 47 1
42 67 1
42 70 1
42 71 1
42 74 1
43 13 1
43 37 1
43 42 1
43 44 1
43 47 1
43 71 1
44 10 1
44 13 1
44 17 1
44 37 1
44 43 1
44 47 1
44 68 1
44 71 1
44 75 1
45 11 1
45 14 1
45 15 1
45 18 1
45 38 1
45 39 1
45 40 1
45 48 1
45 49 1
45 50 1
45 69 1
45 72 1
45 73 1
45 76 1
46 12 1
46 15 1
46 16 1
46 19 1
46 40 1
46 41 1
46 42 1
46 50 1
46 51 1
46 52 1
46 70 1
46 73 1
46 74 1
46 77 1
47 13 1
47 16 1
47 17 1
47 20 1
47 42 1
47 43 1
47 44 1
47 52 1
47 53 1
47 54 1
47 71 1
47 74 1
47 75 1
47 78 1
48 14 1
48 18 1
48 21 1
48 45 1
48 49 1
48 55 1
48 72 1
48 76 1
48 79 1
49 18 1
49 45 1
49 48 1
49 50 1
49 55 1
49 76 1
50 15 1
50 18 1
50 19 1
50 22 1
50 45 1
50 46 1
50 49 1
50 51 1
50 55 1
50 56 1
50 73 1
50 76 1
50 77 1
50 80 1
51 19 1
51 46 1
51 50 1
51 52 1
51 56 1
51 77 1
52 16 1
52 19 1
52 20 1
52 23 1
52 46 1
52 47 1
52 51 1
52 53 1
52 56 1
52 57 1
52 74 1
52 77 1
52 78 1
52 81 1
53 20 1
53 47 1
53 52 1
53 54 1
53 57 1
53 78 1
54 17 1
54 20 1
54 24 1
54 47 1
54 53 1
54 57 1
54 75 1
54 78 1
54 82 1
55 18 1
55 21 1
55 22 1
55 48 1
55 49 1
55 50 1
55 76 1
55 79 1
55 80 1
56 19 1
56 22 1
56 23 1
56 50 1
56 51 1
56 52 1
56 77 1
56 80 1
56 81 1
57 20 1
57 23 1
57 24 1
57 52 1
57 53 1
57 54 1
57 78 1
57 81 1
57 82 1
58 0 1
58 25 1
58 28 1
58 59 1
58 62 1
58 65 1
58 83 1
58 86 1
58 116 1
59 1 1
59 25 1
59 26 1
59 30 1
59 58 1
59 60 1
59 62 1
59 63 1
59 66 1
59 83 1
59 84 1
59 88 1
59 117 1
60 2 1
60 26 1
60 27 1
60 32 1
60 59 1
60 61 1
60 63 1
60 64 1
60 67 1
60 84 1
60 85 1
60 90 1
60 118 1
61 3 1
61 27 1
61 34 1
61 60 1
61 64 1
61 68 1
61 85 1
61 92 1
61 119 1
62 25 1
62 28 1
62 29 1
62 30 1
62 35 1
62 58 1
62 59 1
62 65 1
62 66 1
62 83 1
62 86 1
62 87 1
62 88 1
62 93 1
63 26 1
63 30 1
63 31 1
63 32 1
63 36 1
63 59 1
63 60 1
63 66 1
63 67 1
63 84 1
63 88 1
63 89 1
63 90 1
63 94 1
64 27 1
64 32 1
64 33 1
64 34 1
64 37 1
64 60 1
64 61 1
64 67 1
64 68 1
64 85 1
64 90 1
64 91 1
64 92 1
64 95 1
65 7 1
65 28 1
65 35 1
65 38 1
65 58 1
65 62 1
65 66 1
65 69 1
65 72 1
65 86 1
65 93 1
65 96 1
65 123 1
66 8 1
66 30 1
66 35 1
66 36 1
66 40 1
66 59 1
66 62 1
66 63 1
66 65 1
66 67 1
66 69 1
66 70 1
66 73 1
66 88 1
66 93 1
66 94 1
66 98 1
66 124 1
67 9 1
67 32 1
67 36 1
67 37 1
67 42 1
67 60 1
67 63 1
67 64 1
67 66 1
67 68 1
67 70 1
67 71 1
67 74 1
67 90 1
67 94 1
67 95 1
67 100 1
67 125 1
68 10 1
68 34 1
68 37 1
68 44 1
68 61 1
68 64 1
68 67 1
68 71 1
68 75 1
68 92 1
68 95 1
68 102 1
68 126 1
69 35 1
69 38 1
69 39 1
69 40 1
69 45 1
69 65 1
69 66 1
69 72 1
69 73 1
69 93 1
69 96 1
69 97 1
69 98 1
69 103 1
70 36 1
70 40 1
70 41 1
70 42 1
70 46 1
70 66 1
70 67 1
70 73 1
70 74 1
70 94 1
70 98 1
70 99 1
70 100 1
70 104 1
71 37 1
71 42 1
71 43 1
71 44 1
71 47 1
71 67 1
71 68 1
71 74 1
71 75 1
71 95 1
71 100 1
71 101 1
71 102 1
71 105 1
72 14 1
72 38 1
72 45 1
72 48 1
72 65 1
72 69 1
72 73 1
72 76 1
72 79 1
72 96 1
72 103 1
72 106 1
72 130 1
73 15 1
73 40 1
73 45 1
73 46 1
73 50 1
73 66 1
73 69 1
73 70 1
73 72 1
73 74 1
73 76 1
73 77 1
73 80 1
73 98 1
73 103 1
73 104 1
73 108 1
73 131 1
74 16 1
74 42 1
74 46 1
74 47 1
74 52 1
74 67 1
74 70 1
74 71 1
74 73 1
74 75 1
74 77 1
74 78 1
74 81 1
74 100 1
74 104 1
74 105 1
74 110 1
74 132 1
75 17 1
75 44 1
75 47 1
75 54 1
75 68 1
75 71 1
75 74 1
75 78 1
75 82 1
75 102 1
75 105 1
75 112 1
75 133 1
76 45 1
76 48 1
76 49 1
76 50 1
76 55 1
76 72 1
76 73 1
76 79 1
76 80 1
76 103 1
76 106 1
76 107 1
76 108 1
76 113 1
77 46 1
77 50 1
77 51 1
77 52 1
77 56 1
77 73 1
77 74 1
77 80 1
77 81 1
77 104 1
77 108 1
77 109 1
77 110 1
77 114 1
78 47 1
78 52 1
78 53 1
78 54 1
78 57 1
78 74 1
78 75 1
78 81 1
78 82 1
78 105 1
78 110 1
78 111 1
78 112 1
78 115 1
79 21 1
79 48 1
79 55 1
79 72 1
79 76 1
79 80 1
79 106 1
79 113 1
79 137 1
80 22 1
80 50 1
80 55 1
80 56 1
80 73 1
80 76 1
80 77 1
80 79 1
80 81 1
80 108 1
80 113 1
80 114 1
80 138 1
81 23 1
81 52 1
81 56 1
81 57 1
81 74 1
81 77 1
81 78 1
81 80 1
81 82 1
81 110 1
81 114 1
81 115 1
81 139 1
82 24 1
82 54 1
82 57 1
82 75 1
82 78 1
82 81 1
82 112 1
82 115 1
82 140 1
83 58 1
83 59 1
83 62 1
83 86 1
83 87 1
83 88 1
83 116 1
83 117 1
83 120 1
84 59 1
84 60 1
84 63 1
84 88 1
84 89 1
84 90 1
84 117 1
84 118 1
84 121 1
85 60 1
85 61 1
85 64 1
85 90 1
85 91 1
85 92 1
85 118 1
85 119 1
85 122 1
86 58 1
86 62 1
86 65 1
86 83 1
86 87 1
86 93 1
86 116 1
86 120 1
86 123 1
87 62 1
87 83 1
87 86 1
87 88 1
87 93 1
87 120 1
88 59 1
88 62 1
88 63 1
88 66 1
88 83 1
88 84 1
88 87 1
88 89 1
88 93 1
88 94 1
88 117 1
88 120 1
88 121 1
88 124 1
89 63 1
89 84 1
89 88 1
89 90 1
89 94 1
89 121 1
90 60 1
90 63 1
90 64 1
90 67 1
90 84 1
90 85 1
90 89 1
90 91 1
90 94 1
90 95 1
90 118 1
90 121 1
90 122 1
90 125 1
91 64 1
91 85 1
91 90 1
91 92 1
91 95 1
91 122 1
92 61 1
92 64 1
92 68 1
92 85 1
92 91 1
92 95 1
92 119 1
92 122 1
92 126 1
93 62 1
93 65 1
93 66 1
93 69 1
93 86 1
93 87 1
93 88 1
93 96 1
93 97 1
93 98 1
93 120 1
93 123 1
93 124 1
93 127 1
94 63 1
94 66 1
94 67 1
94 70 1
94 88 1
94 89 1
94 90 1
94 98 1
94 99 1
94 100 1
94 121 1
94 124 1
94 125 1
94 128 1
95 64 1
95 67 1
95 68 1
95 71 1
95 90 1
95 91 1
95 92 1
95 100 1
95 101 1
95 102 1
95 122 1
95 125 1
95 126 1
95 129 1
96 65 1
96 69 1
96 72 1
96 93 1
96 97 1
96 103 1
96 123 1
96 127 1
96 130 1
97 69 1
97 93 1
97 96 1
97 98 1
97 103 1
97 127 1
98 66 1
98 69 1
98 70 1
98 73 1
98 93 1
98 94 1
98 97 1
98 99 1
98 103 1
98 104 1
98 124 1
98 127 1
98 128 1
98 131 1
99 70 1
99 94 1
99 98 1
99 100 1
99 104 1
99 128 1
100 67 1
100 70 1
100 71 1
100 74 1
100 94 1
100 95 1
100 99 1
100 101 1
100 104 1
100 105 1
100 125 1
100 128 1
100 129 1
100 132 1
101 71 1
101 95 1
101 100 1
101 102 1
101 105 1
101 129 1
102 68 1
102 71 1
102 75 1
102 95 1
102 101 1
102 105 1
102 126 1
102 129 1
102 133 1
103 69 1
103 72 1
103 73 1
103 76 1
103 96 1
103 97 1
103 98 1
103 106 1
103 107 1
103 108 1
103 127 1
103 130 1
103 131 1
103 134 1
104 70 1
104 73 1
104 74 1
104 77 1
104 98 1
104 99 1
104 100 1
104 108 1
104 109 1
104 110 1
104 128 1
104 131 1
104 132 1
104 135 1
105 71 1
105 74 1
105 75 1
105 78 1
105 100 1
105 101 1
105 102 1
105 110 1
105 111 1
105 112 1
105 129 1
105 132 1
105 133 1
105 136 1
106 72 1
106 76 1
106 79 1
106 103 1
106 107 1
106 113 1
106 130 1
106 134 1
106 137 1
107 76 1
107 103 1
107 106 1
107 108 1
107 113 1
107 134 1
108 73 1
108 76 1
108 77 1
108 80 1
108 103 1
108 104 1
108 107 1
108 109 1
108 113 1
108 114 1
108 131 1
108 134 1
108 135 1
108 138 1
109 77 1
109 104 1
109 108 1
109 110 1
109 114 1
109 135 1
110 74 1
110 77 1
110 78 1
110 81 1
110 104 1
110 105 1
110 109 1
110 111 1
110 114 1
110 115 1
110 132 1
110 135 1
110 136 1
110 139 1
111 78 1
111 105 1
111 110 1
111 112 1
111 115 1
111 136 1
112 75 1
112 78 1
112 82 1
112 105 1
112 111 1
112 115 1
112 133 1
112 136 1
112 140 1
113 76 1
113 79 1
113 80 1
113 106 1
113 107 1
113 108 1
113 134 1
113 137 1
113 138 1
114 77 1
114 80 1
114 81 1
114 108 1
114 109 1
114 110 1
114 135 1
114 138 1
114 139 1
115 78 1
115 81 1
115 82 1
115 110 1
115 111 1
115 112 1
115 136 1
115 139 1
115 140 1
116 58 1
116 83 1
116 86 1
116 117 1
116 120 1
116 123 1
116 141 1
116 144 1
116 174 1
117 59 1
117 83 1
117 84 1
117 88 1
117 116 1
117 118 1
117 120 1
117 121 1
117 124 1
117 141 1
117 142 1
117 146 1
117 175 1
118 60 1
118 84 1
118 85 1
118 90 1
118 117 1
118 119 1
118 121 1
118 122 1
118 125 1
118 142 1
118 143 1
118 148 1
118 176 1
119 61 1
119 85 1
119 92 1
119 118 1
119 122 1
119 126 1
119 143 1
119 150 1
119 177 1
120 83 1
120 86 1
120 87 1
120 88 1
120 93 1
120 116 1
120 117 1
120 123 1
120 124 1
120 141 1
120 144 1
120 145 1
120 146 1
120 151 1
121 84 1
121 88 1
121 89 1
121 90 1
121 94 1
121 117 1
121 118 1
121 124 1
121 125 1
121 142 1
121 146 1
121 147 1
121 148 1
121 152 1
122 85 1
122 90 1
122 91 1
122 92 1
122 95 1
122 118 1
122 119 1
122 125 1
122 126 1
122 143 1
122 148 1
122 149 1
122 150 1
122 153 1
123 65 1
123 86 1
123 93 1
123 96 1
123 116 1
123 120 1
123 124 1
123 127 1
123 130 1
123 144 1
123 151 1
123 154 1
123 181 1
124 66 1
124 88 1
124 93 1
124 94 1
124 98 1
124 117 1
124 120 1
124 121 1
124 123 1
124 125 1
124 127 1
124 128 1
124 131 1
124 146 1
124 151 1
124 152 1
124 156 1
124 182 1
125 67 1
125 90 1
125 94 1
125 95 1
125 100 1
125 118 1
125 121 1
125 122 1
125 124 1
125 126 1
125 128 1
125 129 1
125 132 1
125 148 1
125 152 1
125 153 1
125 158 1
125 183 1
126 68 1
126 92 1
126 95 1
126 102 1
126 119 1
126 122 1
126 125 1
126 129 1
126 133 1
126 150 1
126 153 1
126 160 1
126 184 1
127 93 1
127 96 1
127 97 1
127 98 1
127 103 1
127 123 1
127 124 1
127 130 1
127 131 1
127 151 1
127 154 1
127 155 1
127 156 1
127 161 1
128 94 1
128 98 1
128 99 1
128 100 1
128 104 1
128 124 1
128 125 1
128 131 1
128 132 1
128 152 1
128 156 1
128 157 1
128 158 1
128 162 1
129 95 1
129 100 1
129 101 1
129 102 1
129 105 1
129 125 1
129 126 1
129 132 1
129 133 1
129 153 1
129 158 1
129 159 1
129 160 1
129 163 1
130 72 1
130 96 1
130 103 1
130 106 1
130 123 1
130 127 1
130 131 1
130 134 1
130 137 1
130 154 1
130 161 1
130 164 1
130 188 1
131 73 1
131 98 1
131 103 1
131 104 1
131 108 1
131 124 1
131 127 1
131 128 1
131 130 1
131 132 1
131 134 1
131 135 1
131 138 1
131 156 1
131 161 1
131 162 1
131 166 1
131 189 1
132 74 1
132 100 1
132 104 1
132 105 1
132 110 1
132 125 1
132 128 1
132 129 1
132 131 1
132 133 1
132 135 1
132 136 1
132 139 1
132 158 1
132 162 1
132 163 1
132 168 1
132 190 1
133 75 1
133 102 1
133 105 1
133 112 1
133 126 1
133 129 1
133 132 1
133 136 1
133 140 1
133 160 1
133 163 1
133 170 1
133 191 1
134 103 1
134 106 1
134 107 1
134 108 1
134 113 1
134 130 1
134 131 1
134 137 1
134 138 1
134 161 1
134 164 1
134 165 1
134 166 1
134 171 1
135 104 1
135 108 1
135 109 1
135 110 1
135 114 1
135 131 1
135 132 1
135 138 1
135 139 1
135 162 1
135 166 1
135 167 1
135 168 1
135 172 1
136 105 1
136 110 1
136 111 1
136 112 1
136 115 1
136 132 1
136 133 1
136 139 1
136 140 1
136 163 1
136 168 1
136 169 1
136 170 1
136 173 1
137 79 1
137 106 1
137 113 1
137 130 1
137 134 1
137 138 1
137 164 1
137 171 1
137 195 1
138 80 1
138 108 1
138 113 1
138 114 1
138 131 1
138 134 1
138 135 1
138 137 1
138 139 1
138 166 1
138 171 1
138 172 1
138 196 1
139 81 1
139 110 1
139 114 1
139 115 1
139 132 1
139 135 1
139 136 1
139 138 1
139 140 1
139 168 1
139 172 1
139 173 1
139 197 1
140 82 1
140 112 1
140 115 1
140 133 1
140 136 1
140 139 1
140 170 1
140 173 1
140 198 1
141 116 1
141 117 1
141 120 1
141 144 1
141 145 1
141 146 1
141 174 1
141 175 1
141 178 1
142 117 1
142 118 1
142 121 1
142 146 1
142 147 1
142 148 1
142 175 1
142 176 1
142 179 1
143 118 1
143 119 1
143 122 1
143 148 1
143 149 1
143 150 1
143 176 1
143 177 1
143 180 1
144 116 1
144 120 1
144 123 1
144 141 1
144 145 1
144 151 1
144 174 1
144 178 1
144 181 1
145 120 1
145 141 1
145 144 1
145 146 1
145 151 1
145 178 1
146 117 1
146 120 1
146 121 1
146 124 1
146 141 1
146 142 1
146 145 1
146 147 1
146 151 1
146 152 1
146 175 1
146 178 1
146 179 1
146 182 1
147 121 1
147 142 1
147 146 1
147 148 1
147 152 1
147 179 1
148 118 1
148 121 1
148 122 1
148 125 1
148 142 1
148 143 1
148 147 1
148 149 1
148 152 1
148 153 1
148 176 1
148 179 1
148 180 1
148 183 1
149 122 1
149 143 1
149 148 1
149 150 1
149 153 1
149 180 1
150 119 1
150 122 1
150 126 1
150 143 1
150 149 1
150 153 1
150 177 1
150 180 1
150 184 1
151 120 1
151 123 1
151 124 1
151 127 1
151 144 1
151 145 1
151 146 1
151 154 1
151 155 1
151 156 1
151 178 1
151 181 1
151 182 1
151 185 1
152 121 1
152 124 1
152 125 1
152 128 1
152 146 1
152 147 1
152 148 1
152 156 1
152 157 1
152 158 1
152 179 1
152 182 1
152 183 1
152 186 1
153 122 1
153 125 1
153 126 1
153 129 1
153 148 1
153 149 1
153 150 1
153 158 1
153 159 1
153 160 1
153 180 1
153 183 1
153 184 1
153 187 1
154 123 1
154 127 1
154 130 1
154 151 1
154 155 1
154 161 1
154 181 1
154 185 1
154 188 1
155 127 1
155 151 1
155 154 1
155 156 1
155 161 1
155 185 1
156 124 1
156 127 1
156 128 1
156 131 1
156 151 1
156 152 1
156 155 1
156 157 1
156 161 1
156 162 1
156 182 1
156 185 1
156 186 1
156 189 1
157 128 1
157 152 1
157 156 1
157 158 1
157 162 1
157 186 1
158 125 1
158 128 1
158 129 1
158 132 1
158 152 1
158 153 1
158 157 1
158 159 1
158 162 1
158 163 1
158 183 1
158 186 1
158 187 1
158 190 1
159 129 1
159 153 1
159 158 1
159 160 1
159 163 1
159 187 1
160 126 1
160 129 1
160 133 1
160 153 1
160 159 1
160 163 1
160 184 1
160 187 1
160 191 1
161 127 1
161 130 1
161 131 1
161 134 1
161 154 1
161 155 1
161 156 1
161 164 1
161 165 1
161 166 1
161 185 1
161 188 1
161 189 1
161 192 1
162 128 1
162 131 1
162 132 1
162 135 1
162 156 1
162 157 1
162 158 1
162 166 1
162 167 1
162 168 1
162 186 1
162 189 1
162 190 1
162 193 1
163 129 1
163 132 1
163 133 1
163 136 1
163 158 1
163 159 1
163 160 1
163 168 1
163 169 1
163 170 1
163 187 1
163 190 1
163 191 1
163 194 1
164 130 1
164 134 1
164 137 1
164 161 1
164 165 1
164 171 1
164 188 1
164 192 1
164 195 1
165 134 1
165 161 1
165 164 1
165 166 1
165 171 1
165 192 1
166 131 1
166 134 1
166 135 1
166 138 1
166 161 1
166 162 1
166 165 1
166 167 1
166 171 1
166 172 1
166 189 1
166 192 1
166 193 1
166 196 1
167 135 1
167 162 1
167 166 1
167 168 1
167 172 1
167 193 1
168 132 1
168 135 1
168 136 1
168 139 1
168 162 1
168 163 1
168 167 1
168 169 1
168 172 1
168 173 1
168 190 1
168 193 1
168 194 1
168 197 1
169 136 1
169 163 1
169 168 1
169 170 1
169 173 1
169 194 1
170 133 1
170 136 1
170 140 1
170 163 1
170 169 1
170 173 1
170 191 1
170 194 1
170 198 1
171 134 1
171 137 1
171 138 1
171 164 1
171 165 1
171 166 1
171 192 1
171 195 1
171 196 1
172 135 1
172 138 1
172 139 1
172 166 1
172 167 1
172 168 1
172 193 1
172 196 1
172 197 1
173 136 1
173 139 1
173 140 1
173 168 1
173 169 1
173 170 1
173 194 1
173 197 1
173 198 1
174 116 1
174 141 1
174 144 1
174 175 1
174 178 1
174 181 1
175 117 1
175 141 1
175 142 1
175 146 1
175 174 1
175 176 1
175 178 1
175 179 1
175 182 1
176 118 1
176 142 1
176 143 1
176 148 1
176 175 1
176 177 1
176 179 1
176 180 1
176 183 1
177 119 1
177 143 1
177 150 1
177 176 1
177 180 1
177 184 1
178 141 1
178 144 1
178 145 1
178 146 1
178 151 1
178 174 1
178 175 1
178 181 1
178 182 1
179 142 1
179 146 1
179 147 1
179 148 1
179 152 1
179 175 1
179 176 1
179 182 1
179 183 1
180 143 1
180 148 1
180 149 1
180 150 1
180 153 1
180 176 1
180 177 1
180 183 1
180 184 1
181 123 1
181 144 1
181 151 1
181 154 1
181 174 1
181 178 1
181 182 1
181 185 1
181 188 1
182 124 1
182 146 1
182 151 1
182 152 1
182 156 1
182 175 1
182 178 1
182 179 1
182 181 1
182 183 1
182 185 1
182 186 1
182 189 1
183 125 1
183 148 1
183 152 1
183 153 1
183 158 1
183 176 1
183 179 1
183 180 1
183 182 1
183 184 1
183 186 1
183 187 1
183 190 1
184 126 1
184 150 1
184 153 1
184 160 1
184 177 1
184 180 1
184 183 1
184 187 1
184 191 1
185 151 1
185 154 1
185 155 1
185 156 1
185 161 1
185 181 1
185 182 1
185 188 1
185 189 1
186 152 1
186 156 1
186 157 1
186 158 1
186 162 1
186 182 1
186 183 1
186 189 1
186 190 1
187 153 1
187 158 1
187 159 1
187 160 1
187 163 1
187 183 1
187 184 1
187 190 1
187 191 1
188 130 1
188 154 1
188 161 1
188 164 1
188 181 1
188 185 1
188 189 1
188 192 1
188 195 1
189 131 1
189 156 1
189 161 1
189 162 1
189 166 1
189 182 1
189 185 1
189 186 1
189 188 1
189 190 1
189 192 1
189 193 1
189 196 1
190 132 1
190 158 1
190 162 1
190 163 1
190 168 1
190 183 1
190 186 1
190 187 1
190 189 1
190 191 1
190 193 1
190 194 1
190 197 1
191 133 1
191 160 1
191 163 1
191 170 1
191 184 1
191 187 1
191 190 1
191 194 1
191 198 1
192 161 1
192 164 1
192 165 1
192 166 1
192 171 1
192 188 1
192 189 1
192 195 1
192 196 1
193 162 1
193 166 1
193 167 1
193 168 1
193 172 1
193 189 1
193 190 1
193 196 1
193 197 1
194 163 1
194 168 1
194 169 1
194 170 1
194 173 1
194 190 1
194 191 1
194 197 1
194 198 1
195 137 1
195 164 1
195 171 1
195 188 1
195 192 1
195 196 1
196 138 1
196 166 1
196 171 1
196 172 1
196 189 1
196 192 1
196 193 1
196 195 1
196 197 1
197 139 1
197 168 1
197 172 1
197 173 1
197 190 1
197 193 1
197 194 1
197 196 1
197 198 1
198 140 1
198 170 1
198 173 1
198 191 1
198 194 1
198 197 1
