# A3
0 2 1
0 6 1
1 2 1
1 22 1
2 0 1
2 1 1
2 3 1
2 24 1
3 2 1
3 145 1
4 8 1
4 13 1
5 6 1
5 7 1
5 23 1
6 0 1
6 5 1
6 9 1
6 25 1
7 5 1
7 8 1
7 29 1
8 4 1
8 7 1
8 10 1
8 31 1
9 6 1
9 10 1
9 147 1
10 8 1
10 9 1
10 150 1
11 15 1
11 19 1
12 13 1
12 14 1
12 30 1
13 4 1
13 12 1
13 16 1
13 32 1
14 12 1
14 15 1
14 36 1
15 11 1
15 14 1
15 17 1
15 38 1
16 13 1
16 17 1
16 152 1
17 15 1
17 16 1
17 155 1
18 19 1
18 37 1
19 11 1
19 18 1
19 20 1
19 39 1
20 19 1
20 157 1
21 22 1
21 23 1
21 42 1
22 1 1
22 21 1
22 26 1
22 45 1
23 5 1
23 21 1
23 27 1
23 52 1
24 2 1
24 25 1
24 26 1
24 144 1
25 6 1
25 24 1
25 27 1
25 146 1
26 22 1
26 24 1
26 27 1
26 159 1
27 23 1
27 25 1
27 26 1
27 162 1
28 29 1
28 30 1
28 47 1
29 7 1
29 28 1
29 33 1
29 53 1
30 12 1
30 28 1
30 34 1
30 61 1
31 8 1
31 32 1
31 33 1
31 149 1
32 13 1
32 31 1
32 34 1
32 151 1
33 29 1
33 31 1
33 34 1
33 163 1
34 30 1
34 32 1
34 33 1
34 168 1
35 36 1
35 37 1
35 56 1
36 14 1
36 35 1
36 40 1
36 62 1
37 18 1
37 35 1
37 41 1
37 67 1
38 15 1
38 39 1
38 40 1
38 154 1
39 19 1
39 38 1
39 41 1
39 156 1
40 36 1
40 38 1
40 41 1
40 169 1
41 37 1
41 39 1
41 40 1
41 174 1
42 21 1
42 44 1
42 49 1
43 44 1
43 70 1
44 42 1
44 43 1
44 46 1
44 72 1
45 22 1
45 46 1
45 160 1
46 44 1
46 45 1
46 178 1
47 28 1
47 51 1
47 58 1
48 49 1
48 50 1
48 71 1
49 42 1
49 48 1
49 54 1
49 73 1
50 48 1
50 51 1
50 77 1
51 47 1
51 50 1
51 55 1
51 79 1
52 23 1
52 53 1
52 54 1
52 164 1
53 29 1
53 52 1
53 55 1
53 165 1
54 49 1
54 52 1
54 55 1
54 180 1
55 51 1
55 53 1
55 54 1
55 184 1
56 35 1
56 60 1
56 66 1
57 58 1
57 59 1
57 78 1
58 47 1
58 57 1
58 63 1
58 80 1
59 57 1
59 60 1
59 84 1
60 56 1
60 59 1
60 64 1
60 86 1
61 30 1
61 62 1
61 63 1
61 170 1
62 36 1
62 61 1
62 64 1
62 171 1
63 58 1
63 61 1
63 64 1
63 186 1
64 60 1
64 62 1
64 63 1
64 190 1
65 66 1
65 85 1
66 56 1
66 65 1
66 68 1
66 87 1
67 37 1
67 68 1
67 175 1
68 66 1
68 67 1
68 192 1
69 70 1
69 71 1
69 90 1
70 43 1
70 69 1
70 74 1
70 93 1
71 48 1
71 69 1
71 75 1
71 100 1
72 44 1
72 73 1
72 74 1
72 177 1
73 49 1
73 72 1
73 75 1
73 179 1
74 70 1
74 72 1
74 75 1
74 195 1
75 71 1
75 73 1
75 74 1
75 198 1
76 77 1
76 78 1
76 95 1
77 50 1
77 76 1
77 81 1
77 101 1
78 57 1
78 76 1
78 82 1
78 109 1
79 51 1
79 80 1
79 81 1
79 183 1
80 58 1
80 79 1
80 82 1
80 185 1
81 77 1
81 79 1
81 82 1
81 199 1
82 78 1
82 80 1
82 81 1
82 204 1
83 84 1
83 85 1
83 104 1
84 59 1
84 83 1
84 88 1
84 110 1
85 65 1
85 83 1
85 89 1
85 115 1
86 60 1
86 87 1
86 88 1
86 189 1
87 66 1
87 86 1
87 89 1
87 191 1
88 84 1
88 86 1
88 89 1
88 205 1
89 85 1
89 87 1
89 88 1
89 210 1
90 69 1
90 92 1
90 97 1
91 92 1
91 118 1
92 90 1
92 91 1
92 94 1
92 120 1
93 70 1
93 94 1
93 196 1
94 92 1
94 93 1
94 214 1
95 76 1
95 99 1
95 106 1
96 97 1
96 98 1
96 119 1
97 90 1
97 96 1
97 102 1
97 121 1
98 96 1
98 99 1
98 125 1
99 95 1
99 98 1
99 103 1
99 127 1
100 71 1
100 101 1
100 102 1
100 200 1
101 77 1
101 100 1
101 103 1
101 201 1
102 97 1
102 100 1
102 103 1
102 216 1
103 99 1
103 101 1
103 102 1
103 220 1
104 83 1
104 108 1
104 114 1
105 106 1
105 107 1
105 126 1
106 95 1
106 105 1
106 111 1
106 128 1
107 105 1
107 108 1
107 132 1
108 104 1
108 107 1
108 112 1
108 134 1
109 78 1
109 110 1
109 111 1
109 206 1
110 84 1
110 109 1
110 112 1
110 207 1
111 106 1
111 109 1
111 112 1
111 222 1
112 108 1
112 110 1
112 111 1
112 226 1
113 114 1
113 133 1
114 104 1
114 113 1
114 116 1
114 135 1
115 85 1
115 116 1
115 211 1
116 114 1
116 115 1
116 228 1
117 118 1
117 119 1
118 91 1
118 117 1
118 122 1
118 138 1
119 96 1
119 117 1
119 123 1
119 139 1
120 92 1
120 121 1
120 122 1
120 213 1
121 97 1
121 120 1
121 123 1
121 215 1
122 118 1
122 120 1
122 123 1
122 231 1
123 119 1
123 121 1
123 122 1
123 234 1
124 125 1
124 126 1
125 98 1
125 124 1
125 129 1
125 140 1
126 105 1
126 124 1
126 130 1
126 141 1
127 99 1
127 128 1
127 129 1
127 219 1
128 106 1
128 127 1
128 130 1
128 221 1
129 125 1
129 127 1
129 130 1
129 235 1
130 126 1
130 128 1
130 129 1
130 240 1
131 132 1
131 133 1
132 107 1
132 131 1
132 136 1
132 142 1
133 113 1
133 131 1
133 137 1
133 143 1
134 108 1
134 135 1
134 136 1
134 225 1
135 114 1
135 134 1
135 137 1
135 227 1
136 132 1
136 134 1
136 137 1
136 241 1
137 133 1
137 135 1
137 136 1
137 246 1
138 118 1
138 232 1
139 119 1
139 140 1
139 236 1
140 125 1
140 139 1
140 237 1
141 126 1
141 142 1
141 242 1
142 132 1
142 141 1
142 243 1
143 133 1
143 247 1
144 24 1
144 145 1
144 146 1
144 159 1
145 3 1
145 144 1
145 148 1
145 161 1
146 25 1
146 144 1
146 147 1
146 162 1
147 9 1
147 146 1
147 148 1
147 166 1
148 145 1
148 147 1
148 252 1
149 31 1
149 150 1
149 151 1
149 163 1
150 10 1
150 149 1
150 153 1
150 167 1
151 32 1
151 149 1
151 152 1
151 168 1
152 16 1
152 151 1
152 153 1
152 172 1
153 150 1
153 152 1
153 256 1
154 38 1
154 155 1
154 156 1
154 169 1
155 17 1
155 154 1
155 158 1
155 173 1
156 39 1
156 154 1
156 157 1
156 174 1
157 20 1
157 156 1
157 158 1
157 176 1
158 155 1
158 157 1
158 263 1
159 26 1
159 144 1
159 160 1
159 162 1
160 45 1
160 159 1
160 161 1
160 181 1
161 145 1
161 160 1
161 253 1
162 27 1
162 146 1
162 159 1
162 164 1
163 33 1
163 149 1
163 165 1
163 168 1
164 52 1
164 162 1
164 166 1
164 181 1
165 53 1
165 163 1
165 167 1
165 187 1
166 147 1
166 164 1
166 167 1
166 257 1
167 150 1
167 165 1
167 166 1
167 259 1
168 34 1
168 151 1
168 163 1
168 170 1
169 40 1
169 154 1
169 171 1
169 174 1
170 61 1
170 168 1
170 172 1
170 187 1
171 62 1
171 169 1
171 173 1
171 193 1
172 152 1
172 170 1
172 173 1
172 264 1
173 155 1
173 171 1
173 172 1
173 266 1
174 41 1
174 156 1
174 169 1
174 175 1
175 67 1
175 174 1
175 176 1
175 193 1
176 157 1
176 175 1
176 270 1
177 72 1
177 178 1
177 179 1
177 195 1
178 46 1
178 177 1
178 182 1
178 197 1
179 73 1
179 177 1
179 180 1
179 198 1
180 54 1
180 179 1
180 182 1
180 202 1
181 160 1
181 164 1
181 182 1
181 273 1
182 178 1
182 180 1
182 181 1
182 294 1
183 79 1
183 184 1
183 185 1
183 199 1
184 55 1
184 183 1
184 188 1
184 203 1
185 80 1
185 183 1
185 186 1
185 204 1
186 63 1
186 185 1
186 188 1
186 208 1
187 165 1
187 170 1
187 188 1
187 280 1
188 184 1
188 186 1
188 187 1
188 299 1
189 86 1
189 190 1
189 191 1
189 205 1
190 64 1
190 189 1
190 194 1
190 209 1
191 87 1
191 189 1
191 192 1
191 210 1
192 68 1
192 191 1
192 194 1
192 212 1
193 171 1
193 175 1
193 194 1
193 287 1
194 190 1
194 192 1
194 193 1
194 308 1
195 74 1
195 177 1
195 196 1
195 198 1
196 93 1
196 195 1
196 197 1
196 217 1
197 178 1
197 196 1
197 295 1
198 75 1
198 179 1
198 195 1
198 200 1
199 81 1
199 183 1
199 201 1
199 204 1
200 100 1
200 198 1
200 202 1
200 217 1
201 101 1
201 199 1
201 203 1
201 223 1
202 180 1
202 200 1
202 203 1
202 300 1
203 184 1
203 201 1
203 202 1
203 302 1
204 82 1
204 185 1
204 199 1
204 206 1
205 88 1
205 189 1
205 207 1
205 210 1
206 109 1
206 204 1
206 208 1
206 223 1
207 110 1
207 205 1
207 209 1
207 229 1
208 186 1
208 206 1
208 209 1
208 309 1
209 190 1
209 207 1
209 208 1
209 311 1
210 89 1
210 191 1
210 205 1
210 211 1
211 115 1
211 210 1
211 212 1
211 229 1
212 192 1
212 211 1
212 317 1
213 120 1
213 214 1
213 215 1
213 231 1
214 94 1
214 213 1
214 218 1
214 233 1
215 121 1
215 213 1
215 216 1
215 234 1
216 102 1
216 215 1
216 218 1
216 238 1
217 196 1
217 200 1
217 218 1
217 321 1
218 214 1
218 216 1
218 217 1
218 342 1
219 127 1
219 220 1
219 221 1
219 235 1
220 103 1
220 219 1
220 224 1
220 239 1
221 128 1
221 219 1
221 222 1
221 240 1
222 111 1
222 221 1
222 224 1
222 244 1
223 201 1
223 206 1
223 224 1
223 328 1
224 220 1
224 222 1
224 223 1
224 347 1
225 134 1
225 226 1
225 227 1
225 241 1
226 112 1
226 225 1
226 230 1
226 245 1
227 135 1
227 225 1
227 228 1
227 246 1
228 116 1
228 227 1
228 230 1
228 248 1
229 207 1
229 211 1
229 230 1
229 335 1
230 226 1
230 228 1
230 229 1
230 356 1
231 122 1
231 213 1
231 232 1
231 234 1
232 138 1
232 231 1
232 233 1
232 249 1
233 214 1
233 232 1
233 343 1
234 123 1
234 215 1
234 231 1
234 236 1
235 129 1
235 219 1
235 237 1
235 240 1
236 139 1
236 234 1
236 238 1
236 249 1
237 140 1
237 235 1
237 239 1
237 250 1
238 216 1
238 236 1
238 239 1
238 348 1
239 220 1
239 237 1
239 238 1
239 350 1
240 130 1
240 221 1
240 235 1
240 242 1
241 136 1
241 225 1
241 243 1
241 246 1
242 141 1
242 240 1
242 244 1
242 250 1
243 142 1
243 241 1
243 245 1
243 251 1
244 222 1
244 242 1
244 245 1
244 357 1
245 226 1
245 243 1
245 244 1
245 359 1
246 137 1
246 227 1
246 241 1
246 247 1
247 143 1
247 246 1
247 248 1
247 251 1
248 228 1
248 247 1
248 365 1
249 232 1
249 236 1
249 369 1
250 237 1
250 242 1
250 376 1
251 243 1
251 247 1
251 383 1
252 148 1
252 254 1
252 258 1
253 161 1
253 254 1
253 274 1
254 252 1
254 253 1
254 255 1
254 276 1
255 254 1
255 397 1
256 153 1
256 260 1
256 265 1
257 166 1
257 258 1
257 259 1
257 275 1
258 252 1
258 257 1
258 261 1
258 277 1
259 167 1
259 257 1
259 260 1
259 281 1
260 256 1
260 259 1
260 262 1
260 283 1
261 258 1
261 262 1
261 399 1
262 260 1
262 261 1
262 402 1
263 158 1
263 267 1
263 271 1
264 172 1
264 265 1
264 266 1
264 282 1
265 256 1
265 264 1
265 268 1
265 284 1
266 173 1
266 264 1
266 267 1
266 288 1
267 263 1
267 266 1
267 269 1
267 290 1
268 265 1
268 269 1
268 404 1
269 267 1
269 268 1
269 407 1
270 176 1
270 271 1
270 289 1
271 263 1
271 270 1
271 272 1
271 291 1
272 271 1
272 409 1
273 181 1
273 274 1
273 275 1
273 294 1
274 253 1
274 273 1
274 278 1
274 297 1
275 257 1
275 273 1
275 279 1
275 304 1
276 254 1
276 277 1
276 278 1
276 396 1
277 258 1
277 276 1
277 279 1
277 398 1
278 274 1
278 276 1
278 279 1
278 411 1
279 275 1
279 277 1
279 278 1
279 414 1
280 187 1
280 281 1
280 282 1
280 299 1
281 259 1
281 280 1
281 285 1
281 305 1
282 264 1
282 280 1
282 286 1
282 313 1
283 260 1
283 284 1
283 285 1
283 401 1
284 265 1
284 283 1
284 286 1
284 403 1
285 281 1
285 283 1
285 286 1
285 415 1
286 282 1
286 284 1
286 285 1
286 420 1
287 193 1
287 288 1
287 289 1
287 308 1
288 266 1
288 287 1
288 292 1
288 314 1
289 270 1
289 287 1
289 293 1
289 319 1
290 267 1
290 291 1
290 292 1
290 406 1
291 271 1
291 290 1
291 293 1
291 408 1
292 288 1
292 290 1
292 293 1
292 421 1
293 289 1
293 291 1
293 292 1
293 426 1
294 182 1
294 273 1
294 296 1
294 301 1
295 197 1
295 296 1
295 322 1
296 294 1
296 295 1
296 298 1
296 324 1
297 274 1
297 298 1
297 412 1
298 296 1
298 297 1
298 430 1
299 188 1
299 280 1
299 303 1
299 310 1
300 202 1
300 301 1
300 302 1
300 323 1
301 294 1
301 300 1
301 306 1
301 325 1
302 203 1
302 300 1
302 303 1
302 329 1
303 299 1
303 302 1
303 307 1
303 331 1
304 275 1
304 305 1
304 306 1
304 416 1
305 281 1
305 304 1
305 307 1
305 417 1
306 301 1
306 304 1
306 307 1
306 432 1
307 303 1
307 305 1
307 306 1
307 436 1
308 194 1
308 287 1
308 312 1
308 318 1
309 208 1
309 310 1
309 311 1
309 330 1
310 299 1
310 309 1
310 315 1
310 332 1
311 209 1
311 309 1
311 312 1
311 336 1
312 308 1
312 311 1
312 316 1
312 338 1
313 282 1
313 314 1
313 315 1
313 422 1
314 288 1
314 313 1
314 316 1
314 423 1
315 310 1
315 313 1
315 316 1
315 438 1
316 312 1
316 314 1
316 315 1
316 442 1
317 212 1
317 318 1
317 337 1
318 308 1
318 317 1
318 320 1
318 339 1
319 289 1
319 320 1
319 427 1
320 318 1
320 319 1
320 444 1
321 217 1
321 322 1
321 323 1
321 342 1
322 295 1
322 321 1
322 326 1
322 345 1
323 300 1
323 321 1
323 327 1
323 352 1
324 296 1
324 325 1
324 326 1
324 429 1
325 301 1
325 324 1
325 327 1
325 431 1
326 322 1
326 324 1
326 327 1
326 447 1
327 323 1
327 325 1
327 326 1
327 450 1
328 223 1
328 329 1
328 330 1
328 347 1
329 302 1
329 328 1
329 333 1
329 353 1
330 309 1
330 328 1
330 334 1
330 361 1
331 303 1
331 332 1
331 333 1
331 435 1
332 310 1
332 331 1
332 334 1
332 437 1
333 329 1
333 331 1
333 334 1
333 451 1
334 330 1
334 332 1
334 333 1
334 456 1
335 229 1
335 336 1
335 337 1
335 356 1
336 311 1
336 335 1
336 340 1
336 362 1
337 317 1
337 335 1
337 341 1
337 367 1
338 312 1
338 339 1
338 340 1
338 441 1
339 318 1
339 338 1
339 341 1
339 443 1
340 336 1
340 338 1
340 341 1
340 457 1
341 337 1
341 339 1
341 340 1
341 462 1
342 218 1
342 321 1
342 344 1
342 349 1
343 233 1
343 344 1
343 370 1
344 342 1
344 343 1
344 346 1
344 372 1
345 322 1
345 346 1
345 448 1
346 344 1
346 345 1
346 466 1
347 224 1
347 328 1
347 351 1
347 358 1
348 238 1
348 349 1
348 350 1
348 371 1
349 342 1
349 348 1
349 354 1
349 373 1
350 239 1
350 348 1
350 351 1
350 377 1
351 347 1
351 350 1
351 355 1
351 379 1
352 323 1
352 353 1
352 354 1
352 452 1
353 329 1
353 352 1
353 355 1
353 453 1
354 349 1
354 352 1
354 355 1
354 468 1
355 351 1
355 353 1
355 354 1
355 472 1
356 230 1
356 335 1
356 360 1
356 366 1
357 244 1
357 358 1
357 359 1
357 378 1
358 347 1
358 357 1
358 363 1
358 380 1
359 245 1
359 357 1
359 360 1
359 384 1
360 356 1
360 359 1
360 364 1
360 386 1
361 330 1
361 362 1
361 363 1
361 458 1
362 336 1
362 361 1
362 364 1
362 459 1
363 358 1
363 361 1
363 364 1
363 474 1
364 360 1
364 362 1
364 363 1
364 478 1
365 248 1
365 366 1
365 385 1
366 356 1
366 365 1
366 368 1
366 387 1
367 337 1
367 368 1
367 463 1
368 366 1
368 367 1
368 480 1
369 249 1
369 370 1
369 371 1
370 343 1
370 369 1
370 374 1
370 390 1
371 348 1
371 369 1
371 375 1
371 391 1
372 344 1
372 373 1
372 374 1
372 465 1
373 349 1
373 372 1
373 375 1
373 467 1
374 370 1
374 372 1
374 375 1
374 483 1
375 371 1
375 373 1
375 374 1
375 486 1
376 250 1
376 377 1
376 378 1
377 350 1
377 376 1
377 381 1
377 392 1
378 357 1
378 376 1
378 382 1
378 393 1
379 351 1
379 380 1
379 381 1
379 471 1
380 358 1
380 379 1
380 382 1
380 473 1
381 377 1
381 379 1
381 382 1
381 487 1
382 378 1
382 380 1
382 381 1
382 492 1
383 251 1
383 384 1
383 385 1
384 359 1
384 383 1
384 388 1
384 394 1
385 365 1
385 383 1
385 389 1
385 395 1
386 360 1
386 387 1
386 388 1
386 477 1
387 366 1
387 386 1
387 389 1
387 479 1
388 384 1
388 386 1
388 389 1
388 493 1
389 385 1
389 387 1
389 388 1
389 498 1
390 370 1
390 484 1
391 371 1
391 392 1
391 488 1
392 377 1
392 391 1
392 489 1
393 378 1
393 394 1
393 494 1
394 384 1
394 393 1
394 495 1
395 385 1
395 499 1
396 276 1
396 397 1
396 398 1
396 411 1
397 255 1
397 396 1
397 400 1
397 413 1
398 277 1
398 396 1
398 399 1
398 414 1
399 261 1
399 398 1
399 400 1
399 418 1
400 397 1
400 399 1
400 504 1
401 283 1
401 402 1
401 403 1
401 415 1
402 262 1
402 401 1
402 405 1
402 419 1
403 284 1
403 401 1
403 404 1
403 420 1
404 268 1
404 403 1
404 405 1
404 424 1
405 402 1
405 404 1
405 508 1
406 290 1
406 407 1
406 408 1
406 421 1
407 269 1
407 406 1
407 410 1
407 425 1
408 291 1
408 406 1
408 409 1
408 426 1
409 272 1
409 408 1
409 410 1
409 428 1
410 407 1
410 409 1
410 515 1
411 278 1
411 396 1
411 412 1
411 414 1
412 297 1
412 411 1
412 413 1
412 433 1
413 397 1
413 412 1
413 505 1
414 279 1
414 398 1
414 411 1
414 416 1
415 285 1
415 401 1
415 417 1
415 420 1
416 304 1
416 414 1
416 418 1
416 433 1
417 305 1
417 415 1
417 419 1
417 439 1
418 399 1
418 416 1
418 419 1
418 509 1
419 402 1
419 417 1
419 418 1
419 511 1
420 286 1
420 403 1
420 415 1
420 422 1
421 292 1
421 406 1
421 423 1
421 426 1
422 313 1
422 420 1
422 424 1
422 439 1
423 314 1
423 421 1
423 425 1
423 445 1
424 404 1
424 422 1
424 425 1
424 516 1
425 407 1
425 423 1
425 424 1
425 518 1
426 293 1
426 408 1
426 421 1
426 427 1
427 319 1
427 426 1
427 428 1
427 445 1
428 409 1
428 427 1
428 522 1
429 324 1
429 430 1
429 431 1
429 447 1
430 298 1
430 429 1
430 434 1
430 449 1
431 325 1
431 429 1
431 432 1
431 450 1
432 306 1
432 431 1
432 434 1
432 454 1
433 412 1
433 416 1
433 434 1
433 525 1
434 430 1
434 432 1
434 433 1
434 546 1
435 331 1
435 436 1
435 437 1
435 451 1
436 307 1
436 435 1
436 440 1
436 455 1
437 332 1
437 435 1
437 438 1
437 456 1
438 315 1
438 437 1
438 440 1
438 460 1
439 417 1
439 422 1
439 440 1
439 532 1
440 436 1
440 438 1
440 439 1
440 551 1
441 338 1
441 442 1
441 443 1
441 457 1
442 316 1
442 441 1
442 446 1
442 461 1
443 339 1
443 441 1
443 444 1
443 462 1
444 320 1
444 443 1
444 446 1
444 464 1
445 423 1
445 427 1
445 446 1
445 539 1
446 442 1
446 444 1
446 445 1
446 560 1
447 326 1
447 429 1
447 448 1
447 450 1
448 345 1
448 447 1
448 449 1
448 469 1
449 430 1
449 448 1
449 547 1
450 327 1
450 431 1
450 447 1
450 452 1
451 333 1
451 435 1
451 453 1
451 456 1
452 352 1
452 450 1
452 454 1
452 469 1
453 353 1
453 451 1
453 455 1
453 475 1
454 432 1
454 452 1
454 455 1
454 552 1
455 436 1
455 453 1
455 454 1
455 554 1
456 334 1
456 437 1
456 451 1
456 458 1
457 340 1
457 441 1
457 459 1
457 462 1
458 361 1
458 456 1
458 460 1
458 475 1
459 362 1
459 457 1
459 461 1
459 481 1
460 438 1
460 458 1
460 461 1
460 561 1
461 442 1
461 459 1
461 460 1
461 563 1
462 341 1
462 443 1
462 457 1
462 463 1
463 367 1
463 462 1
463 464 1
463 481 1
464 444 1
464 463 1
464 569 1
465 372 1
465 466 1
465 467 1
465 483 1
466 346 1
466 465 1
466 470 1
466 485 1
467 373 1
467 465 1
467 468 1
467 486 1
468 354 1
468 467 1
468 470 1
468 490 1
469 448 1
469 452 1
469 470 1
469 573 1
470 466 1
470 468 1
470 469 1
470 594 1
471 379 1
471 472 1
471 473 1
471 487 1
472 355 1
472 471 1
472 476 1
472 491 1
473 380 1
473 471 1
473 474 1
473 492 1
474 363 1
474 473 1
474 476 1
474 496 1
475 453 1
475 458 1
475 476 1
475 580 1
476 472 1
476 474 1
476 475 1
476 599 1
477 386 1
477 478 1
477 479 1
477 493 1
478 364 1
478 477 1
478 482 1
478 497 1
479 387 1
479 477 1
479 480 1
479 498 1
480 368 1
480 479 1
480 482 1
480 500 1
481 459 1
481 463 1
481 482 1
481 587 1
482 478 1
482 480 1
482 481 1
482 608 1
483 374 1
483 465 1
483 484 1
483 486 1
484 390 1
484 483 1
484 485 1
484 501 1
485 466 1
485 484 1
485 595 1
486 375 1
486 467 1
486 483 1
486 488 1
487 381 1
487 471 1
487 489 1
487 492 1
488 391 1
488 486 1
488 490 1
488 501 1
489 392 1
489 487 1
489 491 1
489 502 1
490 468 1
490 488 1
490 491 1
490 600 1
491 472 1
491 489 1
491 490 1
491 602 1
492 382 1
492 473 1
492 487 1
492 494 1
493 388 1
493 477 1
493 495 1
493 498 1
494 393 1
494 492 1
494 496 1
494 502 1
495 394 1
495 493 1
495 497 1
495 503 1
496 474 1
496 494 1
496 497 1
496 609 1
497 478 1
497 495 1
497 496 1
497 611 1
498 389 1
498 479 1
498 493 1
498 499 1
499 395 1
499 498 1
499 500 1
499 503 1
500 480 1
500 499 1
500 617 1
501 484 1
501 488 1
501 621 1
502 489 1
502 494 1
502 628 1
503 495 1
503 499 1
503 635 1
504 400 1
504 506 1
504 510 1
505 413 1
505 506 1
505 526 1
506 504 1
506 505 1
506 507 1
506 528 1
507 506 1
507 649 1
508 405 1
508 512 1
508 517 1
509 418 1
509 510 1
509 511 1
509 527 1
510 504 1
510 509 1
510 513 1
510 529 1
511 419 1
511 509 1
511 512 1
511 533 1
512 508 1
512 511 1
512 514 1
512 535 1
513 510 1
513 514 1
513 651 1
514 512 1
514 513 1
514 654 1
515 410 1
515 519 1
515 523 1
516 424 1
516 517 1
516 518 1
516 534 1
517 508 1
517 516 1
517 520 1
517 536 1
518 425 1
518 516 1
518 519 1
518 540 1
519 515 1
519 518 1
519 521 1
519 542 1
520 517 1
520 521 1
520 656 1
521 519 1
521 520 1
521 659 1
522 428 1
522 523 1
522 541 1
523 515 1
523 522 1
523 524 1
523 543 1
524 523 1
524 661 1
525 433 1
525 526 1
525 527 1
525 546 1
526 505 1
526 525 1
526 530 1
526 549 1
527 509 1
527 525 1
527 531 1
527 556 1
528 506 1
528 529 1
528 530 1
528 648 1
529 510 1
529 528 1
529 531 1
529 650 1
530 526 1
530 528 1
530 531 1
530 663 1
531 527 1
531 529 1
531 530 1
531 666 1
532 439 1
532 533 1
532 534 1
532 551 1
533 511 1
533 532 1
533 537 1
533 557 1
534 516 1
534 532 1
534 538 1
534 565 1
535 512 1
535 536 1
535 537 1
535 653 1
536 517 1
536 535 1
536 538 1
536 655 1
537 533 1
537 535 1
537 538 1
537 667 1
538 534 1
538 536 1
538 537 1
538 672 1
539 445 1
539 540 1
539 541 1
539 560 1
540 518 1
540 539 1
540 544 1
540 566 1
541 522 1
541 539 1
541 545 1
541 571 1
542 519 1
542 543 1
542 544 1
542 658 1
543 523 1
543 542 1
543 545 1
543 660 1
544 540 1
544 542 1
544 545 1
544 673 1
545 541 1
545 543 1
545 544 1
545 678 1
546 434 1
546 525 1
546 548 1
546 553 1
547 449 1
547 548 1
547 574 1
548 546 1
548 547 1
548 550 1
548 576 1
549 526 1
549 550 1
549 664 1
550 548 1
550 549 1
550 682 1
551 440 1
551 532 1
551 555 1
551 562 1
552 454 1
552 553 1
552 554 1
552 575 1
553 546 1
553 552 1
553 558 1
553 577 1
554 455 1
554 552 1
554 555 1
554 581 1
555 551 1
555 554 1
555 559 1
555 583 1
556 527 1
556 557 1
556 558 1
556 668 1
557 533 1
557 556 1
557 559 1
557 669 1
558 553 1
558 556 1
558 559 1
558 684 1
559 555 1
559 557 1
559 558 1
559 688 1
560 446 1
560 539 1
560 564 1
560 570 1
561 460 1
561 562 1
561 563 1
561 582 1
562 551 1
562 561 1
562 567 1
562 584 1
563 461 1
563 561 1
563 564 1
563 588 1
564 560 1
564 563 1
564 568 1
564 590 1
565 534 1
565 566 1
565 567 1
565 674 1
566 540 1
566 565 1
566 568 1
566 675 1
567 562 1
567 565 1
567 568 1
567 690 1
568 564 1
568 566 1
568 567 1
568 694 1
569 464 1
569 570 1
569 589 1
570 560 1
570 569 1
570 572 1
570 591 1
571 541 1
571 572 1
571 679 1
572 570 1
572 571 1
572 696 1
573 469 1
573 574 1
573 575 1
573 594 1
574 547 1
574 573 1
574 578 1
574 597 1
575 552 1
575 573 1
575 579 1
575 604 1
576 548 1
576 577 1
576 578 1
576 681 1
577 553 1
577 576 1
577 579 1
577 683 1
578 574 1
578 576 1
578 579 1
578 699 1
579 575 1
579 577 1
579 578 1
579 702 1
580 475 1
580 581 1
580 582 1
580 599 1
581 554 1
581 580 1
581 585 1
581 605 1
582 561 1
582 580 1
582 586 1
582 613 1
583 555 1
583 584 1
583 585 1
583 687 1
584 562 1
584 583 1
584 586 1
584 689 1
585 581 1
585 583 1
585 586 1
585 703 1
586 582 1
586 584 1
586 585 1
586 708 1
587 481 1
587 588 1
587 589 1
587 608 1
588 563 1
588 587 1
588 592 1
588 614 1
589 569 1
589 587 1
589 593 1
589 619 1
590 564 1
590 591 1
590 592 1
590 693 1
591 570 1
591 590 1
591 593 1
591 695 1
592 588 1
592 590 1
592 593 1
592 709 1
593 589 1
593 591 1
593 592 1
593 714 1
594 470 1
594 573 1
594 596 1
594 601 1
595 485 1
595 596 1
595 622 1
596 594 1
596 595 1
596 598 1
596 624 1
597 574 1
597 598 1
597 700 1
598 596 1
598 597 1
598 718 1
599 476 1
599 580 1
599 603 1
599 610 1
600 490 1
600 601 1
600 602 1
600 623 1
601 594 1
601 600 1
601 606 1
601 625 1
602 491 1
602 600 1
602 603 1
602 629 1
603 599 1
603 602 1
603 607 1
603 631 1
604 575 1
604 605 1
604 606 1
604 704 1
605 581 1
605 604 1
605 607 1
605 705 1
606 601 1
606 604 1
606 607 1
606 720 1
607 603 1
607 605 1
607 606 1
607 724 1
608 482 1
608 587 1
608 612 1
608 618 1
609 496 1
609 610 1
609 611 1
609 630 1
610 599 1
610 609 1
610 615 1
610 632 1
611 497 1
611 609 1
611 612 1
611 636 1
612 608 1
612 611 1
612 616 1
612 638 1
613 582 1
613 614 1
613 615 1
613 710 1
614 588 1
614 613 1
614 616 1
614 711 1
615 610 1
615 613 1
615 616 1
615 726 1
616 612 1
616 614 1
616 615 1
616 730 1
617 500 1
617 618 1
617 637 1
618 608 1
618 617 1
618 620 1
618 639 1
619 589 1
619 620 1
619 715 1
620 618 1
620 619 1
620 732 1
621 501 1
621 622 1
621 623 1
622 595 1
622 621 1
622 626 1
622 642 1
623 600 1
623 621 1
623 627 1
623 643 1
624 596 1
624 625 1
624 626 1
624 717 1
625 601 1
625 624 1
625 627 1
625 719 1
626 622 1
626 624 1
626 627 1
626 735 1
627 623 1
627 625 1
627 626 1
627 738 1
628 502 1
628 629 1
628 630 1
629 602 1
629 628 1
629 633 1
629 644 1
630 609 1
630 628 1
630 634 1
630 645 1
631 603 1
631 632 1
631 633 1
631 723 1
632 610 1
632 631 1
632 634 1
632 725 1
633 629 1
633 631 1
633 634 1
633 739 1
634 630 1
634 632 1
634 633 1
634 744 1
635 503 1
635 636 1
635 637 1
636 611 1
636 635 1
636 640 1
636 646 1
637 617 1
637 635 1
637 641 1
637 647 1
638 612 1
638 639 1
638 640 1
638 729 1
639 618 1
639 638 1
639 641 1
639 731 1
640 636 1
640 638 1
640 641 1
640 745 1
641 637 1
641 639 1
641 640 1
641 750 1
642 622 1
642 736 1
643 623 1
643 644 1
643 740 1
644 629 1
644 643 1
644 741 1
645 630 1
645 646 1
645 746 1
646 636 1
646 645 1
646 747 1
647 637 1
647 751 1
648 528 1
648 649 1
648 650 1
648 663 1
649 507 1
649 648 1
649 652 1
649 665 1
650 529 1
650 648 1
650 651 1
650 666 1
651 513 1
651 650 1
651 652 1
651 670 1
652 649 1
652 651 1
653 535 1
653 654 1
653 655 1
653 667 1
654 514 1
654 653 1
654 657 1
654 671 1
655 536 1
655 653 1
655 656 1
655 672 1
656 520 1
656 655 1
656 657 1
656 676 1
657 654 1
657 656 1
658 542 1
658 659 1
658 660 1
658 673 1
659 521 1
659 658 1
659 662 1
659 677 1
660 543 1
660 658 1
660 661 1
660 678 1
661 524 1
661 660 1
661 662 1
661 680 1
662 659 1
662 661 1
663 530 1
663 648 1
663 664 1
663 666 1
664 549 1
664 663 1
664 665 1
664 685 1
665 649 1
665 664 1
666 531 1
666 650 1
666 663 1
666 668 1
667 537 1
667 653 1
667 669 1
667 672 1
668 556 1
668 666 1
668 670 1
668 685 1
669 557 1
669 667 1
669 671 1
669 691 1
670 651 1
670 668 1
670 671 1
671 654 1
671 669 1
671 670 1
672 538 1
672 655 1
672 667 1
672 674 1
673 544 1
673 658 1
673 675 1
673 678 1
674 565 1
674 672 1
674 676 1
674 691 1
675 566 1
675 673 1
675 677 1
675 697 1
676 656 1
676 674 1
676 677 1
677 659 1
677 675 1
677 676 1
678 545 1
678 660 1
678 673 1
678 679 1
679 571 1
679 678 1
679 680 1
679 697 1
680 661 1
680 679 1
681 576 1
681 682 1
681 683 1
681 699 1
682 550 1
682 681 1
682 686 1
682 701 1
683 577 1
683 681 1
683 684 1
683 702 1
684 558 1
684 683 1
684 686 1
684 706 1
685 664 1
685 668 1
685 686 1
686 682 1
686 684 1
686 685 1
687 583 1
687 688 1
687 689 1
687 703 1
688 559 1
688 687 1
688 692 1
688 707 1
689 584 1
689 687 1
689 690 1
689 708 1
690 567 1
690 689 1
690 692 1
690 712 1
691 669 1
691 674 1
691 692 1
692 688 1
692 690 1
692 691 1
693 590 1
693 694 1
693 695 1
693 709 1
694 568 1
694 693 1
694 698 1
694 713 1
695 591 1
695 693 1
695 696 1
695 714 1
696 572 1
696 695 1
696 698 1
696 716 1
697 675 1
697 679 1
697 698 1
698 694 1
698 696 1
698 697 1
699 578 1
699 681 1
699 700 1
699 702 1
700 597 1
700 699 1
700 701 1
700 721 1
701 682 1
701 700 1
702 579 1
702 683 1
702 699 1
702 704 1
703 585 1
703 687 1
703 705 1
703 708 1
704 604 1
704 702 1
704 706 1
704 721 1
705 605 1
705 703 1
705 707 1
705 727 1
706 684 1
706 704 1
706 707 1
707 688 1
707 705 1
707 706 1
708 586 1
708 689 1
708 703 1
708 710 1
709 592 1
709 693 1
709 711 1
709 714 1
710 613 1
710 708 1
710 712 1
710 727 1
711 614 1
711 709 1
711 713 1
711 733 1
712 690 1
712 710 1
712 713 1
713 694 1
713 711 1
713 712 1
714 593 1
714 695 1
714 709 1
714 715 1
715 619 1
715 714 1
715 716 1
715 733 1
716 696 1
716 715 1
717 624 1
717 718 1
717 719 1
717 735 1
718 598 1
718 717 1
718 722 1
718 737 1
719 625 1
719 717 1
719 720 1
719 738 1
720 606 1
720 719 1
720 722 1
720 742 1
721 700 1
721 704 1
721 722 1
722 718 1
722 720 1
722 721 1
723 631 1
723 724 1
723 725 1
723 739 1
724 607 1
724 723 1
724 728 1
724 743 1
725 632 1
725 723 1
725 726 1
725 744 1
726 615 1
726 725 1
726 728 1
726 748 1
727 705 1
727 710 1
727 728 1
728 724 1
728 726 1
728 727 1
729 638 1
729 730 1
729 731 1
729 745 1
730 616 1
730 729 1
730 734 1
730 749 1
731 639 1
731 729 1
731 732 1
731 750 1
732 620 1
732 731 1
732 734 1
732 752 1
733 711 1
733 715 1
733 734 1
734 730 1
734 732 1
734 733 1
735 626 1
735 717 1
735 736 1
735 738 1
736 642 1
736 735 1
736 737 1
736 753 1
737 718 1
737 736 1
738 627 1
738 719 1
738 735 1
738 740 1
739 633 1
739 723 1
739 741 1
739 744 1
740 643 1
740 738 1
740 742 1
740 753 1
741 644 1
741 739 1
741 743 1
741 754 1
742 720 1
742 740 1
742 743 1
743 724 1
743 741 1
743 742 1
744 634 1
744 725 1
744 739 1
744 746 1
745 640 1
745 729 1
745 747 1
745 750 1
746 645 1
746 744 1
746 748 1
746 754 1
747 646 1
747 745 1
747 749 1
747 755 1
748 726 1
748 746 1
748 749 1
749 730 1
749 747 1
749 748 1
750 641 1
750 731 1
750 745 1
750 751 1
751 647 1
751 750 1
751 752 1
751 755 1
752 732 1
752 751 1
753 736 1
753 740 1
754 741 1
754 746 1
755 747 1
755 751 1
