# B2
0,0,1
0,1,1
1,0,-1
1,2,1
1,3,1
1,4,1
2,2,-1
2,5,1
3,1,-1
3,3,-1
3,6,1
3,7,1
4,4,-1
4,5,-1
4,6,-1
4,8,1
5,7,-1
5,8,-1
6,9,1
6,10,1
7,0,1
7,11,1
7,12,1
7,13,1
8,9,-1
8,14,1
8,15,1
8,16,1
9,11,-1
9,14,-1
9,17,1
10,1,1
10,12,-1
10,18,1
10,19,1
11,10,-1
11,15,-1
11,20,1
11,21,1
12,13,-1
12,16,-1
12,17,-1
12,18,-1
12,20,-1
12,22,1
13,19,-1
13,21,-1
13,22,-1
14,23,1
14,24,1
15,9,1
15,25,1
15,26,1
15,27,1
16,23,-1
16,28,1
16,29,1
16,30,1
17,25,-1
17,28,-1
17,31,1
18,10,1
18,26,-1
18,32,1
18,33,1
19,24,-1
19,29,-1
19,34,1
19,35,1
20,27,-1
20,30,-1
20,31,-1
20,32,-1
20,34,-1
20,36,1
21,33,-1
21,35,-1
21,36,-1
22,23,1
22,37,1
22,38,1
22,39,1
23,37,-1
23,40,1
24,24,1
24,38,-1
24,41,1
24,42,1
25,39,-1
25,40,-1
25,41,-1
25,43,1
26,42,-1
26,43,-1
27,2,1
27,44,1
27,45,1
27,46,1
28,11,1
28,44,-1
28,47,1
28,48,1
29,3,1
29,12,1
29,49,1
29,50,1
29,51,1
30,4,1
30,45,-1
30,49,-1
30,52,1
30,53,1
31,50,-1
31,52,-1
31,54,1
31,55,1
32,13,1
32,47,-1
32,51,-1
32,54,-1
32,56,1
33,46,-1
33,48,-1
33,53,-1
33,55,-1
33,56,-1
34,14,1
34,57,1
34,58,1
34,59,1
35,25,1
35,57,-1
35,60,1
35,61,1
36,15,1
36,26,1
36,62,1
36,63,1
36,64,1
37,16,1
37,58,-1
37,62,-1
37,65,1
37,66,1
38,63,-1
38,65,-1
38,67,1
38,68,1
39,27,1
39,60,-1
39,64,-1
39,67,-1
39,69,1
40,59,-1
40,61,-1
40,66,-1
40,68,-1
40,69,-1
41,28,1
41,70,1
41,71,1
41,72,1
42,37,1
42,70,-1
42,73,1
42,74,1
43,29,1
43,38,1
43,75,1
43,76,1
43,77,1
44,30,1
44,71,-1
44,75,-1
44,78,1
44,79,1
45,76,-1
45,78,-1
45,80,1
45,81,1
46,39,1
46,73,-1
46,77,-1
46,80,-1
46,82,1
47,72,-1
47,74,-1
47,79,-1
47,81,-1
47,82,-1
48,44,1
48,83,1
48,84,1
49,83,-1
49,85,1
49,86,1
49,87,1
50,85,-1
50,88,1
51,5,1
51,45,1
51,89,1
51,90,1
52,46,1
52,84,-1
52,86,-1
52,89,-1
52,91,1
52,92,1
53,87,-1
53,88,-1
53,91,-1
53,93,1
54,90,-1
54,92,-1
54,93,-1
55,57,1
55,94,1
55,95,1
56,83,1
56,96,1
56,97,1
56,98,1
57,94,-1
57,99,1
57,100,1
57,101,1
58,96,-1
58,99,-1
58,102,1
59,17,1
59,47,1
59,58,1
59,103,1
59,104,1
59,105,1
60,48,1
60,84,1
60,97,-1
60,103,-1
60,106,1
60,107,1
61,59,1
61,95,-1
61,100,-1
61,104,-1
61,108,1
61,109,1
62,98,-1
62,101,-1
62,102,-1
62,106,-1
62,108,-1
62,110,1
63,105,-1
63,107,-1
63,109,-1
63,110,-1
64,70,1
64,111,1
64,112,1
65,94,1
65,113,1
65,114,1
65,115,1
66,111,-1
66,116,1
66,117,1
66,118,1
67,113,-1
67,116,-1
67,119,1
68,31,1
68,60,1
68,71,1
68,120,1
68,121,1
68,122,1
69,61,1
69,95,1
69,114,-1
69,120,-1
69,123,1
69,124,1
70,72,1
70,112,-1
70,117,-1
70,121,-1
70,125,1
70,126,1
71,115,-1
71,118,-1
71,119,-1
71,123,-1
71,125,-1
71,127,1
72,122,-1
72,124,-1
72,126,-1
72,127,-1
73,111,1
73,128,1
73,129,1
73,130,1
74,128,-1
74,131,1
75,40,1
75,73,1
75,132,1
75,133,1
76,74,1
76,112,1
76,129,-1
76,132,-1
76,134,1
76,135,1
77,130,-1
77,131,-1
77,134,-1
77,136,1
78,133,-1
78,135,-1
78,136,-1
79,85,1
79,137,1
79,138,1
79,139,1
80,96,1
80,137,-1
80,140,1
80,141,1
81,86,1
81,97,1
81,142,1
81,143,1
81,144,1
82,87,1
82,138,-1
82,142,-1
82,145,1
82,146,1
83,143,-1
83,145,-1
83,147,1
83,148,1
84,98,1
84,140,-1
84,144,-1
84,147,-1
84,149,1
85,139,-1
85,141,-1
85,146,-1
85,148,-1
85,149,-1
86,99,1
86,150,1
86,151,1
86,152,1
87,113,1
87,150,-1
87,153,1
87,154,1
88,100,1
88,114,1
88,155,1
88,156,1
88,157,1
89,101,1
89,151,-1
89,155,-1
89,158,1
89,159,1
90,156,-1
90,158,-1
90,160,1
90,161,1
91,115,1
91,153,-1
91,157,-1
91,160,-1
91,162,1
92,152,-1
92,154,-1
92,159,-1
92,161,-1
92,162,-1
93,116,1
93,163,1
93,164,1
93,165,1
94,128,1
94,163,-1
94,166,1
94,167,1
95,117,1
95,129,1
95,168,1
95,169,1
95,170,1
96,118,1
96,164,-1
96,168,-1
96,171,1
96,172,1
97,169,-1
97,171,-1
97,173,1
97,174,1
98,130,1
98,166,-1
98,170,-1
98,173,-1
98,175,1
99,165,-1
99,167,-1
99,172,-1
99,174,-1
99,175,-1
100,137,1
100,176,1
100,177,1
101,176,-1
101,178,1
101,179,1
101,180,1
102,178,-1
102,181,1
103,88,1
103,138,1
103,182,1
103,183,1
104,139,1
104,177,-1
104,179,-1
104,182,-1
104,184,1
104,185,1
105,180,-1
105,181,-1
105,184,-1
105,186,1
106,183,-1
106,185,-1
106,186,-1
107,150,1
107,187,1
107,188,1
108,176,1
108,189,1
108,190,1
108,191,1
109,187,-1
109,192,1
109,193,1
109,194,1
110,189,-1
110,192,-1
110,195,1
111,102,1
111,140,1
111,151,1
111,196,1
111,197,1
111,198,1
112,141,1
112,177,1
112,190,-1
112,196,-1
112,199,1
112,200,1
113,152,1
113,188,-1
113,193,-1
113,197,-1
113,201,1
113,202,1
114,191,-1
114,194,-1
114,195,-1
114,199,-1
114,201,-1
114,203,1
115,198,-1
115,200,-1
115,202,-1
115,203,-1
116,163,1
116,204,1
116,205,1
117,187,1
117,206,1
117,207,1
117,208,1
118,204,-1
118,209,1
118,210,1
118,211,1
119,206,-1
119,209,-1
119,212,1
120,119,1
120,153,1
120,164,1
120,213,1
120,214,1
120,215,1
121,154,1
121,188,1
121,207,-1
121,213,-1
121,216,1
121,217,1
122,165,1
122,205,-1
122,210,-1
122,214,-1
122,218,1
122,219,1
123,208,-1
123,211,-1
123,212,-1
123,216,-1
123,218,-1
123,220,1
124,215,-1
124,217,-1
124,219,-1
124,220,-1
125,204,1
125,221,1
125,222,1
125,223,1
126,221,-1
126,224,1
127,131,1
127,166,1
127,225,1
127,226,1
128,167,1
128,205,1
128,222,-1
128,225,-1
128,227,1
128,228,1
129,223,-1
129,224,-1
129,227,-1
129,229,1
130,226,-1
130,228,-1
130,229,-1
131,178,1
131,230,1
131,231,1
131,232,1
132,189,1
132,230,-1
132,233,1
132,234,1
133,179,1
133,190,1
133,235,1
133,236,1
133,237,1
134,180,1
134,231,-1
134,235,-1
134,238,1
134,239,1
135,236,-1
135,238,-1
135,240,1
135,241,1
136,191,1
136,233,-1
136,237,-1
136,240,-1
136,242,1
137,232,-1
137,234,-1
137,239,-1
137,241,-1
137,242,-1
138,192,1
138,243,1
138,244,1
138,245,1
139,206,1
139,243,-1
139,246,1
139,247,1
140,193,1
140,207,1
140,248,1
140,249,1
140,250,1
141,194,1
141,244,-1
141,248,-1
141,251,1
141,252,1
142,249,-1
142,251,-1
142,253,1
142,254,1
143,208,1
143,246,-1
143,250,-1
143,253,-1
143,255,1
144,245,-1
144,247,-1
144,252,-1
144,254,-1
144,255,-1
145,209,1
145,256,1
145,257,1
145,258,1
146,221,1
146,256,-1
146,259,1
146,260,1
147,210,1
147,222,1
147,261,1
147,262,1
147,263,1
148,211,1
148,257,-1
148,261,-1
148,264,1
148,265,1
149,262,-1
149,264,-1
149,266,1
149,267,1
150,223,1
150,259,-1
150,263,-1
150,266,-1
150,268,1
151,258,-1
151,260,-1
151,265,-1
151,267,-1
151,268,-1
152,230,1
152,269,1
153,181,1
153,231,1
153,270,1
153,271,1
154,232,1
154,269,-1
154,270,-1
154,272,1
155,271,-1
155,272,-1
156,243,1
156,273,1
157,195,1
157,233,1
157,244,1
157,274,1
157,275,1
157,276,1
158,234,1
158,269,1
158,274,-1
158,277,1
159,245,1
159,273,-1
159,275,-1
159,278,1
160,276,-1
160,277,-1
160,278,-1
161,256,1
161,279,1
162,212,1
162,246,1
162,257,1
162,280,1
162,281,1
162,282,1
163,247,1
163,273,1
163,280,-1
163,283,1
164,258,1
164,279,-1
164,281,-1
164,284,1
165,282,-1
165,283,-1
165,284,-1
166,224,1
166,259,1
166,285,1
166,286,1
167,260,1
167,279,1
167,285,-1
167,287,1
168,286,-1
168,287,-1
169,6,1
169,49,1
169,288,1
169,289,1
169,290,1
170,50,1
170,288,-1
170,291,1
170,292,1
171,18,1
171,51,1
171,291,-1
171,293,1
171,294,1
172,7,1
172,289,-1
172,295,1
172,296,1
173,19,1
173,293,-1
173,295,-1
173,297,1
174,290,-1
174,292,-1
174,294,-1
174,296,-1
174,297,-1
175,20,1
175,62,1
175,298,1
175,299,1
175,300,1
176,63,1
176,298,-1
176,301,1
176,302,1
177,32,1
177,64,1
177,301,-1
177,303,1
177,304,1
178,21,1
178,299,-1
178,305,1
178,306,1
179,33,1
179,303,-1
179,305,-1
179,307,1
180,300,-1
180,302,-1
180,304,-1
180,306,-1
180,307,-1
181,34,1
181,75,1
181,308,1
181,309,1
181,310,1
182,76,1
182,308,-1
182,311,1
182,312,1
183,41,1
183,77,1
183,311,-1
183,313,1
183,314,1
184,35,1
184,309,-1
184,315,1
184,316,1
185,42,1
185,313,-1
185,315,-1
185,317,1
186,310,-1
186,312,-1
186,314,-1
186,316,-1
186,317,-1
187,52,1
187,288,1
187,318,1
187,319,1
188,53,1
188,89,1
188,318,-1
188,320,1
188,321,1
189,8,1
189,289,1
189,322,1
189,323,1
190,290,1
190,319,-1
190,320,-1
190,322,-1
190,324,1
191,90,1
191,321,-1
191,323,-1
191,324,-1
192,54,1
192,291,1
192,325,1
192,326,1
193,55,1
193,318,1
193,325,-1
193,327,1
194,292,1
194,319,1
194,326,-1
194,327,-1
195,65,1
195,298,1
195,328,1
195,329,1
196,56,1
196,103,1
196,325,1
196,330,1
196,331,1
197,66,1
197,104,1
197,328,-1
197,332,1
197,333,1
198,22,1
198,293,1
198,299,1
198,334,1
198,335,1
198,336,1
199,294,1
199,326,1
199,330,-1
199,334,-1
199,337,1
200,300,1
200,329,-1
200,332,-1
200,335,-1
200,338,1
201,105,1
201,331,-1
201,333,-1
201,336,-1
201,337,-1
201,338,-1
202,67,1
202,301,1
202,339,1
202,340,1
203,68,1
203,328,1
203,339,-1
203,341,1
204,302,1
204,329,1
204,340,-1
204,341,-1
205,78,1
205,308,1
205,342,1
205,343,1
206,69,1
206,120,1
206,339,1
206,344,1
206,345,1
207,79,1
207,121,1
207,342,-1
207,346,1
207,347,1
208,36,1
208,303,1
208,309,1
208,348,1
208,349,1
208,350,1
209,304,1
209,340,1
209,344,-1
209,348,-1
209,351,1
210,310,1
210,343,-1
210,346,-1
210,349,-1
210,352,1
211,122,1
211,345,-1
211,347,-1
211,350,-1
211,351,-1
211,352,-1
212,80,1
212,311,1
212,353,1
212,354,1
213,81,1
213,342,1
213,353,-1
213,355,1
214,312,1
214,343,1
214,354,-1
214,355,-1
215,82,1
215,132,1
215,353,1
215,356,1
215,357,1
216,43,1
216,313,1
216,358,1
216,359,1
217,314,1
217,354,1
217,356,-1
217,358,-1
217,360,1
218,133,1
218,357,-1
218,359,-1
218,360,-1
219,91,1
219,142,1
219,361,1
219,362,1
219,363,1
220,143,1
220,361,-1
220,364,1
220,365,1
221,106,1
221,144,1
221,364,-1
221,366,1
221,367,1
222,320,1
222,327,1
222,330,1
222,368,1
222,369,1
223,92,1
223,321,1
223,362,-1
223,368,-1
223,370,1
223,371,1
224,107,1
224,331,1
224,366,-1
224,369,-1
224,370,-1
224,372,1
225,363,-1
225,365,-1
225,367,-1
225,371,-1
225,372,-1
226,108,1
226,155,1
226,373,1
226,374,1
226,375,1
227,156,1
227,373,-1
227,376,1
227,377,1
228,123,1
228,157,1
228,376,-1
228,378,1
228,379,1
229,332,1
229,341,1
229,344,1
229,380,1
229,381,1
230,109,1
230,333,1
230,374,-1
230,380,-1
230,382,1
230,383,1
231,124,1
231,345,1
231,378,-1
231,381,-1
231,382,-1
231,384,1
232,375,-1
232,377,-1
232,379,-1
232,383,-1
232,384,-1
233,125,1
233,168,1
233,385,1
233,386,1
233,387,1
234,169,1
234,385,-1
234,388,1
234,389,1
235,134,1
235,170,1
235,388,-1
235,390,1
235,391,1
236,346,1
236,355,1
236,356,1
236,392,1
236,393,1
237,126,1
237,347,1
237,386,-1
237,392,-1
237,394,1
237,395,1
238,135,1
238,357,1
238,390,-1
238,393,-1
238,394,-1
238,396,1
239,387,-1
239,389,-1
239,391,-1
239,395,-1
239,396,-1
240,145,1
240,361,1
240,397,1
240,398,1
241,146,1
241,182,1
241,397,-1
241,399,1
241,400,1
242,93,1
242,362,1
242,401,1
242,402,1
243,363,1
243,398,-1
243,399,-1
243,401,-1
243,403,1
244,183,1
244,400,-1
244,402,-1
244,403,-1
245,147,1
245,364,1
245,404,1
245,405,1
246,148,1
246,397,1
246,404,-1
246,406,1
247,365,1
247,398,1
247,405,-1
247,406,-1
248,158,1
248,373,1
248,407,1
248,408,1
249,149,1
249,196,1
249,404,1
249,409,1
249,410,1
250,159,1
250,197,1
250,407,-1
250,411,1
250,412,1
251,110,1
251,366,1
251,374,1
251,413,1
251,414,1
251,415,1
252,367,1
252,405,1
252,409,-1
252,413,-1
252,416,1
253,375,1
253,408,-1
253,411,-1
253,414,-1
253,417,1
254,198,1
254,410,-1
254,412,-1
254,415,-1
254,416,-1
254,417,-1
255,160,1
255,376,1
255,418,1
255,419,1
256,161,1
256,407,1
256,418,-1
256,420,1
257,377,1
257,408,1
257,419,-1
257,420,-1
258,171,1
258,385,1
258,421,1
258,422,1
259,162,1
259,213,1
259,418,1
259,423,1
259,424,1
260,172,1
260,214,1
260,421,-1
260,425,1
260,426,1
261,127,1
261,378,1
261,386,1
261,427,1
261,428,1
261,429,1
262,379,1
262,419,1
262,423,-1
262,427,-1
262,430,1
263,387,1
263,422,-1
263,425,-1
263,428,-1
263,431,1
264,215,1
264,424,-1
264,426,-1
264,429,-1
264,430,-1
264,431,-1
265,173,1
265,388,1
265,432,1
265,433,1
266,174,1
266,421,1
266,432,-1
266,434,1
267,389,1
267,422,1
267,433,-1
267,434,-1
268,175,1
268,225,1
268,432,1
268,435,1
268,436,1
269,136,1
269,390,1
269,437,1
269,438,1
270,391,1
270,433,1
270,435,-1
270,437,-1
270,439,1
271,226,1
271,436,-1
271,438,-1
271,439,-1
272,184,1
272,235,1
272,440,1
272,441,1
272,442,1
273,236,1
273,440,-1
273,443,1
273,444,1
274,199,1
274,237,1
274,443,-1
274,445,1
274,446,1
275,399,1
275,406,1
275,409,1
275,447,1
275,448,1
276,185,1
276,400,1
276,441,-1
276,447,-1
276,449,1
276,450,1
277,200,1
277,410,1
277,445,-1
277,448,-1
277,449,-1
277,451,1
278,442,-1
278,444,-1
278,446,-1
278,450,-1
278,451,-1
279,201,1
279,248,1
279,452,1
279,453,1
279,454,1
280,249,1
280,452,-1
280,455,1
280,456,1
281,216,1
281,250,1
281,455,-1
281,457,1
281,458,1
282,411,1
282,420,1
282,423,1
282,459,1
282,460,1
283,202,1
283,412,1
283,453,-1
283,459,-1
283,461,1
283,462,1
284,217,1
284,424,1
284,457,-1
284,460,-1
284,461,-1
284,463,1
285,454,-1
285,456,-1
285,458,-1
285,462,-1
285,463,-1
286,218,1
286,261,1
286,464,1
286,465,1
286,466,1
287,262,1
287,464,-1
287,467,1
287,468,1
288,227,1
288,263,1
288,467,-1
288,469,1
288,470,1
289,425,1
289,434,1
289,435,1
289,471,1
289,472,1
290,219,1
290,426,1
290,465,-1
290,471,-1
290,473,1
290,474,1
291,228,1
291,436,1
291,469,-1
291,472,-1
291,473,-1
291,475,1
292,466,-1
292,468,-1
292,470,-1
292,474,-1
292,475,-1
293,238,1
293,440,1
293,476,1
293,477,1
294,239,1
294,270,1
294,476,-1
294,478,1
294,479,1
295,186,1
295,441,1
295,480,1
295,481,1
296,442,1
296,477,-1
296,478,-1
296,480,-1
296,482,1
297,271,1
297,479,-1
297,481,-1
297,482,-1
298,240,1
298,443,1
298,483,1
298,484,1
299,241,1
299,476,1
299,483,-1
299,485,1
300,444,1
300,477,1
300,484,-1
300,485,-1
301,251,1
301,452,1
301,486,1
301,487,1
302,242,1
302,274,1
302,483,1
302,488,1
302,489,1
303,252,1
303,275,1
303,486,-1
303,490,1
303,491,1
304,203,1
304,445,1
304,453,1
304,492,1
304,493,1
304,494,1
305,446,1
305,484,1
305,488,-1
305,492,-1
305,495,1
306,454,1
306,487,-1
306,490,-1
306,493,-1
306,496,1
307,276,1
307,489,-1
307,491,-1
307,494,-1
307,495,-1
307,496,-1
308,253,1
308,455,1
308,497,1
308,498,1
309,254,1
309,486,1
309,497,-1
309,499,1
310,456,1
310,487,1
310,498,-1
310,499,-1
311,264,1
311,464,1
311,500,1
311,501,1
312,255,1
312,280,1
312,497,1
312,502,1
312,503,1
313,265,1
313,281,1
313,500,-1
313,504,1
313,505,1
314,220,1
314,457,1
314,465,1
314,506,1
314,507,1
314,508,1
315,458,1
315,498,1
315,502,-1
315,506,-1
315,509,1
316,466,1
316,501,-1
316,504,-1
316,507,-1
316,510,1
317,282,1
317,503,-1
317,505,-1
317,508,-1
317,509,-1
317,510,-1
318,266,1
318,467,1
318,511,1
318,512,1
319,267,1
319,500,1
319,511,-1
319,513,1
320,468,1
320,501,1
320,512,-1
320,513,-1
321,268,1
321,285,1
321,511,1
321,514,1
321,515,1
322,229,1
322,469,1
322,516,1
322,517,1
323,470,1
323,512,1
323,514,-1
323,516,-1
323,518,1
324,286,1
324,515,-1
324,517,-1
324,518,-1
325,478,1
325,485,1
325,488,1
325,519,1
325,520,1
326,272,1
326,479,1
326,519,-1
326,521,1
327,277,1
327,489,1
327,520,-1
327,521,-1
328,490,1
328,499,1
328,502,1
328,522,1
328,523,1
329,278,1
329,491,1
329,522,-1
329,524,1
330,283,1
330,503,1
330,523,-1
330,524,-1
331,504,1
331,513,1
331,514,1
331,525,1
331,526,1
332,284,1
332,505,1
332,525,-1
332,527,1
333,287,1
333,515,1
333,526,-1
333,527,-1
334,295,1
334,528,1
334,529,1
335,296,1
335,322,1
335,528,-1
335,530,1
335,531,1
335,532,1
336,323,1
336,530,-1
336,533,1
337,529,-1
337,531,-1
337,534,1
337,535,1
338,532,-1
338,533,-1
338,534,-1
338,536,1
339,535,-1
339,536,-1
340,305,1
340,537,1
340,538,1
341,297,1
341,334,1
341,528,1
341,539,1
341,540,1
341,541,1
342,306,1
342,335,1
342,537,-1
342,542,1
342,543,1
342,544,1
343,336,1
343,539,-1
343,542,-1
343,545,1
344,529,1
344,540,-1
344,546,1
344,547,1
345,538,-1
345,543,-1
345,548,1
345,549,1
346,541,-1
346,544,-1
346,545,-1
346,546,-1
346,548,-1
346,550,1
347,547,-1
347,549,-1
347,550,-1
348,315,1
348,551,1
348,552,1
349,307,1
349,348,1
349,537,1
349,553,1
349,554,1
349,555,1
350,316,1
350,349,1
350,551,-1
350,556,1
350,557,1
350,558,1
351,350,1
351,553,-1
351,556,-1
351,559,1
352,538,1
352,554,-1
352,560,1
352,561,1
353,552,-1
353,557,-1
353,562,1
353,563,1
354,555,-1
354,558,-1
354,559,-1
354,560,-1
354,562,-1
354,564,1
355,561,-1
355,563,-1
355,564,-1
356,317,1
356,358,1
356,551,1
356,565,1
356,566,1
356,567,1
357,359,1
357,565,-1
357,568,1
358,552,1
358,566,-1
358,569,1
358,570,1
359,567,-1
359,568,-1
359,569,-1
359,571,1
360,570,-1
360,571,-1
361,324,1
361,368,1
361,530,1
361,572,1
361,573,1
361,574,1
362,337,1
362,369,1
362,539,1
362,572,-1
362,575,1
362,576,1
363,531,1
363,540,1
363,577,1
363,578,1
363,579,1
364,532,1
364,573,-1
364,577,-1
364,580,1
364,581,1
365,578,-1
365,580,-1
365,582,1
365,583,1
366,541,1
366,575,-1
366,579,-1
366,582,-1
366,584,1
367,574,-1
367,576,-1
367,581,-1
367,583,-1
367,584,-1
368,338,1
368,380,1
368,542,1
368,585,1
368,586,1
368,587,1
369,351,1
369,381,1
369,553,1
369,585,-1
369,588,1
369,589,1
370,543,1
370,554,1
370,590,1
370,591,1
370,592,1
371,544,1
371,586,-1
371,590,-1
371,593,1
371,594,1
372,591,-1
372,593,-1
372,595,1
372,596,1
373,555,1
373,588,-1
373,592,-1
373,595,-1
373,597,1
374,587,-1
374,589,-1
374,594,-1
374,596,-1
374,597,-1
375,352,1
375,392,1
375,556,1
375,598,1
375,599,1
375,600,1
376,360,1
376,393,1
376,565,1
376,598,-1
376,601,1
376,602,1
377,557,1
377,566,1
377,603,1
377,604,1
377,605,1
378,558,1
378,599,-1
378,603,-1
378,606,1
378,607,1
379,604,-1
379,606,-1
379,608,1
379,609,1
380,567,1
380,601,-1
380,605,-1
380,608,-1
380,610,1
381,600,-1
381,602,-1
381,607,-1
381,609,-1
381,610,-1
382,370,1
382,572,1
382,611,1
382,612,1
383,371,1
383,401,1
383,611,-1
383,613,1
383,614,1
383,615,1
384,402,1
384,613,-1
384,616,1
385,533,1
385,573,1
385,617,1
385,618,1
386,574,1
386,612,-1
386,614,-1
386,617,-1
386,619,1
386,620,1
387,615,-1
387,616,-1
387,619,-1
387,621,1
388,618,-1
388,620,-1
388,621,-1
389,382,1
389,585,1
389,622,1
389,623,1
390,372,1
390,413,1
390,611,1
390,624,1
390,625,1
390,626,1
391,383,1
391,414,1
391,622,-1
391,627,1
391,628,1
391,629,1
392,415,1
392,624,-1
392,627,-1
392,630,1
393,545,1
393,575,1
393,586,1
393,631,1
393,632,1
393,633,1
394,576,1
394,612,1
394,625,-1
394,631,-1
394,634,1
394,635,1
395,587,1
395,623,-1
395,628,-1
395,632,-1
395,636,1
395,637,1
396,626,-1
396,629,-1
396,630,-1
396,634,-1
396,636,-1
396,638,1
397,633,-1
397,635,-1
397,637,-1
397,638,-1
398,394,1
398,598,1
398,639,1
398,640,1
399,384,1
399,427,1
399,622,1
399,641,1
399,642,1
399,643,1
400,395,1
400,428,1
400,639,-1
400,644,1
400,645,1
400,646,1
401,429,1
401,641,-1
401,644,-1
401,647,1
402,559,1
402,588,1
402,599,1
402,648,1
402,649,1
402,650,1
403,589,1
403,623,1
403,642,-1
403,648,-1
403,651,1
403,652,1
404,600,1
404,640,-1
404,645,-1
404,649,-1
404,653,1
404,654,1
405,643,-1
405,646,-1
405,647,-1
405,651,-1
405,653,-1
405,655,1
406,650,-1
406,652,-1
406,654,-1
406,655,-1
407,396,1
407,437,1
407,639,1
407,656,1
407,657,1
407,658,1
408,438,1
408,656,-1
408,659,1
409,568,1
409,601,1
409,660,1
409,661,1
410,602,1
410,640,1
410,657,-1
410,660,-1
410,662,1
410,663,1
411,658,-1
411,659,-1
411,662,-1
411,664,1
412,661,-1
412,663,-1
412,664,-1
413,403,1
413,447,1
413,613,1
413,665,1
413,666,1
413,667,1
414,416,1
414,448,1
414,624,1
414,665,-1
414,668,1
414,669,1
415,614,1
415,625,1
415,670,1
415,671,1
415,672,1
416,615,1
416,666,-1
416,670,-1
416,673,1
416,674,1
417,671,-1
417,673,-1
417,675,1
417,676,1
418,626,1
418,668,-1
418,672,-1
418,675,-1
418,677,1
419,667,-1
419,669,-1
419,674,-1
419,676,-1
419,677,-1
420,417,1
420,459,1
420,627,1
420,678,1
420,679,1
420,680,1
421,430,1
421,460,1
421,641,1
421,678,-1
421,681,1
421,682,1
422,628,1
422,642,1
422,683,1
422,684,1
422,685,1
423,629,1
423,679,-1
423,683,-1
423,686,1
423,687,1
424,684,-1
424,686,-1
424,688,1
424,689,1
425,643,1
425,681,-1
425,685,-1
425,688,-1
425,690,1
426,680,-1
426,682,-1
426,687,-1
426,689,-1
426,690,-1
427,431,1
427,471,1
427,644,1
427,691,1
427,692,1
427,693,1
428,439,1
428,472,1
428,656,1
428,691,-1
428,694,1
428,695,1
429,645,1
429,657,1
429,696,1
429,697,1
429,698,1
430,646,1
430,692,-1
430,696,-1
430,699,1
430,700,1
431,697,-1
431,699,-1
431,701,1
431,702,1
432,658,1
432,694,-1
432,698,-1
432,701,-1
432,703,1
433,693,-1
433,695,-1
433,700,-1
433,702,-1
433,703,-1
434,449,1
434,665,1
434,704,1
434,705,1
435,450,1
435,480,1
435,704,-1
435,706,1
435,707,1
435,708,1
436,481,1
436,706,-1
436,709,1
437,616,1
437,666,1
437,710,1
437,711,1
438,667,1
438,705,-1
438,707,-1
438,710,-1
438,712,1
438,713,1
439,708,-1
439,709,-1
439,712,-1
439,714,1
440,711,-1
440,713,-1
440,714,-1
441,461,1
441,678,1
441,715,1
441,716,1
442,451,1
442,492,1
442,704,1
442,717,1
442,718,1
442,719,1
443,462,1
443,493,1
443,715,-1
443,720,1
443,721,1
443,722,1
444,494,1
444,717,-1
444,720,-1
444,723,1
445,630,1
445,668,1
445,679,1
445,724,1
445,725,1
445,726,1
446,669,1
446,705,1
446,718,-1
446,724,-1
446,727,1
446,728,1
447,680,1
447,716,-1
447,721,-1
447,725,-1
447,729,1
447,730,1
448,719,-1
448,722,-1
448,723,-1
448,727,-1
448,729,-1
448,731,1
449,726,-1
449,728,-1
449,730,-1
449,731,-1
450,473,1
450,691,1
450,732,1
450,733,1
451,463,1
451,506,1
451,715,1
451,734,1
451,735,1
451,736,1
452,474,1
452,507,1
452,732,-1
452,737,1
452,738,1
452,739,1
453,508,1
453,734,-1
453,737,-1
453,740,1
454,647,1
454,681,1
454,692,1
454,741,1
454,742,1
454,743,1
455,682,1
455,716,1
455,735,-1
455,741,-1
455,744,1
455,745,1
456,693,1
456,733,-1
456,738,-1
456,742,-1
456,746,1
456,747,1
457,736,-1
457,739,-1
457,740,-1
457,744,-1
457,746,-1
457,748,1
458,743,-1
458,745,-1
458,747,-1
458,748,-1
459,475,1
459,516,1
459,732,1
459,749,1
459,750,1
459,751,1
460,517,1
460,749,-1
460,752,1
461,659,1
461,694,1
461,753,1
461,754,1
462,695,1
462,733,1
462,750,-1
462,753,-1
462,755,1
462,756,1
463,751,-1
463,752,-1
463,755,-1
463,757,1
464,754,-1
464,756,-1
464,757,-1
465,482,1
465,519,1
465,706,1
465,758,1
465,759,1
465,760,1
466,495,1
466,520,1
466,717,1
466,758,-1
466,761,1
466,762,1
467,707,1
467,718,1
467,763,1
467,764,1
467,765,1
468,708,1
468,759,-1
468,763,-1
468,766,1
468,767,1
469,764,-1
469,766,-1
469,768,1
469,769,1
470,719,1
470,761,-1
470,765,-1
470,768,-1
470,770,1
471,760,-1
471,762,-1
471,767,-1
471,769,-1
471,770,-1
472,496,1
472,522,1
472,720,1
472,771,1
472,772,1
472,773,1
473,509,1
473,523,1
473,734,1
473,771,-1
473,774,1
473,775,1
474,721,1
474,735,1
474,776,1
474,777,1
474,778,1
475,722,1
475,772,-1
475,776,-1
475,779,1
475,780,1
476,777,-1
476,779,-1
476,781,1
476,782,1
477,736,1
477,774,-1
477,778,-1
477,781,-1
477,783,1
478,773,-1
478,775,-1
478,780,-1
478,782,-1
478,783,-1
479,510,1
479,525,1
479,737,1
479,784,1
479,785,1
479,786,1
480,518,1
480,526,1
480,749,1
480,784,-1
480,787,1
480,788,1
481,738,1
481,750,1
481,789,1
481,790,1
481,791,1
482,739,1
482,785,-1
482,789,-1
482,792,1
482,793,1
483,790,-1
483,792,-1
483,794,1
483,795,1
484,751,1
484,787,-1
484,791,-1
484,794,-1
484,796,1
485,786,-1
485,788,-1
485,793,-1
485,795,-1
485,796,-1
486,521,1
486,758,1
486,797,1
487,709,1
487,759,1
487,798,1
487,799,1
488,760,1
488,797,-1
488,798,-1
488,800,1
489,799,-1
489,800,-1
490,524,1
490,771,1
490,801,1
491,723,1
491,761,1
491,772,1
491,802,1
491,803,1
491,804,1
492,762,1
492,797,1
492,802,-1
492,805,1
493,773,1
493,801,-1
493,803,-1
493,806,1
494,804,-1
494,805,-1
494,806,-1
495,527,1
495,784,1
495,807,1
496,740,1
496,774,1
496,785,1
496,808,1
496,809,1
496,810,1
497,775,1
497,801,1
497,808,-1
497,811,1
498,786,1
498,807,-1
498,809,-1
498,812,1
499,810,-1
499,811,-1
499,812,-1
500,752,1
500,787,1
500,813,1
500,814,1
501,788,1
501,807,1
501,813,-1
501,815,1
502,814,-1
502,815,-1
503,534,1
503,577,1
503,816,1
503,817,1
503,818,1
504,578,1
504,816,-1
504,819,1
504,820,1
505,546,1
505,579,1
505,819,-1
505,821,1
505,822,1
506,535,1
506,817,-1
506,823,1
506,824,1
507,547,1
507,821,-1
507,823,-1
507,825,1
508,818,-1
508,820,-1
508,822,-1
508,824,-1
508,825,-1
509,548,1
509,590,1
509,826,1
509,827,1
509,828,1
510,591,1
510,826,-1
510,829,1
510,830,1
511,560,1
511,592,1
511,829,-1
511,831,1
511,832,1
512,549,1
512,827,-1
512,833,1
512,834,1
513,561,1
513,831,-1
513,833,-1
513,835,1
514,828,-1
514,830,-1
514,832,-1
514,834,-1
514,835,-1
515,562,1
515,603,1
515,836,1
515,837,1
515,838,1
516,604,1
516,836,-1
516,839,1
516,840,1
517,569,1
517,605,1
517,839,-1
517,841,1
517,842,1
518,563,1
518,837,-1
518,843,1
518,844,1
519,570,1
519,841,-1
519,843,-1
519,845,1
520,838,-1
520,840,-1
520,842,-1
520,844,-1
520,845,-1
521,580,1
521,816,1
521,846,1
521,847,1
522,581,1
522,617,1
522,846,-1
522,848,1
522,849,1
523,536,1
523,817,1
523,850,1
523,851,1
524,818,1
524,847,-1
524,848,-1
524,850,-1
524,852,1
525,618,1
525,849,-1
525,851,-1
525,852,-1
526,582,1
526,819,1
526,853,1
526,854,1
527,583,1
527,846,1
527,853,-1
527,855,1
528,820,1
528,847,1
528,854,-1
528,855,-1
529,593,1
529,826,1
529,856,1
529,857,1
530,584,1
530,631,1
530,853,1
530,858,1
530,859,1
531,594,1
531,632,1
531,856,-1
531,860,1
531,861,1
532,550,1
532,821,1
532,827,1
532,862,1
532,863,1
532,864,1
533,822,1
533,854,1
533,858,-1
533,862,-1
533,865,1
534,828,1
534,857,-1
534,860,-1
534,863,-1
534,866,1
535,633,1
535,859,-1
535,861,-1
535,864,-1
535,865,-1
535,866,-1
536,595,1
536,829,1
536,867,1
536,868,1
537,596,1
537,856,1
537,867,-1
537,869,1
538,830,1
538,857,1
538,868,-1
538,869,-1
539,606,1
539,836,1
539,870,1
539,871,1
540,597,1
540,648,1
540,867,1
540,872,1
540,873,1
541,607,1
541,649,1
541,870,-1
541,874,1
541,875,1
542,564,1
542,831,1
542,837,1
542,876,1
542,877,1
542,878,1
543,832,1
543,868,1
543,872,-1
543,876,-1
543,879,1
544,838,1
544,871,-1
544,874,-1
544,877,-1
544,880,1
545,650,1
545,873,-1
545,875,-1
545,878,-1
545,879,-1
545,880,-1
546,608,1
546,839,1
546,881,1
546,882,1
547,609,1
547,870,1
547,881,-1
547,883,1
548,840,1
548,871,1
548,882,-1
548,883,-1
549,610,1
549,660,1
549,881,1
549,884,1
549,885,1
550,571,1
550,841,1
550,886,1
550,887,1
551,842,1
551,882,1
551,884,-1
551,886,-1
551,888,1
552,661,1
552,885,-1
552,887,-1
552,888,-1
553,619,1
553,670,1
553,889,1
553,890,1
553,891,1
554,671,1
554,889,-1
554,892,1
554,893,1
555,634,1
555,672,1
555,892,-1
555,894,1
555,895,1
556,848,1
556,855,1
556,858,1
556,896,1
556,897,1
557,620,1
557,849,1
557,890,-1
557,896,-1
557,898,1
557,899,1
558,635,1
558,859,1
558,894,-1
558,897,-1
558,898,-1
558,900,1
559,891,-1
559,893,-1
559,895,-1
559,899,-1
559,900,-1
560,636,1
560,683,1
560,901,1
560,902,1
560,903,1
561,684,1
561,901,-1
561,904,1
561,905,1
562,651,1
562,685,1
562,904,-1
562,906,1
562,907,1
563,860,1
563,869,1
563,872,1
563,908,1
563,909,1
564,637,1
564,861,1
564,902,-1
564,908,-1
564,910,1
564,911,1
565,652,1
565,873,1
565,906,-1
565,909,-1
565,910,-1
565,912,1
566,903,-1
566,905,-1
566,907,-1
566,911,-1
566,912,-1
567,653,1
567,696,1
567,913,1
567,914,1
567,915,1
568,697,1
568,913,-1
568,916,1
568,917,1
569,662,1
569,698,1
569,916,-1
569,918,1
569,919,1
570,874,1
570,883,1
570,884,1
570,920,1
570,921,1
571,654,1
571,875,1
571,914,-1
571,920,-1
571,922,1
571,923,1
572,663,1
572,885,1
572,918,-1
572,921,-1
572,922,-1
572,924,1
573,915,-1
573,917,-1
573,919,-1
573,923,-1
573,924,-1
574,673,1
574,889,1
574,925,1
574,926,1
575,674,1
575,710,1
575,925,-1
575,927,1
575,928,1
576,621,1
576,890,1
576,929,1
576,930,1
577,891,1
577,926,-1
577,927,-1
577,929,-1
577,931,1
578,711,1
578,928,-1
578,930,-1
578,931,-1
579,675,1
579,892,1
579,932,1
579,933,1
580,676,1
580,925,1
580,932,-1
580,934,1
581,893,1
581,926,1
581,933,-1
581,934,-1
582,686,1
582,901,1
582,935,1
582,936,1
583,677,1
583,724,1
583,932,1
583,937,1
583,938,1
584,687,1
584,725,1
584,935,-1
584,939,1
584,940,1
585,638,1
585,894,1
585,902,1
585,941,1
585,942,1
585,943,1
586,895,1
586,933,1
586,937,-1
586,941,-1
586,944,1
587,903,1
587,936,-1
587,939,-1
587,942,-1
587,945,1
588,726,1
588,938,-1
588,940,-1
588,943,-1
588,944,-1
588,945,-1
589,688,1
589,904,1
589,946,1
589,947,1
590,689,1
590,935,1
590,946,-1
590,948,1
591,905,1
591,936,1
591,947,-1
591,948,-1
592,699,1
592,913,1
592,949,1
592,950,1
593,690,1
593,741,1
593,946,1
593,951,1
593,952,1
594,700,1
594,742,1
594,949,-1
594,953,1
594,954,1
595,655,1
595,906,1
595,914,1
595,955,1
595,956,1
595,957,1
596,907,1
596,947,1
596,951,-1
596,955,-1
596,958,1
597,915,1
597,950,-1
597,953,-1
597,956,-1
597,959,1
598,743,1
598,952,-1
598,954,-1
598,957,-1
598,958,-1
598,959,-1
599,701,1
599,916,1
599,960,1
599,961,1
600,702,1
600,949,1
600,960,-1
600,962,1
601,917,1
601,950,1
601,961,-1
601,962,-1
602,703,1
602,753,1
602,960,1
602,963,1
602,964,1
603,664,1
603,918,1
603,965,1
603,966,1
604,919,1
604,961,1
604,963,-1
604,965,-1
604,967,1
605,754,1
605,964,-1
605,966,-1
605,967,-1
606,712,1
606,763,1
606,968,1
606,969,1
606,970,1
607,764,1
607,968,-1
607,971,1
607,972,1
608,727,1
608,765,1
608,971,-1
608,973,1
608,974,1
609,927,1
609,934,1
609,937,1
609,975,1
609,976,1
610,713,1
610,928,1
610,969,-1
610,975,-1
610,977,1
610,978,1
611,728,1
611,938,1
611,973,-1
611,976,-1
611,977,-1
611,979,1
612,970,-1
612,972,-1
612,974,-1
612,978,-1
612,979,-1
613,729,1
613,776,1
613,980,1
613,981,1
613,982,1
614,777,1
614,980,-1
614,983,1
614,984,1
615,744,1
615,778,1
615,983,-1
615,985,1
615,986,1
616,939,1
616,948,1
616,951,1
616,987,1
616,988,1
617,730,1
617,940,1
617,981,-1
617,987,-1
617,989,1
617,990,1
618,745,1
618,952,1
618,985,-1
618,988,-1
618,989,-1
618,991,1
619,982,-1
619,984,-1
619,986,-1
619,990,-1
619,991,-1
620,746,1
620,789,1
620,992,1
620,993,1
620,994,1
621,790,1
621,992,-1
621,995,1
621,996,1
622,755,1
622,791,1
622,995,-1
622,997,1
622,998,1
623,953,1
623,962,1
623,963,1
623,999,1
623,1000,1
624,747,1
624,954,1
624,993,-1
624,999,-1
624,1001,1
624,1002,1
625,756,1
625,964,1
625,997,-1
625,1000,-1
625,1001,-1
625,1003,1
626,994,-1
626,996,-1
626,998,-1
626,1002,-1
626,1003,-1
627,766,1
627,968,1
627,1004,1
627,1005,1
628,767,1
628,798,1
628,1004,-1
628,1006,1
628,1007,1
629,714,1
629,969,1
629,1008,1
629,1009,1
630,970,1
630,1005,-1
630,1006,-1
630,1008,-1
630,1010,1
631,799,1
631,1007,-1
631,1009,-1
631,1010,-1
632,768,1
632,971,1
632,1011,1
632,1012,1
633,769,1
633,1004,1
633,1011,-1
633,1013,1
634,972,1
634,1005,1
634,1012,-1
634,1013,-1
635,779,1
635,980,1
635,1014,1
635,1015,1
636,770,1
636,802,1
636,1011,1
636,1016,1
636,1017,1
637,780,1
637,803,1
637,1014,-1
637,1018,1
637,1019,1
638,731,1
638,973,1
638,981,1
638,1020,1
638,1021,1
638,1022,1
639,974,1
639,1012,1
639,1016,-1
639,1020,-1
639,1023,1
640,982,1
640,1015,-1
640,1018,-1
640,1021,-1
640,1024,1
641,804,1
641,1017,-1
641,1019,-1
641,1022,-1
641,1023,-1
641,1024,-1
642,781,1
642,983,1
642,1025,1
642,1026,1
643,782,1
643,1014,1
643,1025,-1
643,1027,1
644,984,1
644,1015,1
644,1026,-1
644,1027,-1
645,792,1
645,992,1
645,1028,1
645,1029,1
646,783,1
646,808,1
646,1025,1
646,1030,1
646,1031,1
647,793,1
647,809,1
647,1028,-1
647,1032,1
647,1033,1
648,748,1
648,985,1
648,993,1
648,1034,1
648,1035,1
648,1036,1
649,986,1
649,1026,1
649,1030,-1
649,1034,-1
649,1037,1
650,994,1
650,1029,-1
650,1032,-1
650,1035,-1
650,1038,1
651,810,1
651,1031,-1
651,1033,-1
651,1036,-1
651,1037,-1
651,1038,-1
652,794,1
652,995,1
652,1039,1
652,1040,1
653,795,1
653,1028,1
653,1039,-1
653,1041,1
654,996,1
654,1029,1
654,1040,-1
654,1041,-1
655,796,1
655,813,1
655,1039,1
655,1042,1
655,1043,1
656,757,1
656,997,1
656,1044,1
656,1045,1
657,998,1
657,1040,1
657,1042,-1
657,1044,-1
657,1046,1
658,814,1
658,1043,-1
658,1045,-1
658,1046,-1
659,1006,1
659,1013,1
659,1016,1
659,1047,1
659,1048,1
660,800,1
660,1007,1
660,1047,-1
660,1049,1
661,805,1
661,1017,1
661,1048,-1
661,1049,-1
662,1018,1
662,1027,1
662,1030,1
662,1050,1
662,1051,1
663,806,1
663,1019,1
663,1050,-1
663,1052,1
664,811,1
664,1031,1
664,1051,-1
664,1052,-1
665,1032,1
665,1041,1
665,1042,1
665,1053,1
665,1054,1
666,812,1
666,1033,1
666,1053,-1
666,1055,1
667,815,1
667,1043,1
667,1054,-1
667,1055,-1
668,823,1
668,1056,1
668,1057,1
669,824,1
669,850,1
669,1056,-1
669,1058,1
669,1059,1
669,1060,1
670,851,1
670,1058,-1
670,1061,1
671,1057,-1
671,1059,-1
671,1062,1
671,1063,1
672,1060,-1
672,1061,-1
672,1062,-1
672,1064,1
673,1063,-1
673,1064,-1
674,833,1
674,1065,1
674,1066,1
675,825,1
675,862,1
675,1056,1
675,1067,1
675,1068,1
675,1069,1
676,834,1
676,863,1
676,1065,-1
676,1070,1
676,1071,1
676,1072,1
677,864,1
677,1067,-1
677,1070,-1
677,1073,1
678,1057,1
678,1068,-1
678,1074,1
678,1075,1
679,1066,-1
679,1071,-1
679,1076,1
679,1077,1
680,1069,-1
680,1072,-1
680,1073,-1
680,1074,-1
680,1076,-1
680,1078,1
681,1075,-1
681,1077,-1
681,1078,-1
682,843,1
682,1079,1
682,1080,1
683,835,1
683,876,1
683,1065,1
683,1081,1
683,1082,1
683,1083,1
684,844,1
684,877,1
684,1079,-1
684,1084,1
684,1085,1
684,1086,1
685,878,1
685,1081,-1
685,1084,-1
685,1087,1
686,1066,1
686,1082,-1
686,1088,1
686,1089,1
687,1080,-1
687,1085,-1
687,1090,1
687,1091,1
688,1083,-1
688,1086,-1
688,1087,-1
688,1088,-1
688,1090,-1
688,1092,1
689,1089,-1
689,1091,-1
689,1092,-1
690,845,1
690,886,1
690,1079,1
690,1093,1
690,1094,1
690,1095,1
691,887,1
691,1093,-1
691,1096,1
692,1080,1
692,1094,-1
692,1097,1
692,1098,1
693,1095,-1
693,1096,-1
693,1097,-1
693,1099,1
694,1098,-1
694,1099,-1
695,852,1
695,896,1
695,1058,1
695,1100,1
695,1101,1
695,1102,1
696,865,1
696,897,1
696,1067,1
696,1100,-1
696,1103,1
696,1104,1
697,1059,1
697,1068,1
697,1105,1
697,1106,1
697,1107,1
698,1060,1
698,1101,-1
698,1105,-1
698,1108,1
698,1109,1
699,1106,-1
699,1108,-1
699,1110,1
699,1111,1
700,1069,1
700,1103,-1
700,1107,-1
700,1110,-1
700,1112,1
701,1102,-1
701,1104,-1
701,1109,-1
701,1111,-1
701,1112,-1
702,866,1
702,908,1
702,1070,1
702,1113,1
702,1114,1
702,1115,1
703,879,1
703,909,1
703,1081,1
703,1113,-1
703,1116,1
703,1117,1
704,1071,1
704,1082,1
704,1118,1
704,1119,1
704,1120,1
705,1072,1
705,1114,-1
705,1118,-1
705,1121,1
705,1122,1
706,1119,-1
706,1121,-1
706,1123,1
706,1124,1
707,1083,1
707,1116,-1
707,1120,-1
707,1123,-1
707,1125,1
708,1115,-1
708,1117,-1
708,1122,-1
708,1124,-1
708,1125,-1
709,880,1
709,920,1
709,1084,1
709,1126,1
709,1127,1
709,1128,1
710,888,1
710,921,1
710,1093,1
710,1126,-1
710,1129,1
710,1130,1
711,1085,1
711,1094,1
711,1131,1
711,1132,1
711,1133,1
712,1086,1
712,1127,-1
712,1131,-1
712,1134,1
712,1135,1
713,1132,-1
713,1134,-1
713,1136,1
713,1137,1
714,1095,1
714,1129,-1
714,1133,-1
714,1136,-1
714,1138,1
715,1128,-1
715,1130,-1
715,1135,-1
715,1137,-1
715,1138,-1
716,898,1
716,1100,1
716,1139,1
716,1140,1
717,899,1
717,929,1
717,1139,-1
717,1141,1
717,1142,1
717,1143,1
718,930,1
718,1141,-1
718,1144,1
719,1061,1
719,1101,1
719,1145,1
719,1146,1
720,1102,1
720,1140,-1
720,1142,-1
720,1145,-1
720,1147,1
720,1148,1
721,1143,-1
721,1144,-1
721,1147,-1
721,1149,1
722,1146,-1
722,1148,-1
722,1149,-1
723,910,1
723,1113,1
723,1150,1
723,1151,1
724,900,1
724,941,1
724,1139,1
724,1152,1
724,1153,1
724,1154,1
725,911,1
725,942,1
725,1150,-1
725,1155,1
725,1156,1
725,1157,1
726,943,1
726,1152,-1
726,1155,-1
726,1158,1
727,1073,1
727,1103,1
727,1114,1
727,1159,1
727,1160,1
727,1161,1
728,1104,1
728,1140,1
728,1153,-1
728,1159,-1
728,1162,1
728,1163,1
729,1115,1
729,1151,-1
729,1156,-1
729,1160,-1
729,1164,1
729,1165,1
730,1154,-1
730,1157,-1
730,1158,-1
730,1162,-1
730,1164,-1
730,1166,1
731,1161,-1
731,1163,-1
731,1165,-1
731,1166,-1
732,922,1
732,1126,1
732,1167,1
732,1168,1
733,912,1
733,955,1
733,1150,1
733,1169,1
733,1170,1
733,1171,1
734,923,1
734,956,1
734,1167,-1
734,1172,1
734,1173,1
734,1174,1
735,957,1
735,1169,-1
735,1172,-1
735,1175,1
736,1087,1
736,1116,1
736,1127,1
736,1176,1
736,1177,1
736,1178,1
737,1117,1
737,1151,1
737,1170,-1
737,1176,-1
737,1179,1
737,1180,1
738,1128,1
738,1168,-1
738,1173,-1
738,1177,-1
738,1181,1
738,1182,1
739,1171,-1
739,1174,-1
739,1175,-1
739,1179,-1
739,1181,-1
739,1183,1
740,1178,-1
740,1180,-1
740,1182,-1
740,1183,-1
741,924,1
741,965,1
741,1167,1
741,1184,1
741,1185,1
741,1186,1
742,966,1
742,1184,-1
742,1187,1
743,1096,1
743,1129,1
743,1188,1
743,1189,1
744,1130,1
744,1168,1
744,1185,-1
744,1188,-1
744,1190,1
744,1191,1
745,1186,-1
745,1187,-1
745,1190,-1
745,1192,1
746,1189,-1
746,1191,-1
746,1192,-1
747,931,1
747,975,1
747,1141,1
747,1193,1
747,1194,1
747,1195,1
748,944,1
748,976,1
748,1152,1
748,1193,-1
748,1196,1
748,1197,1
749,1142,1
749,1153,1
749,1198,1
749,1199,1
749,1200,1
750,1143,1
750,1194,-1
750,1198,-1
750,1201,1
750,1202,1
751,1199,-1
751,1201,-1
751,1203,1
751,1204,1
752,1154,1
752,1196,-1
752,1200,-1
752,1203,-1
752,1205,1
753,1195,-1
753,1197,-1
753,1202,-1
753,1204,-1
753,1205,-1
754,945,1
754,987,1
754,1155,1
754,1206,1
754,1207,1
754,1208,1
755,958,1
755,988,1
755,1169,1
755,1206,-1
755,1209,1
755,1210,1
756,1156,1
756,1170,1
756,1211,1
756,1212,1
756,1213,1
757,1157,1
757,1207,-1
757,1211,-1
757,1214,1
757,1215,1
758,1212,-1
758,1214,-1
758,1216,1
758,1217,1
759,1171,1
759,1209,-1
759,1213,-1
759,1216,-1
759,1218,1
760,1208,-1
760,1210,-1
760,1215,-1
760,1217,-1
760,1218,-1
761,959,1
761,999,1
761,1172,1
761,1219,1
761,1220,1
761,1221,1
762,967,1
762,1000,1
762,1184,1
762,1219,-1
762,1222,1
762,1223,1
763,1173,1
763,1185,1
763,1224,1
763,1225,1
763,1226,1
764,1174,1
764,1220,-1
764,1224,-1
764,1227,1
764,1228,1
765,1225,-1
765,1227,-1
765,1229,1
765,1230,1
766,1186,1
766,1222,-1
766,1226,-1
766,1229,-1
766,1231,1
767,1221,-1
767,1223,-1
767,1228,-1
767,1230,-1
767,1231,-1
768,977,1
768,1193,1
768,1232,1
768,1233,1
769,978,1
769,1008,1
769,1232,-1
769,1234,1
769,1235,1
769,1236,1
770,1009,1
770,1234,-1
770,1237,1
771,1144,1
771,1194,1
771,1238,1
771,1239,1
772,1195,1
772,1233,-1
772,1235,-1
772,1238,-1
772,1240,1
772,1241,1
773,1236,-1
773,1237,-1
773,1240,-1
773,1242,1
774,1239,-1
774,1241,-1
774,1242,-1
775,989,1
775,1206,1
775,1243,1
775,1244,1
776,979,1
776,1020,1
776,1232,1
776,1245,1
776,1246,1
776,1247,1
777,990,1
777,1021,1
777,1243,-1
777,1248,1
777,1249,1
777,1250,1
778,1022,1
778,1245,-1
778,1248,-1
778,1251,1
779,1158,1
779,1196,1
779,1207,1
779,1252,1
779,1253,1
779,1254,1
780,1197,1
780,1233,1
780,1246,-1
780,1252,-1
780,1255,1
780,1256,1
781,1208,1
781,1244,-1
781,1249,-1
781,1253,-1
781,1257,1
781,1258,1
782,1247,-1
782,1250,-1
782,1251,-1
782,1255,-1
782,1257,-1
782,1259,1
783,1254,-1
783,1256,-1
783,1258,-1
783,1259,-1
784,1001,1
784,1219,1
784,1260,1
784,1261,1
785,991,1
785,1034,1
785,1243,1
785,1262,1
785,1263,1
785,1264,1
786,1002,1
786,1035,1
786,1260,-1
786,1265,1
786,1266,1
786,1267,1
787,1036,1
787,1262,-1
787,1265,-1
787,1268,1
788,1175,1
788,1209,1
788,1220,1
788,1269,1
788,1270,1
788,1271,1
789,1210,1
789,1244,1
789,1263,-1
789,1269,-1
789,1272,1
789,1273,1
790,1221,1
790,1261,-1
790,1266,-1
790,1270,-1
790,1274,1
790,1275,1
791,1264,-1
791,1267,-1
791,1268,-1
791,1272,-1
791,1274,-1
791,1276,1
792,1271,-1
792,1273,-1
792,1275,-1
792,1276,-1
793,1003,1
793,1044,1
793,1260,1
793,1277,1
793,1278,1
793,1279,1
794,1045,1
794,1277,-1
794,1280,1
795,1187,1
795,1222,1
795,1281,1
795,1282,1
796,1223,1
796,1261,1
796,1278,-1
796,1281,-1
796,1283,1
796,1284,1
797,1279,-1
797,1280,-1
797,1283,-1
797,1285,1
798,1282,-1
798,1284,-1
798,1285,-1
799,1010,1
799,1047,1
799,1234,1
799,1286,1
799,1287,1
799,1288,1
800,1023,1
800,1048,1
800,1245,1
800,1286,-1
800,1289,1
800,1290,1
801,1235,1
801,1246,1
801,1291,1
801,1292,1
801,1293,1
802,1236,1
802,1287,-1
802,1291,-1
802,1294,1
802,1295,1
803,1292,-1
803,1294,-1
803,1296,1
803,1297,1
804,1247,1
804,1289,-1
804,1293,-1
804,1296,-1
804,1298,1
805,1288,-1
805,1290,-1
805,1295,-1
805,1297,-1
805,1298,-1
806,1024,1
806,1050,1
806,1248,1
806,1299,1
806,1300,1
806,1301,1
807,1037,1
807,1051,1
807,1262,1
807,1299,-1
807,1302,1
807,1303,1
808,1249,1
808,1263,1
808,1304,1
808,1305,1
808,1306,1
809,1250,1
809,1300,-1
809,1304,-1
809,1307,1
809,1308,1
810,1305,-1
810,1307,-1
810,1309,1
810,1310,1
811,1264,1
811,1302,-1
811,1306,-1
811,1309,-1
811,1311,1
812,1301,-1
812,1303,-1
812,1308,-1
812,1310,-1
812,1311,-1
813,1038,1
813,1053,1
813,1265,1
813,1312,1
813,1313,1
813,1314,1
814,1046,1
814,1054,1
814,1277,1
814,1312,-1
814,1315,1
814,1316,1
815,1266,1
815,1278,1
815,1317,1
815,1318,1
815,1319,1
816,1267,1
816,1313,-1
816,1317,-1
816,1320,1
816,1321,1
817,1318,-1
817,1320,-1
817,1322,1
817,1323,1
818,1279,1
818,1315,-1
818,1319,-1
818,1322,-1
818,1324,1
819,1314,-1
819,1316,-1
819,1321,-1
819,1323,-1
819,1324,-1
820,1049,1
820,1286,1
820,1325,1
821,1237,1
821,1287,1
821,1326,1
821,1327,1
822,1288,1
822,1325,-1
822,1326,-1
822,1328,1
823,1327,-1
823,1328,-1
824,1052,1
824,1299,1
824,1329,1
825,1251,1
825,1289,1
825,1300,1
825,1330,1
825,1331,1
825,1332,1
826,1290,1
826,1325,1
826,1330,-1
826,1333,1
827,1301,1
827,1329,-1
827,1331,-1
827,1334,1
828,1332,-1
828,1333,-1
828,1334,-1
829,1055,1
829,1312,1
829,1335,1
830,1268,1
830,1302,1
830,1313,1
830,1336,1
830,1337,1
830,1338,1
831,1303,1
831,1329,1
831,1336,-1
831,1339,1
832,1314,1
832,1335,-1
832,1337,-1
832,1340,1
833,1338,-1
833,1339,-1
833,1340,-1
834,1280,1
834,1315,1
834,1341,1
834,1342,1
835,1316,1
835,1335,1
835,1341,-1
835,1343,1
836,1342,-1
836,1343,-1
837,1062,1
837,1105,1
837,1344,1
837,1345,1
837,1346,1
838,1106,1
838,1344,-1
838,1347,1
838,1348,1
839,1074,1
839,1107,1
839,1347,-1
839,1349,1
839,1350,1
840,1063,1
840,1345,-1
840,1351,1
840,1352,1
841,1075,1
841,1349,-1
841,1351,-1
841,1353,1
842,1346,-1
842,1348,-1
842,1350,-1
842,1352,-1
842,1353,-1
843,1076,1
843,1118,1
843,1354,1
843,1355,1
843,1356,1
844,1119,1
844,1354,-1
844,1357,1
844,1358,1
845,1088,1
845,1120,1
845,1357,-1
845,1359,1
845,1360,1
846,1077,1
846,1355,-1
846,1361,1
846,1362,1
847,1089,1
847,1359,-1
847,1361,-1
847,1363,1
848,1356,-1
848,1358,-1
848,1360,-1
848,1362,-1
848,1363,-1
849,1090,1
849,1131,1
849,1364,1
849,1365,1
849,1366,1
850,1132,1
850,1364,-1
850,1367,1
850,1368,1
851,1097,1
851,1133,1
851,1367,-1
851,1369,1
851,1370,1
852,1091,1
852,1365,-1
852,1371,1
852,1372,1
853,1098,1
853,1369,-1
853,1371,-1
853,1373,1
854,1366,-1
854,1368,-1
854,1370,-1
854,1372,-1
854,1373,-1
855,1108,1
855,1344,1
855,1374,1
855,1375,1
856,1109,1
856,1145,1
856,1374,-1
856,1376,1
856,1377,1
857,1064,1
857,1345,1
857,1378,1
857,1379,1
858,1346,1
858,1375,-1
858,1376,-1
858,1378,-1
858,1380,1
859,1146,1
859,1377,-1
859,1379,-1
859,1380,-1
860,1110,1
860,1347,1
860,1381,1
860,1382,1
861,1111,1
861,1374,1
861,1381,-1
861,1383,1
862,1348,1
862,1375,1
862,1382,-1
862,1383,-1
863,1121,1
863,1354,1
863,1384,1
863,1385,1
864,1112,1
864,1159,1
864,1381,1
864,1386,1
864,1387,1
865,1122,1
865,1160,1
865,1384,-1
865,1388,1
865,1389,1
866,1078,1
866,1349,1
866,1355,1
866,1390,1
866,1391,1
866,1392,1
867,1350,1
867,1382,1
867,1386,-1
867,1390,-1
867,1393,1
868,1356,1
868,1385,-1
868,1388,-1
868,1391,-1
868,1394,1
869,1161,1
869,1387,-1
869,1389,-1
869,1392,-1
869,1393,-1
869,1394,-1
870,1123,1
870,1357,1
870,1395,1
870,1396,1
871,1124,1
871,1384,1
871,1395,-1
871,1397,1
872,1358,1
872,1385,1
872,1396,-1
872,1397,-1
873,1134,1
873,1364,1
873,1398,1
873,1399,1
874,1125,1
874,1176,1
874,1395,1
874,1400,1
874,1401,1
875,1135,1
875,1177,1
875,1398,-1
875,1402,1
875,1403,1
876,1092,1
876,1359,1
876,1365,1
876,1404,1
876,1405,1
876,1406,1
877,1360,1
877,1396,1
877,1400,-1
877,1404,-1
877,1407,1
878,1366,1
878,1399,-1
878,1402,-1
878,1405,-1
878,1408,1
879,1178,1
879,1401,-1
879,1403,-1
879,1406,-1
879,1407,-1
879,1408,-1
880,1136,1
880,1367,1
880,1409,1
880,1410,1
881,1137,1
881,1398,1
881,1409,-1
881,1411,1
882,1368,1
882,1399,1
882,1410,-1
882,1411,-1
883,1138,1
883,1188,1
883,1409,1
883,1412,1
883,1413,1
884,1099,1
884,1369,1
884,1414,1
884,1415,1
885,1370,1
885,1410,1
885,1412,-1
885,1414,-1
885,1416,1
886,1189,1
886,1413,-1
886,1415,-1
886,1416,-1
887,1147,1
887,1198,1
887,1417,1
887,1418,1
887,1419,1
888,1199,1
888,1417,-1
888,1420,1
888,1421,1
889,1162,1
889,1200,1
889,1420,-1
889,1422,1
889,1423,1
890,1376,1
890,1383,1
890,1386,1
890,1424,1
890,1425,1
891,1148,1
891,1377,1
891,1418,-1
891,1424,-1
891,1426,1
891,1427,1
892,1163,1
892,1387,1
892,1422,-1
892,1425,-1
892,1426,-1
892,1428,1
893,1419,-1
893,1421,-1
893,1423,-1
893,1427,-1
893,1428,-1
894,1164,1
894,1211,1
894,1429,1
894,1430,1
894,1431,1
895,1212,1
895,1429,-1
895,1432,1
895,1433,1
896,1179,1
896,1213,1
896,1432,-1
896,1434,1
896,1435,1
897,1388,1
897,1397,1
897,1400,1
897,1436,1
897,1437,1
898,1165,1
898,1389,1
898,1430,-1
898,1436,-1
898,1438,1
898,1439,1
899,1180,1
899,1401,1
899,1434,-1
899,1437,-1
899,1438,-1
899,1440,1
900,1431,-1
900,1433,-1
900,1435,-1
900,1439,-1
900,1440,-1
901,1181,1
901,1224,1
901,1441,1
901,1442,1
901,1443,1
902,1225,1
902,1441,-1
902,1444,1
902,1445,1
903,1190,1
903,1226,1
903,1444,-1
903,1446,1
903,1447,1
904,1402,1
904,1411,1
904,1412,1
904,1448,1
904,1449,1
905,1182,1
905,1403,1
905,1442,-1
905,1448,-1
905,1450,1
905,1451,1
906,1191,1
906,1413,1
906,1446,-1
906,1449,-1
906,1450,-1
906,1452,1
907,1443,-1
907,1445,-1
907,1447,-1
907,1451,-1
907,1452,-1
908,1201,1
908,1417,1
908,1453,1
908,1454,1
909,1202,1
909,1238,1
909,1453,-1
909,1455,1
909,1456,1
910,1149,1
910,1418,1
910,1457,1
910,1458,1
911,1419,1
911,1454,-1
911,1455,-1
911,1457,-1
911,1459,1
912,1239,1
912,1456,-1
912,1458,-1
912,1459,-1
913,1203,1
913,1420,1
913,1460,1
913,1461,1
914,1204,1
914,1453,1
914,1460,-1
914,1462,1
915,1421,1
915,1454,1
915,1461,-1
915,1462,-1
916,1214,1
916,1429,1
916,1463,1
916,1464,1
917,1205,1
917,1252,1
917,1460,1
917,1465,1
917,1466,1
918,1215,1
918,1253,1
918,1463,-1
918,1467,1
918,1468,1
919,1166,1
919,1422,1
919,1430,1
919,1469,1
919,1470,1
919,1471,1
920,1423,1
920,1461,1
920,1465,-1
920,1469,-1
920,1472,1
921,1431,1
921,1464,-1
921,1467,-1
921,1470,-1
921,1473,1
922,1254,1
922,1466,-1
922,1468,-1
922,1471,-1
922,1472,-1
922,1473,-1
923,1216,1
923,1432,1
923,1474,1
923,1475,1
924,1217,1
924,1463,1
924,1474,-1
924,1476,1
925,1433,1
925,1464,1
925,1475,-1
925,1476,-1
926,1227,1
926,1441,1
926,1477,1
926,1478,1
927,1218,1
927,1269,1
927,1474,1
927,1479,1
927,1480,1
928,1228,1
928,1270,1
928,1477,-1
928,1481,1
928,1482,1
929,1183,1
929,1434,1
929,1442,1
929,1483,1
929,1484,1
929,1485,1
930,1435,1
930,1475,1
930,1479,-1
930,1483,-1
930,1486,1
931,1443,1
931,1478,-1
931,1481,-1
931,1484,-1
931,1487,1
932,1271,1
932,1480,-1
932,1482,-1
932,1485,-1
932,1486,-1
932,1487,-1
933,1229,1
933,1444,1
933,1488,1
933,1489,1
934,1230,1
934,1477,1
934,1488,-1
934,1490,1
935,1445,1
935,1478,1
935,1489,-1
935,1490,-1
936,1231,1
936,1281,1
936,1488,1
936,1491,1
936,1492,1
937,1192,1
937,1446,1
937,1493,1
937,1494,1
938,1447,1
938,1489,1
938,1491,-1
938,1493,-1
938,1495,1
939,1282,1
939,1492,-1
939,1494,-1
939,1495,-1
940,1240,1
940,1291,1
940,1496,1
940,1497,1
940,1498,1
941,1292,1
941,1496,-1
941,1499,1
941,1500,1
942,1255,1
942,1293,1
942,1499,-1
942,1501,1
942,1502,1
943,1455,1
943,1462,1
943,1465,1
943,1503,1
943,1504,1
944,1241,1
944,1456,1
944,1497,-1
944,1503,-1
944,1505,1
944,1506,1
945,1256,1
945,1466,1
945,1501,-1
945,1504,-1
945,1505,-1
945,1507,1
946,1498,-1
946,1500,-1
946,1502,-1
946,1506,-1
946,1507,-1
947,1257,1
947,1304,1
947,1508,1
947,1509,1
947,1510,1
948,1305,1
948,1508,-1
948,1511,1
948,1512,1
949,1272,1
949,1306,1
949,1511,-1
949,1513,1
949,1514,1
950,1467,1
950,1476,1
950,1479,1
950,1515,1
950,1516,1
951,1258,1
951,1468,1
951,1509,-1
951,1515,-1
951,1517,1
951,1518,1
952,1273,1
952,1480,1
952,1513,-1
952,1516,-1
952,1517,-1
952,1519,1
953,1510,-1
953,1512,-1
953,1514,-1
953,1518,-1
953,1519,-1
954,1274,1
954,1317,1
954,1520,1
954,1521,1
954,1522,1
955,1318,1
955,1520,-1
955,1523,1
955,1524,1
956,1283,1
956,1319,1
956,1523,-1
956,1525,1
956,1526,1
957,1481,1
957,1490,1
957,1491,1
957,1527,1
957,1528,1
958,1275,1
958,1482,1
958,1521,-1
958,1527,-1
958,1529,1
958,1530,1
959,1284,1
959,1492,1
959,1525,-1
959,1528,-1
959,1529,-1
959,1531,1
960,1522,-1
960,1524,-1
960,1526,-1
960,1530,-1
960,1531,-1
961,1294,1
961,1496,1
961,1532,1
961,1533,1
962,1295,1
962,1326,1
962,1532,-1
962,1534,1
962,1535,1
963,1242,1
963,1497,1
963,1536,1
963,1537,1
964,1498,1
964,1533,-1
964,1534,-1
964,1536,-1
964,1538,1
965,1327,1
965,1535,-1
965,1537,-1
965,1538,-1
966,1296,1
966,1499,1
966,1539,1
966,1540,1
967,1297,1
967,1532,1
967,1539,-1
967,1541,1
968,1500,1
968,1533,1
968,1540,-1
968,1541,-1
969,1307,1
969,1508,1
969,1542,1
969,1543,1
970,1298,1
970,1330,1
970,1539,1
970,1544,1
970,1545,1
971,1308,1
971,1331,1
971,1542,-1
971,1546,1
971,1547,1
972,1259,1
972,1501,1
972,1509,1
972,1548,1
972,1549,1
972,1550,1
973,1502,1
973,1540,1
973,1544,-1
973,1548,-1
973,1551,1
974,1510,1
974,1543,-1
974,1546,-1
974,1549,-1
974,1552,1
975,1332,1
975,1545,-1
975,1547,-1
975,1550,-1
975,1551,-1
975,1552,-1
976,1309,1
976,1511,1
976,1553,1
976,1554,1
977,1310,1
977,1542,1
977,1553,-1
977,1555,1
978,1512,1
978,1543,1
978,1554,-1
978,1555,-1
979,1320,1
979,1520,1
979,1556,1
979,1557,1
980,1311,1
980,1336,1
980,1553,1
980,1558,1
980,1559,1
981,1321,1
981,1337,1
981,1556,-1
981,1560,1
981,1561,1
982,1276,1
982,1513,1
982,1521,1
982,1562,1
982,1563,1
982,1564,1
983,1514,1
983,1554,1
983,1558,-1
983,1562,-1
983,1565,1
984,1522,1
984,1557,-1
984,1560,-1
984,1563,-1
984,1566,1
985,1338,1
985,1559,-1
985,1561,-1
985,1564,-1
985,1565,-1
985,1566,-1
986,1322,1
986,1523,1
986,1567,1
986,1568,1
987,1323,1
987,1556,1
987,1567,-1
987,1569,1
988,1524,1
988,1557,1
988,1568,-1
988,1569,-1
989,1324,1
989,1341,1
989,1567,1
989,1570,1
989,1571,1
990,1285,1
990,1525,1
990,1572,1
990,1573,1
991,1526,1
991,1568,1
991,1570,-1
991,1572,-1
991,1574,1
992,1342,1
992,1571,-1
992,1573,-1
992,1574,-1
993,1534,1
993,1541,1
993,1544,1
993,1575,1
993,1576,1
994,1328,1
994,1535,1
994,1575,-1
994,1577,1
995,1333,1
995,1545,1
995,1576,-1
995,1577,-1
996,1546,1
996,1555,1
996,1558,1
996,1578,1
996,1579,1
997,1334,1
997,1547,1
997,1578,-1
997,1580,1
998,1339,1
998,1559,1
998,1579,-1
998,1580,-1
999,1560,1
999,1569,1
999,1570,1
999,1581,1
999,1582,1
1000,1340,1
1000,1561,1
1000,1581,-1
1000,1583,1
1001,1343,1
1001,1571,1
1001,1582,-1
1001,1583,-1
1002,1351,1
1002,1584,1
1003,1352,1
1003,1378,1
1003,1584,-1
1003,1585,1
1004,1379,1
1004,1585,-1
1005,1361,1
1005,1586,1
1006,1353,1
1006,1390,1
1006,1584,1
1006,1587,1
1007,1362,1
1007,1391,1
1007,1586,-1
1007,1588,1
1008,1392,1
1008,1587,-1
1008,1588,-1
1009,1371,1
1009,1589,1
1010,1363,1
1010,1404,1
1010,1586,1
1010,1590,1
1011,1372,1
1011,1405,1
1011,1589,-1
1011,1591,1
1012,1406,1
1012,1590,-1
1012,1591,-1
1013,1373,1
1013,1414,1
1013,1589,1
1013,1592,1
1014,1415,1
1014,1592,-1
1015,1380,1
1015,1424,1
1015,1585,1
1015,1593,1
1016,1393,1
1016,1425,1
1016,1587,1
1016,1593,-1
1017,1394,1
1017,1436,1
1017,1588,1
1017,1594,1
1018,1407,1
1018,1437,1
1018,1590,1
1018,1594,-1
1019,1408,1
1019,1448,1
1019,1591,1
1019,1595,1
1020,1416,1
1020,1449,1
1020,1592,1
1020,1595,-1
1021,1426,1
1021,1593,1
1021,1596,1
1022,1427,1
1022,1457,1
1022,1596,-1
1022,1597,1
1023,1458,1
1023,1597,-1
1024,1438,1
1024,1594,1
1024,1598,1
1025,1428,1
1025,1469,1
1025,1596,1
1025,1599,1
1026,1439,1
1026,1470,1
1026,1598,-1
1026,1600,1
1027,1471,1
1027,1599,-1
1027,1600,-1
1028,1450,1
1028,1595,1
1028,1601,1
1029,1440,1
1029,1483,1
1029,1598,1
1029,1602,1
1030,1451,1
1030,1484,1
1030,1601,-1
1030,1603,1
1031,1485,1
1031,1602,-1
1031,1603,-1
1032,1452,1
1032,1493,1
1032,1601,1
1032,1604,1
1033,1494,1
1033,1604,-1
1034,1459,1
1034,1503,1
1034,1597,1
1034,1605,1
1035,1472,1
1035,1504,1
1035,1599,1
1035,1605,-1
1036,1473,1
1036,1515,1
1036,1600,1
1036,1606,1
1037,1486,1
1037,1516,1
1037,1602,1
1037,1606,-1
1038,1487,1
1038,1527,1
1038,1603,1
1038,1607,1
1039,1495,1
1039,1528,1
1039,1604,1
1039,1607,-1
1040,1505,1
1040,1605,1
1040,1608,1
1041,1506,1
1041,1536,1
1041,1608,-1
1041,1609,1
1042,1537,1
1042,1609,-1
1043,1517,1
1043,1606,1
1043,1610,1
1044,1507,1
1044,1548,1
1044,1608,1
1044,1611,1
1045,1518,1
1045,1549,1
1045,1610,-1
1045,1612,1
1046,1550,1
1046,1611,-1
1046,1612,-1
1047,1529,1
1047,1607,1
1047,1613,1
1048,1519,1
1048,1562,1
1048,1610,1
1048,1614,1
1049,1530,1
1049,1563,1
1049,1613,-1
1049,1615,1
1050,1564,1
1050,1614,-1
1050,1615,-1
1051,1531,1
1051,1572,1
1051,1613,1
1051,1616,1
1052,1573,1
1052,1616,-1
1053,1538,1
1053,1575,1
1053,1609,1
1053,1617,1
1054,1551,1
1054,1576,1
1054,1611,1
1054,1617,-1
1055,1552,1
1055,1578,1
1055,1612,1
1055,1618,1
1056,1565,1
1056,1579,1
1056,1614,1
1056,1618,-1
1057,1566,1
1057,1581,1
1057,1615,1
1057,1619,1
1058,1574,1
1058,1582,1
1058,1616,1
1058,1619,-1
1059,1577,1
1059,1617,1
1060,1580,1
1060,1618,1
1061,1583,1
1061,1619,1
