# FACES_SLIP
3
4
6
12
13
15
16
18
20
26
27
29
30
32
34
38
39
41
45
46
47
48
49
51
53
56
58
59
60
61
62
64
66
69
71
72
73
74
75
77
79
82
86
87
89
91
97
98
100
101
103
104
106
108
114
115
117
118
120
121
123
125
129
130
132
134
138
139
140
141
142
144
146
149
151
152
153
154
155
157
159
162
164
165
166
167
168
170
172
175
179
180
182
184
190
191
193
194
196
197
199
201
207
208
210
211
213
214
216
218
222
223
225
227
231
232
233
234
235
237
239
242
244
245
246
247
248
250
252
255
257
258
259
260
261
263
265
268
270
274
275
280
281
285
289
290
293
294
296
297
299
300
303
304
306
307
309
310
313
314
316
317
320
321
322
324
330
331
332
333
334
335
337
338
344
345
346
347
348
349
351
352
356
357
358
360
362
363
366
367
368
369
371
372
374
375
378
379
380
381
383
384
386
387
390
391
392
393
395
396
399
400
401
403
409
410
411
412
413
414
416
417
423
424
425
426
427
428
430
431
435
436
437
439
441
442
445
446
447
448
450
451
453
454
457
458
459
460
462
463
465
466
469
470
471
472
474
475
478
479
480
482
488
489
490
491
492
493
495
496
502
503
504
505
506
507
509
510
514
515
516
518
519
520
522
523
525
526
531
532
534
540
541
543
544
546
548
554
555
557
558
560
562
566
567
569
573
574
575
576
577
579
581
584
586
587
588
589
590
592
594
597
599
600
601
602
603
605
607
610
614
615
617
619
625
626
628
629
631
632
634
636
642
643
645
646
648
649
651
653
657
658
660
662
666
667
668
669
670
672
674
677
679
680
681
682
683
685
687
690
692
693
694
695
696
698
700
703
707
708
710
712
718
719
721
722
724
725
727
729
735
736
738
739
741
742
744
746
750
751
753
755
759
760
761
762
763
765
767
770
772
773
774
775
776
778
780
783
785
786
787
788
789
791
793
796
798
802
803
808
809
813
817
818
821
822
824
825
827
828
831
832
834
835
837
838
841
842
844
845
848
849
850
852
858
859
860
861
862
863
865
866
872
873
874
875
876
877
879
880
884
885
886
888
890
891
894
895
896
897
899
900
902
903
906
907
908
909
911
912
914
915
918
919
920
921
923
924
927
928
929
931
937
938
939
940
941
942
944
945
951
952
953
954
955
956
958
959
963
964
965
967
969
970
973
974
975
976
978
979
981
982
985
986
987
988
990
991
993
994
997
998
999
1000
1002
1003
1006
1007
1008
1010
1016
1017
1018
1019
1020
1021
1023
1024
1030
1031
1032
1033
1034
1035
1037
1038
1042
1043
1044
1046
1047
1048
1050
1051
1053
1054
1059
1060
1062
1068
1069
1071
1072
1074
1076
1082
1083
1085
1086
1088
1090
1094
1095
1097
1101
1102
1103
1104
1105
1107
1109
1112
1114
1115
1116
1117
1118
1120
1122
1125
1127
1128
1129
1130
1131
1133
1135
1138
1142
1143
1145
1147
1153
1154
1156
1157
1159
1160
1162
1164
1170
1171
1173
1174
1176
1177
1179
1181
1185
1186
1188
1190
1194
1195
1196
1197
1198
1200
1202
1205
1207
1208
1209
1210
1211
1213
1215
1218
1220
1221
1222
1223
1224
1226
1228
1231
1235
1236
1238
1240
1246
1247
1249
1250
1252
1253
1255
1257
1263
1264
1266
1267
1269
1270
1272
1274
1278
1279
1281
1283
1287
1288
1289
1290
1291
1293
1295
1298
1300
1301
1302
1303
1304
1306
1308
1311
1313
1314
1315
1316
1317
1319
1321
1324
1326
1330
1331
1336
1337
1341
1345
1346
1349
1350
1352
1353
1355
1356
1359
1360
1362
1363
1365
1366
1369
1370
1372
1373
1376
1377
1378
1380
1386
1387
1388
1389
1390
1391
1393
1394
1400
1401
1402
1403
1404
1405
1407
1408
1412
1413
1414
1416
1418
1419
1422
1423
1424
1425
1427
1428
1430
1431
1434
1435
1436
1437
1439
1440
1442
1443
1446
1447
1448
1449
1451
1452
1455
1456
1457
1459
1465
1466
1467
1468
1469
1470
1472
1473
1479
1480
1481
1482
1483
1484
1486
1487
1491
1492
1493
1495
1497
1498
1501
1502
1503
1504
1506
1507
1509
1510
1513
1514
1515
1516
1518
1519
1521
1522
1525
1526
1527
1528
1530
1531
1534
1535
1536
1538
1544
1545
1546
1547
1548
1549
1551
1552
1558
1559
1560
1561
1562
1563
1565
1566
1570
1571
1572
1574
1575
1576
1578
1579
1581
1582
