0 1 1
0 2 1
0 3 1
0 5 1
0 6 1
0 10 1
1 0 1
1 2 1
1 4 1
1 5 1
1 8 1
1 11 1
2 0 1
2 1 1
2 3 1
2 4 1
2 5 1
2 6 1
2 7 1
2 8 1
2 9 1
3 0 1
3 2 1
3 4 1
3 6 1
3 9 1
3 13 1
4 1 1
4 2 1
4 3 1
4 8 1
4 9 1
4 14 1
5 0 1
5 1 1
5 2 1
5 6 1
5 7 1
5 8 1
5 10 1
5 11 1
5 12 1
6 0 1
6 2 1
6 3 1
6 5 1
6 7 1
6 9 1
6 10 1
6 12 1
6 13 1
7 2 1
7 5 1
7 6 1
7 8 1
7 9 1
7 12 1
8 1 1
8 2 1
8 4 1
8 5 1
8 7 1
8 9 1
8 11 1
8 12 1
8 14 1
9 2 1
9 3 1
9 4 1
9 6 1
9 7 1
9 8 1
9 12 1
9 13 1
9 14 1
10 0 1
10 5 1
10 6 1
10 11 1
10 12 1
10 13 1
10 15 1
10 16 1
10 20 1
11 1 1
11 5 1
11 8 1
11 10 1
11 12 1
11 14 1
11 15 1
11 18 1
11 21 1
12 5 1
12 6 1
12 7 1
12 8 1
12 9 1
12 10 1
12 11 1
12 13 1
12 14 1
12 15 1
12 16 1
12 17 1
12 18 1
12 19 1
13 3 1
13 6 1
13 9 1
13 10 1
13 12 1
13 14 1
13 16 1
13 19 1
13 23 1
14 4 1
14 8 1
14 9 1
14 11 1
14 12 1
14 13 1
14 18 1
14 19 1
14 24 1
15 10 1
15 11 1
15 12 1
15 16 1
15 17 1
15 18 1
15 20 1
15 21 1
15 22 1
16 10 1
16 12 1
16 13 1
16 15 1
16 17 1
16 19 1
16 20 1
16 22 1
16 23 1
17 12 1
17 15 1
17 16 1
17 18 1
17 19 1
17 22 1
18 11 1
18 12 1
18 14 1
18 15 1
18 17 1
18 19 1
18 21 1
18 22 1
18 24 1
19 12 1
19 13 1
19 14 1
19 16 1
19 17 1
19 18 1
19 22 1
19 23 1
19 24 1
20 10 1
20 15 1
20 16 1
20 21 1
20 22 1
20 23 1
20 25 1
20 26 1
20 30 1
21 11 1
21 15 1
21 18 1
21 20 1
21 22 1
21 24 1
21 25 1
21 28 1
21 31 1
22 15 1
22 16 1
22 17 1
22 18 1
22 19 1
22 20 1
22 21 1
22 23 1
22 24 1
22 25 1
22 26 1
22 27 1
22 28 1
22 29 1
23 13 1
23 16 1
23 19 1
23 20 1
23 22 1
23 24 1
23 26 1
23 29 1
23 33 1
24 14 1
24 18 1
24 19 1
24 21 1
24 22 1
24 23 1
24 28 1
24 29 1
24 34 1
25 20 1
25 21 1
25 22 1
25 26 1
25 27 1
25 28 1
25 30 1
25 31 1
25 32 1
26 20 1
26 22 1
26 23 1
26 25 1
26 27 1
26 29 1
26 30 1
26 32 1
26 33 1
27 22 1
27 25 1
27 26 1
27 28 1
27 29 1
27 32 1
28 21 1
28 22 1
28 24 1
28 25 1
28 27 1
28 29 1
28 31 1
28 32 1
28 34 1
29 22 1
29 23 1
29 24 1
29 26 1
29 27 1
29 28 1
29 32 1
29 33 1
29 34 1
30 20 1
30 25 1
30 26 1
30 31 1
30 32 1
30 33 1
30 35 1
30 36 1
30 40 1
31 21 1
31 25 1
31 28 1
31 30 1
31 32 1
31 34 1
31 35 1
31 38 1
31 41 1
32 25 1
32 26 1
32 27 1
32 28 1
32 29 1
32 30 1
32 31 1
32 33 1
32 34 1
32 35 1
32 36 1
32 37 1
32 38 1
32 39 1
33 23 1
33 26 1
33 29 1
33 30 1
33 32 1
33 34 1
33 36 1
33 39 1
33 43 1
34 24 1
34 28 1
34 29 1
34 31 1
34 32 1
34 33 1
34 38 1
34 39 1
34 44 1
35 30 1
35 31 1
35 32 1
35 36 1
35 37 1
35 38 1
35 40 1
35 41 1
35 42 1
36 30 1
36 32 1
36 33 1
36 35 1
36 37 1
36 39 1
36 40 1
36 42 1
36 43 1
37 32 1
37 35 1
37 36 1
37 38 1
37 39 1
37 42 1
38 31 1
38 32 1
38 34 1
38 35 1
38 37 1
38 39 1
38 41 1
38 42 1
38 44 1
39 32 1
39 33 1
39 34 1
39 36 1
39 37 1
39 38 1
39 42 1
39 43 1
39 44 1
40 30 1
40 35 1
40 36 1
40 41 1
40 42 1
40 43 1
41 31 1
41 35 1
41 38 1
41 40 1
41 42 1
41 44 1
42 35 1
42 36 1
42 37 1
42 38 1
42 39 1
42 40 1
42 41 1
42 43 1
42 44 1
43 33 1
43 36 1
43 39 1
43 40 1
43 42 1
43 44 1
44 34 1
44 38 1
44 39 1
44 41 1
44 42 1
44 43 1
