0 1 1
0 2 1
0 3 1
0 4 1
0 5 1
0 6 1
0 7 1
0 8 1
0 9 1
0 10 1
1 0 1
1 2 1
1 3 1
1 4 1
1 5 1
1 6 1
1 11 1
1 12 1
1 13 1
1 14 1
1 15 1
1 16 1
1 17 1
2 0 1
2 1 1
2 3 1
2 4 1
2 5 1
2 11 1
2 18 1
2 19 1
2 20 1
2 21 1
3 0 1
3 1 1
3 2 1
3 4 1
3 5 1
3 8 1
3 13 1
3 25 1
3 26 1
3 27 1
3 28 1
3 29 1
3 30 1
4 0 1
4 1 1
4 2 1
4 3 1
4 5 1
4 14 1
4 19 1
4 25 1
4 31 1
4 32 1
4 33 1
4 34 1
4 35 1
5 0 1
5 1 1
5 2 1
5 3 1
5 4 1
5 28 1
5 33 1
5 46 1
5 47 1
5 48 1
5 49 1
5 50 1
5 51 1
6 0 1
6 1 1
6 7 1
6 8 1
6 9 1
6 10 1
6 11 1
6 12 1
6 13 1
6 14 1
6 15 1
6 16 1
6 17 1
7 0 1
7 6 1
7 8 1
7 9 1
7 10 1
7 12 1
7 18 1
7 22 1
7 23 1
7 24 1
8 0 1
8 3 1
8 6 1
8 7 1
8 9 1
8 10 1
8 13 1
8 25 1
8 26 1
8 27 1
8 28 1
8 29 1
8 30 1
9 0 1
9 6 1
9 7 1
9 8 1
9 10 1
9 16 1
9 22 1
9 27 1
9 36 1
9 39 1
9 40 1
9 41 1
9 42 1
10 0 1
10 6 1
10 7 1
10 8 1
10 9 1
10 29 1
10 40 1
10 46 1
10 52 1
10 53 1
10 54 1
10 55 1
10 56 1
11 1 1
11 2 1
11 6 1
11 12 1
11 13 1
11 14 1
11 15 1
11 16 1
11 17 1
11 18 1
11 19 1
11 20 1
11 21 1
12 1 1
12 6 1
12 7 1
12 11 1
12 13 1
12 14 1
12 15 1
12 16 1
12 17 1
12 18 1
12 22 1
12 23 1
12 24 1
13 1 1
13 3 1
13 6 1
13 8 1
13 11 1
13 12 1
13 14 1
13 15 1
13 16 1
13 17 1
13 25 1
13 26 1
13 27 1
13 28 1
13 29 1
13 30 1
14 1 1
14 4 1
14 6 1
14 11 1
14 12 1
14 13 1
14 15 1
14 16 1
14 17 1
14 19 1
14 25 1
14 31 1
14 32 1
14 33 1
14 34 1
14 35 1
15 1 1
15 6 1
15 11 1
15 12 1
15 13 1
15 14 1
15 16 1
15 17 1
15 26 1
15 31 1
15 36 1
15 37 1
15 38 1
16 1 1
16 6 1
16 9 1
16 11 1
16 12 1
16 13 1
16 14 1
16 15 1
16 17 1
16 22 1
16 27 1
16 36 1
16 39 1
16 40 1
16 41 1
16 42 1
17 1 1
17 6 1
17 11 1
17 12 1
17 13 1
17 14 1
17 15 1
17 16 1
17 20 1
17 23 1
17 32 1
17 37 1
17 39 1
17 43 1
17 44 1
17 45 1
18 2 1
18 7 1
18 11 1
18 12 1
18 19 1
18 20 1
18 21 1
18 22 1
18 23 1
18 24 1
19 2 1
19 4 1
19 11 1
19 14 1
19 18 1
19 20 1
19 21 1
19 25 1
19 31 1
19 32 1
19 33 1
19 34 1
19 35 1
20 2 1
20 11 1
20 17 1
20 18 1
20 19 1
20 21 1
20 23 1
20 32 1
20 37 1
20 39 1
20 43 1
20 44 1
20 45 1
21 2 1
21 11 1
21 18 1
21 19 1
21 20 1
21 35 1
21 44 1
21 48 1
21 57 1
21 64 1
21 65 1
21 66 1
21 67 1
22 7 1
22 9 1
22 12 1
22 16 1
22 18 1
22 23 1
22 24 1
22 27 1
22 36 1
22 39 1
22 40 1
22 41 1
22 42 1
23 7 1
23 12 1
23 17 1
23 18 1
23 20 1
23 22 1
23 24 1
23 32 1
23 37 1
23 39 1
23 43 1
23 44 1
23 45 1
24 7 1
24 12 1
24 18 1
24 22 1
24 23 1
24 42 1
24 45 1
24 53 1
24 58 1
24 64 1
24 68 1
24 69 1
24 70 1
25 3 1
25 4 1
25 8 1
25 13 1
25 14 1
25 19 1
25 26 1
25 27 1
25 28 1
25 29 1
25 30 1
25 31 1
25 32 1
25 33 1
25 34 1
25 35 1
26 3 1
26 8 1
26 13 1
26 15 1
26 25 1
26 27 1
26 28 1
26 29 1
26 30 1
26 31 1
26 36 1
26 37 1
26 38 1
27 3 1
27 8 1
27 9 1
27 13 1
27 16 1
27 22 1
27 25 1
27 26 1
27 28 1
27 29 1
27 30 1
27 36 1
27 39 1
27 40 1
27 41 1
27 42 1
28 3 1
28 5 1
28 8 1
28 13 1
28 25 1
28 26 1
28 27 1
28 29 1
28 30 1
28 33 1
28 46 1
28 47 1
28 48 1
28 49 1
28 50 1
28 51 1
29 3 1
29 8 1
29 10 1
29 13 1
29 25 1
29 26 1
29 27 1
29 28 1
29 30 1
29 40 1
29 46 1
29 52 1
29 53 1
29 54 1
29 55 1
29 56 1
30 3 1
30 8 1
30 13 1
30 25 1
30 26 1
30 27 1
30 28 1
30 29 1
30 34 1
30 38 1
30 41 1
30 43 1
30 47 1
30 52 1
30 57 1
30 58 1
30 59 1
30 60 1
30 61 1
30 62 1
30 63 1
31 4 1
31 14 1
31 15 1
31 19 1
31 25 1
31 26 1
31 32 1
31 33 1
31 34 1
31 35 1
31 36 1
31 37 1
31 38 1
32 4 1
32 14 1
32 17 1
32 19 1
32 20 1
32 23 1
32 25 1
32 31 1
32 33 1
32 34 1
32 35 1
32 37 1
32 39 1
32 43 1
32 44 1
32 45 1
33 4 1
33 5 1
33 14 1
33 19 1
33 25 1
33 28 1
33 31 1
33 32 1
33 34 1
33 35 1
33 46 1
33 47 1
33 48 1
33 49 1
33 50 1
33 51 1
34 4 1
34 14 1
34 19 1
34 25 1
34 30 1
34 31 1
34 32 1
34 33 1
34 35 1
34 38 1
34 41 1
34 43 1
34 47 1
34 52 1
34 57 1
34 58 1
34 59 1
34 60 1
34 61 1
34 62 1
34 63 1
35 4 1
35 14 1
35 19 1
35 21 1
35 25 1
35 31 1
35 32 1
35 33 1
35 34 1
35 44 1
35 48 1
35 57 1
35 64 1
35 65 1
35 66 1
35 67 1
36 9 1
36 15 1
36 16 1
36 22 1
36 26 1
36 27 1
36 31 1
36 37 1
36 38 1
36 39 1
36 40 1
36 41 1
36 42 1
37 15 1
37 17 1
37 20 1
37 23 1
37 26 1
37 31 1
37 32 1
37 36 1
37 38 1
37 39 1
37 43 1
37 44 1
37 45 1
38 15 1
38 26 1
38 30 1
38 31 1
38 34 1
38 36 1
38 37 1
38 41 1
38 43 1
38 47 1
38 52 1
38 57 1
38 58 1
38 59 1
38 60 1
38 61 1
38 62 1
38 63 1
39 9 1
39 16 1
39 17 1
39 20 1
39 22 1
39 23 1
39 27 1
39 32 1
39 36 1
39 37 1
39 40 1
39 41 1
39 42 1
39 43 1
39 44 1
39 45 1
40 9 1
40 10 1
40 16 1
40 22 1
40 27 1
40 29 1
40 36 1
40 39 1
40 41 1
40 42 1
40 46 1
40 52 1
40 53 1
40 54 1
40 55 1
40 56 1
41 9 1
41 16 1
41 22 1
41 27 1
41 30 1
41 34 1
41 36 1
41 38 1
41 39 1
41 40 1
41 42 1
41 43 1
41 47 1
41 52 1
41 57 1
41 58 1
41 59 1
41 60 1
41 61 1
41 62 1
41 63 1
42 9 1
42 16 1
42 22 1
42 24 1
42 27 1
42 36 1
42 39 1
42 40 1
42 41 1
42 45 1
42 53 1
42 58 1
42 64 1
42 68 1
42 69 1
42 70 1
43 17 1
43 20 1
43 23 1
43 30 1
43 32 1
43 34 1
43 37 1
43 38 1
43 39 1
43 41 1
43 44 1
43 45 1
43 47 1
43 52 1
43 57 1
43 58 1
43 59 1
43 60 1
43 61 1
43 62 1
43 63 1
44 17 1
44 20 1
44 21 1
44 23 1
44 32 1
44 35 1
44 37 1
44 39 1
44 43 1
44 45 1
44 48 1
44 57 1
44 64 1
44 65 1
44 66 1
44 67 1
45 17 1
45 20 1
45 23 1
45 24 1
45 32 1
45 37 1
45 39 1
45 42 1
45 43 1
45 44 1
45 53 1
45 58 1
45 64 1
45 68 1
45 69 1
45 70 1
46 5 1
46 10 1
46 28 1
46 29 1
46 33 1
46 40 1
46 47 1
46 48 1
46 49 1
46 50 1
46 51 1
46 52 1
46 53 1
46 54 1
46 55 1
46 56 1
47 5 1
47 28 1
47 30 1
47 33 1
47 34 1
47 38 1
47 41 1
47 43 1
47 46 1
47 48 1
47 49 1
47 50 1
47 51 1
47 52 1
47 57 1
47 58 1
47 59 1
47 60 1
47 61 1
47 62 1
47 63 1
48 5 1
48 21 1
48 28 1
48 33 1
48 35 1
48 44 1
48 46 1
48 47 1
48 49 1
48 50 1
48 51 1
48 57 1
48 64 1
48 65 1
48 66 1
48 67 1
49 5 1
49 28 1
49 33 1
49 46 1
49 47 1
49 48 1
49 50 1
49 51 1
49 54 1
49 59 1
49 71 1
49 72 1
49 73 1
49 74 1
49 75 1
49 76 1
50 5 1
50 28 1
50 33 1
50 46 1
50 47 1
50 48 1
50 49 1
50 51 1
50 60 1
50 65 1
50 71 1
50 77 1
50 78 1
50 79 1
50 80 1
50 81 1
51 5 1
51 28 1
51 33 1
51 46 1
51 47 1
51 48 1
51 49 1
51 50 1
51 74 1
51 79 1
51 92 1
51 93 1
51 94 1
51 95 1
51 96 1
51 97 1
52 10 1
52 29 1
52 30 1
52 34 1
52 38 1
52 40 1
52 41 1
52 43 1
52 46 1
52 47 1
52 53 1
52 54 1
52 55 1
52 56 1
52 57 1
52 58 1
52 59 1
52 60 1
52 61 1
52 62 1
52 63 1
53 10 1
53 24 1
53 29 1
53 40 1
53 42 1
53 45 1
53 46 1
53 52 1
53 54 1
53 55 1
53 56 1
53 58 1
53 64 1
53 68 1
53 69 1
53 70 1
54 10 1
54 29 1
54 40 1
54 46 1
54 49 1
54 52 1
54 53 1
54 55 1
54 56 1
54 59 1
54 71 1
54 72 1
54 73 1
54 74 1
54 75 1
54 76 1
55 10 1
55 29 1
55 40 1
55 46 1
55 52 1
55 53 1
55 54 1
55 56 1
55 62 1
55 68 1
55 73 1
55 82 1
55 85 1
55 86 1
55 87 1
55 88 1
56 10 1
56 29 1
56 40 1
56 46 1
56 52 1
56 53 1
56 54 1
56 55 1
56 75 1
56 86 1
56 92 1
56 98 1
56 99 1
56 100 1
56 101 1
56 102 1
57 21 1
57 30 1
57 34 1
57 35 1
57 38 1
57 41 1
57 43 1
57 44 1
57 47 1
57 48 1
57 52 1
57 58 1
57 59 1
57 60 1
57 61 1
57 62 1
57 63 1
57 64 1
57 65 1
57 66 1
57 67 1
58 24 1
58 30 1
58 34 1
58 38 1
58 41 1
58 42 1
58 43 1
58 45 1
58 47 1
58 52 1
58 53 1
58 57 1
58 59 1
58 60 1
58 61 1
58 62 1
58 63 1
58 64 1
58 68 1
58 69 1
58 70 1
59 30 1
59 34 1
59 38 1
59 41 1
59 43 1
59 47 1
59 49 1
59 52 1
59 54 1
59 57 1
59 58 1
59 60 1
59 61 1
59 62 1
59 63 1
59 71 1
59 72 1
59 73 1
59 74 1
59 75 1
59 76 1
60 30 1
60 34 1
60 38 1
60 41 1
60 43 1
60 47 1
60 50 1
60 52 1
60 57 1
60 58 1
60 59 1
60 61 1
60 62 1
60 63 1
60 65 1
60 71 1
60 77 1
60 78 1
60 79 1
60 80 1
60 81 1
61 30 1
61 34 1
61 38 1
61 41 1
61 43 1
61 47 1
61 52 1
61 57 1
61 58 1
61 59 1
61 60 1
61 62 1
61 63 1
61 72 1
61 77 1
61 82 1
61 83 1
61 84 1
62 30 1
62 34 1
62 38 1
62 41 1
62 43 1
62 47 1
62 52 1
62 55 1
62 57 1
62 58 1
62 59 1
62 60 1
62 61 1
62 63 1
62 68 1
62 73 1
62 82 1
62 85 1
62 86 1
62 87 1
62 88 1
63 30 1
63 34 1
63 38 1
63 41 1
63 43 1
63 47 1
63 52 1
63 57 1
63 58 1
63 59 1
63 60 1
63 61 1
63 62 1
63 66 1
63 69 1
63 78 1
63 83 1
63 85 1
63 89 1
63 90 1
63 91 1
64 21 1
64 24 1
64 35 1
64 42 1
64 44 1
64 45 1
64 48 1
64 53 1
64 57 1
64 58 1
64 65 1
64 66 1
64 67 1
64 68 1
64 69 1
64 70 1
65 21 1
65 35 1
65 44 1
65 48 1
65 50 1
65 57 1
65 60 1
65 64 1
65 66 1
65 67 1
65 71 1
65 77 1
65 78 1
65 79 1
65 80 1
65 81 1
66 21 1
66 35 1
66 44 1
66 48 1
66 57 1
66 63 1
66 64 1
66 65 1
66 67 1
66 69 1
66 78 1
66 83 1
66 85 1
66 89 1
66 90 1
66 91 1
67 21 1
67 35 1
67 44 1
67 48 1
67 57 1
67 64 1
67 65 1
67 66 1
67 81 1
67 90 1
67 94 1
67 103 1
67 110 1
67 111 1
67 112 1
67 113 1
68 24 1
68 42 1
68 45 1
68 53 1
68 55 1
68 58 1
68 62 1
68 64 1
68 69 1
68 70 1
68 73 1
68 82 1
68 85 1
68 86 1
68 87 1
68 88 1
69 24 1
69 42 1
69 45 1
69 53 1
69 58 1
69 63 1
69 64 1
69 66 1
69 68 1
69 70 1
69 78 1
69 83 1
69 85 1
69 89 1
69 90 1
69 91 1
70 24 1
70 42 1
70 45 1
70 53 1
70 58 1
70 64 1
70 68 1
70 69 1
70 88 1
70 91 1
70 99 1
70 104 1
70 110 1
70 114 1
70 115 1
70 116 1
71 49 1
71 50 1
71 54 1
71 59 1
71 60 1
71 65 1
71 72 1
71 73 1
71 74 1
71 75 1
71 76 1
71 77 1
71 78 1
71 79 1
71 80 1
71 81 1
72 49 1
72 54 1
72 59 1
72 61 1
72 71 1
72 73 1
72 74 1
72 75 1
72 76 1
72 77 1
72 82 1
72 83 1
72 84 1
73 49 1
73 54 1
73 55 1
73 59 1
73 62 1
73 68 1
73 71 1
73 72 1
73 74 1
73 75 1
73 76 1
73 82 1
73 85 1
73 86 1
73 87 1
73 88 1
74 49 1
74 51 1
74 54 1
74 59 1
74 71 1
74 72 1
74 73 1
74 75 1
74 76 1
74 79 1
74 92 1
74 93 1
74 94 1
74 95 1
74 96 1
74 97 1
75 49 1
75 54 1
75 56 1
75 59 1
75 71 1
75 72 1
75 73 1
75 74 1
75 76 1
75 86 1
75 92 1
75 98 1
75 99 1
75 100 1
75 101 1
75 102 1
76 49 1
76 54 1
76 59 1
76 71 1
76 72 1
76 73 1
76 74 1
76 75 1
76 80 1
76 84 1
76 87 1
76 89 1
76 93 1
76 98 1
76 103 1
76 104 1
76 105 1
76 106 1
76 107 1
76 108 1
76 109 1
77 50 1
77 60 1
77 61 1
77 65 1
77 71 1
77 72 1
77 78 1
77 79 1
77 80 1
77 81 1
77 82 1
77 83 1
77 84 1
78 50 1
78 60 1
78 63 1
78 65 1
78 66 1
78 69 1
78 71 1
78 77 1
78 79 1
78 80 1
78 81 1
78 83 1
78 85 1
78 89 1
78 90 1
78 91 1
79 50 1
79 51 1
79 60 1
79 65 1
79 71 1
79 74 1
79 77 1
79 78 1
79 80 1
79 81 1
79 92 1
79 93 1
79 94 1
79 95 1
79 96 1
79 97 1
80 50 1
80 60 1
80 65 1
80 71 1
80 76 1
80 77 1
80 78 1
80 79 1
80 81 1
80 84 1
80 87 1
80 89 1
80 93 1
80 98 1
80 103 1
80 104 1
80 105 1
80 106 1
80 107 1
80 108 1
80 109 1
81 50 1
81 60 1
81 65 1
81 67 1
81 71 1
81 77 1
81 78 1
81 79 1
81 80 1
81 90 1
81 94 1
81 103 1
81 110 1
81 111 1
81 112 1
81 113 1
82 55 1
82 61 1
82 62 1
82 68 1
82 72 1
82 73 1
82 77 1
82 83 1
82 84 1
82 85 1
82 86 1
82 87 1
82 88 1
83 61 1
83 63 1
83 66 1
83 69 1
83 72 1
83 77 1
83 78 1
83 82 1
83 84 1
83 85 1
83 89 1
83 90 1
83 91 1
84 61 1
84 72 1
84 76 1
84 77 1
84 80 1
84 82 1
84 83 1
84 87 1
84 89 1
84 93 1
84 98 1
84 103 1
84 104 1
84 105 1
84 106 1
84 107 1
84 108 1
84 109 1
85 55 1
85 62 1
85 63 1
85 66 1
85 68 1
85 69 1
85 73 1
85 78 1
85 82 1
85 83 1
85 86 1
85 87 1
85 88 1
85 89 1
85 90 1
85 91 1
86 55 1
86 56 1
86 62 1
86 68 1
86 73 1
86 75 1
86 82 1
86 85 1
86 87 1
86 88 1
86 92 1
86 98 1
86 99 1
86 100 1
86 101 1
86 102 1
87 55 1
87 62 1
87 68 1
87 73 1
87 76 1
87 80 1
87 82 1
87 84 1
87 85 1
87 86 1
87 88 1
87 89 1
87 93 1
87 98 1
87 103 1
87 104 1
87 105 1
87 106 1
87 107 1
87 108 1
87 109 1
88 55 1
88 62 1
88 68 1
88 70 1
88 73 1
88 82 1
88 85 1
88 86 1
88 87 1
88 91 1
88 99 1
88 104 1
88 110 1
88 114 1
88 115 1
88 116 1
89 63 1
89 66 1
89 69 1
89 76 1
89 78 1
89 80 1
89 83 1
89 84 1
89 85 1
89 87 1
89 90 1
89 91 1
89 93 1
89 98 1
89 103 1
89 104 1
89 105 1
89 106 1
89 107 1
89 108 1
89 109 1
90 63 1
90 66 1
90 67 1
90 69 1
90 78 1
90 81 1
90 83 1
90 85 1
90 89 1
90 91 1
90 94 1
90 103 1
90 110 1
90 111 1
90 112 1
90 113 1
91 63 1
91 66 1
91 69 1
91 70 1
91 78 1
91 83 1
91 85 1
91 88 1
91 89 1
91 90 1
91 99 1
91 104 1
91 110 1
91 114 1
91 115 1
91 116 1
92 51 1
92 56 1
92 74 1
92 75 1
92 79 1
92 86 1
92 93 1
92 94 1
92 95 1
92 96 1
92 97 1
92 98 1
92 99 1
92 100 1
92 101 1
92 102 1
93 51 1
93 74 1
93 76 1
93 79 1
93 80 1
93 84 1
93 87 1
93 89 1
93 92 1
93 94 1
93 95 1
93 96 1
93 97 1
93 98 1
93 103 1
93 104 1
93 105 1
93 106 1
93 107 1
93 108 1
93 109 1
94 51 1
94 67 1
94 74 1
94 79 1
94 81 1
94 90 1
94 92 1
94 93 1
94 95 1
94 96 1
94 97 1
94 103 1
94 110 1
94 111 1
94 112 1
94 113 1
95 51 1
95 74 1
95 79 1
95 92 1
95 93 1
95 94 1
95 96 1
95 97 1
95 100 1
95 105 1
95 117 1
95 118 1
95 119 1
95 120 1
95 121 1
95 122 1
96 51 1
96 74 1
96 79 1
96 92 1
96 93 1
96 94 1
96 95 1
96 97 1
96 106 1
96 111 1
96 117 1
96 123 1
96 124 1
96 125 1
96 126 1
96 127 1
97 51 1
97 74 1
97 79 1
97 92 1
97 93 1
97 94 1
97 95 1
97 96 1
97 120 1
97 125 1
97 138 1
97 139 1
97 140 1
97 141 1
97 142 1
97 143 1
98 56 1
98 75 1
98 76 1
98 80 1
98 84 1
98 86 1
98 87 1
98 89 1
98 92 1
98 93 1
98 99 1
98 100 1
98 101 1
98 102 1
98 103 1
98 104 1
98 105 1
98 106 1
98 107 1
98 108 1
98 109 1
99 56 1
99 70 1
99 75 1
99 86 1
99 88 1
99 91 1
99 92 1
99 98 1
99 100 1
99 101 1
99 102 1
99 104 1
99 110 1
99 114 1
99 115 1
99 116 1
100 56 1
100 75 1
100 86 1
100 92 1
100 95 1
100 98 1
100 99 1
100 101 1
100 102 1
100 105 1
100 117 1
100 118 1
100 119 1
100 120 1
100 121 1
100 122 1
101 56 1
101 75 1
101 86 1
101 92 1
101 98 1
101 99 1
101 100 1
101 102 1
101 108 1
101 114 1
101 119 1
101 128 1
101 131 1
101 132 1
101 133 1
101 134 1
102 56 1
102 75 1
102 86 1
102 92 1
102 98 1
102 99 1
102 100 1
102 101 1
102 121 1
102 132 1
102 138 1
102 144 1
102 145 1
102 146 1
102 147 1
102 148 1
103 67 1
103 76 1
103 80 1
103 81 1
103 84 1
103 87 1
103 89 1
103 90 1
103 93 1
103 94 1
103 98 1
103 104 1
103 105 1
103 106 1
103 107 1
103 108 1
103 109 1
103 110 1
103 111 1
103 112 1
103 113 1
104 70 1
104 76 1
104 80 1
104 84 1
104 87 1
104 88 1
104 89 1
104 91 1
104 93 1
104 98 1
104 99 1
104 103 1
104 105 1
104 106 1
104 107 1
104 108 1
104 109 1
104 110 1
104 114 1
104 115 1
104 116 1
105 76 1
105 80 1
105 84 1
105 87 1
105 89 1
105 93 1
105 95 1
105 98 1
105 100 1
105 103 1
105 104 1
105 106 1
105 107 1
105 108 1
105 109 1
105 117 1
105 118 1
105 119 1
105 120 1
105 121 1
105 122 1
106 76 1
106 80 1
106 84 1
106 87 1
106 89 1
106 93 1
106 96 1
106 98 1
106 103 1
106 104 1
106 105 1
106 107 1
106 108 1
106 109 1
106 111 1
106 117 1
106 123 1
106 124 1
106 125 1
106 126 1
106 127 1
107 76 1
107 80 1
107 84 1
107 87 1
107 89 1
107 93 1
107 98 1
107 103 1
107 104 1
107 105 1
107 106 1
107 108 1
107 109 1
107 118 1
107 123 1
107 128 1
107 129 1
107 130 1
108 76 1
108 80 1
108 84 1
108 87 1
108 89 1
108 93 1
108 98 1
108 101 1
108 103 1
108 104 1
108 105 1
108 106 1
108 107 1
108 109 1
108 114 1
108 119 1
108 128 1
108 131 1
108 132 1
108 133 1
108 134 1
109 76 1
109 80 1
109 84 1
109 87 1
109 89 1
109 93 1
109 98 1
109 103 1
109 104 1
109 105 1
109 106 1
109 107 1
109 108 1
109 112 1
109 115 1
109 124 1
109 129 1
109 131 1
109 135 1
109 136 1
109 137 1
110 67 1
110 70 1
110 81 1
110 88 1
110 90 1
110 91 1
110 94 1
110 99 1
110 103 1
110 104 1
110 111 1
110 112 1
110 113 1
110 114 1
110 115 1
110 116 1
111 67 1
111 81 1
111 90 1
111 94 1
111 96 1
111 103 1
111 106 1
111 110 1
111 112 1
111 113 1
111 117 1
111 123 1
111 124 1
111 125 1
111 126 1
111 127 1
112 67 1
112 81 1
112 90 1
112 94 1
112 103 1
112 109 1
112 110 1
112 111 1
112 113 1
112 115 1
112 124 1
112 129 1
112 131 1
112 135 1
112 136 1
112 137 1
113 67 1
113 81 1
113 90 1
113 94 1
113 103 1
113 110 1
113 111 1
113 112 1
113 127 1
113 136 1
113 140 1
113 149 1
113 156 1
113 157 1
113 158 1
113 159 1
114 70 1
114 88 1
114 91 1
114 99 1
114 101 1
114 104 1
114 108 1
114 110 1
114 115 1
114 116 1
114 119 1
114 128 1
114 131 1
114 132 1
114 133 1
114 134 1
115 70 1
115 88 1
115 91 1
115 99 1
115 104 1
115 109 1
115 110 1
115 112 1
115 114 1
115 116 1
115 124 1
115 129 1
115 131 1
115 135 1
115 136 1
115 137 1
116 70 1
116 88 1
116 91 1
116 99 1
116 104 1
116 110 1
116 114 1
116 115 1
116 134 1
116 137 1
116 145 1
116 150 1
116 156 1
116 160 1
116 161 1
116 162 1
117 95 1
117 96 1
117 100 1
117 105 1
117 106 1
117 111 1
117 118 1
117 119 1
117 120 1
117 121 1
117 122 1
117 123 1
117 124 1
117 125 1
117 126 1
117 127 1
118 95 1
118 100 1
118 105 1
118 107 1
118 117 1
118 119 1
118 120 1
118 121 1
118 122 1
118 123 1
118 128 1
118 129 1
118 130 1
119 95 1
119 100 1
119 101 1
119 105 1
119 108 1
119 114 1
119 117 1
119 118 1
119 120 1
119 121 1
119 122 1
119 128 1
119 131 1
119 132 1
119 133 1
119 134 1
120 95 1
120 97 1
120 100 1
120 105 1
120 117 1
120 118 1
120 119 1
120 121 1
120 122 1
120 125 1
120 138 1
120 139 1
120 140 1
120 141 1
120 142 1
120 143 1
121 95 1
121 100 1
121 102 1
121 105 1
121 117 1
121 118 1
121 119 1
121 120 1
121 122 1
121 132 1
121 138 1
121 144 1
121 145 1
121 146 1
121 147 1
121 148 1
122 95 1
122 100 1
122 105 1
122 117 1
122 118 1
122 119 1
122 120 1
122 121 1
122 126 1
122 130 1
122 133 1
122 135 1
122 139 1
122 144 1
122 149 1
122 150 1
122 151 1
122 152 1
122 153 1
122 154 1
122 155 1
123 96 1
123 106 1
123 107 1
123 111 1
123 117 1
123 118 1
123 124 1
123 125 1
123 126 1
123 127 1
123 128 1
123 129 1
123 130 1
124 96 1
124 106 1
124 109 1
124 111 1
124 112 1
124 115 1
124 117 1
124 123 1
124 125 1
124 126 1
124 127 1
124 129 1
124 131 1
124 135 1
124 136 1
124 137 1
125 96 1
125 97 1
125 106 1
125 111 1
125 117 1
125 120 1
125 123 1
125 124 1
125 126 1
125 127 1
125 138 1
125 139 1
125 140 1
125 141 1
125 142 1
125 143 1
126 96 1
126 106 1
126 111 1
126 117 1
126 122 1
126 123 1
126 124 1
126 125 1
126 127 1
126 130 1
126 133 1
126 135 1
126 139 1
126 144 1
126 149 1
126 150 1
126 151 1
126 152 1
126 153 1
126 154 1
126 155 1
127 96 1
127 106 1
127 111 1
127 113 1
127 117 1
127 123 1
127 124 1
127 125 1
127 126 1
127 136 1
127 140 1
127 149 1
127 156 1
127 157 1
127 158 1
127 159 1
128 101 1
128 107 1
128 108 1
128 114 1
128 118 1
128 119 1
128 123 1
128 129 1
128 130 1
128 131 1
128 132 1
128 133 1
128 134 1
129 107 1
129 109 1
129 112 1
129 115 1
129 118 1
129 123 1
129 124 1
129 128 1
129 130 1
129 131 1
129 135 1
129 136 1
129 137 1
130 107 1
130 118 1
130 122 1
130 123 1
130 126 1
130 128 1
130 129 1
130 133 1
130 135 1
130 139 1
130 144 1
130 149 1
130 150 1
130 151 1
130 152 1
130 153 1
130 154 1
130 155 1
131 101 1
131 108 1
131 109 1
131 112 1
131 114 1
131 115 1
131 119 1
131 124 1
131 128 1
131 129 1
131 132 1
131 133 1
131 134 1
131 135 1
131 136 1
131 137 1
132 101 1
132 102 1
132 108 1
132 114 1
132 119 1
132 121 1
132 128 1
132 131 1
132 133 1
132 134 1
132 138 1
132 144 1
132 145 1
132 146 1
132 147 1
132 148 1
133 101 1
133 108 1
133 114 1
133 119 1
133 122 1
133 126 1
133 128 1
133 130 1
133 131 1
133 132 1
133 134 1
133 135 1
133 139 1
133 144 1
133 149 1
133 150 1
133 151 1
133 152 1
133 153 1
133 154 1
133 155 1
134 101 1
134 108 1
134 114 1
134 116 1
134 119 1
134 128 1
134 131 1
134 132 1
134 133 1
134 137 1
134 145 1
134 150 1
134 156 1
134 160 1
134 161 1
134 162 1
135 109 1
135 112 1
135 115 1
135 122 1
135 124 1
135 126 1
135 129 1
135 130 1
135 131 1
135 133 1
135 136 1
135 137 1
135 139 1
135 144 1
135 149 1
135 150 1
135 151 1
135 152 1
135 153 1
135 154 1
135 155 1
136 109 1
136 112 1
136 113 1
136 115 1
136 124 1
136 127 1
136 129 1
136 131 1
136 135 1
136 137 1
136 140 1
136 149 1
136 156 1
136 157 1
136 158 1
136 159 1
137 109 1
137 112 1
137 115 1
137 116 1
137 124 1
137 129 1
137 131 1
137 134 1
137 135 1
137 136 1
137 145 1
137 150 1
137 156 1
137 160 1
137 161 1
137 162 1
138 97 1
138 102 1
138 120 1
138 121 1
138 125 1
138 132 1
138 139 1
138 140 1
138 141 1
138 142 1
138 143 1
138 144 1
138 145 1
138 146 1
138 147 1
138 148 1
139 97 1
139 120 1
139 122 1
139 125 1
139 126 1
139 130 1
139 133 1
139 135 1
139 138 1
139 140 1
139 141 1
139 142 1
139 143 1
139 144 1
139 149 1
139 150 1
139 151 1
139 152 1
139 153 1
139 154 1
139 155 1
140 97 1
140 113 1
140 120 1
140 125 1
140 127 1
140 136 1
140 138 1
140 139 1
140 141 1
140 142 1
140 143 1
140 149 1
140 156 1
140 157 1
140 158 1
140 159 1
141 97 1
141 120 1
141 125 1
141 138 1
141 139 1
141 140 1
141 142 1
141 143 1
141 146 1
141 151 1
141 163 1
141 164 1
141 165 1
141 166 1
141 167 1
141 168 1
142 97 1
142 120 1
142 125 1
142 138 1
142 139 1
142 140 1
142 141 1
142 143 1
142 152 1
142 157 1
142 163 1
142 169 1
142 170 1
142 171 1
142 172 1
142 173 1
143 97 1
143 120 1
143 125 1
143 138 1
143 139 1
143 140 1
143 141 1
143 142 1
143 166 1
143 171 1
143 184 1
143 185 1
143 186 1
144 102 1
144 121 1
144 122 1
144 126 1
144 130 1
144 132 1
144 133 1
144 135 1
144 138 1
144 139 1
144 145 1
144 146 1
144 147 1
144 148 1
144 149 1
144 150 1
144 151 1
144 152 1
144 153 1
144 154 1
144 155 1
145 102 1
145 116 1
145 121 1
145 132 1
145 134 1
145 137 1
145 138 1
145 144 1
145 146 1
145 147 1
145 148 1
145 150 1
145 156 1
145 160 1
145 161 1
145 162 1
146 102 1
146 121 1
146 132 1
146 138 1
146 141 1
146 144 1
146 145 1
146 147 1
146 148 1
146 151 1
146 163 1
146 164 1
146 165 1
146 166 1
146 167 1
146 168 1
147 102 1
147 121 1
147 132 1
147 138 1
147 144 1
147 145 1
147 146 1
147 148 1
147 154 1
147 160 1
147 165 1
147 174 1
147 177 1
147 178 1
147 179 1
147 180 1
148 102 1
148 121 1
148 132 1
148 138 1
148 144 1
148 145 1
148 146 1
148 147 1
148 167 1
148 178 1
148 184 1
148 187 1
148 188 1
149 113 1
149 122 1
149 126 1
149 127 1
149 130 1
149 133 1
149 135 1
149 136 1
149 139 1
149 140 1
149 144 1
149 150 1
149 151 1
149 152 1
149 153 1
149 154 1
149 155 1
149 156 1
149 157 1
149 158 1
149 159 1
150 116 1
150 122 1
150 126 1
150 130 1
150 133 1
150 134 1
150 135 1
150 137 1
150 139 1
150 144 1
150 145 1
150 149 1
150 151 1
150 152 1
150 153 1
150 154 1
150 155 1
150 156 1
150 160 1
150 161 1
150 162 1
151 122 1
151 126 1
151 130 1
151 133 1
151 135 1
151 139 1
151 141 1
151 144 1
151 146 1
151 149 1
151 150 1
151 152 1
151 153 1
151 154 1
151 155 1
151 163 1
151 164 1
151 165 1
151 166 1
151 167 1
151 168 1
152 122 1
152 126 1
152 130 1
152 133 1
152 135 1
152 139 1
152 142 1
152 144 1
152 149 1
152 150 1
152 151 1
152 153 1
152 154 1
152 155 1
152 157 1
152 163 1
152 169 1
152 170 1
152 171 1
152 172 1
152 173 1
153 122 1
153 126 1
153 130 1
153 133 1
153 135 1
153 139 1
153 144 1
153 149 1
153 150 1
153 151 1
153 152 1
153 154 1
153 155 1
153 164 1
153 169 1
153 174 1
153 175 1
153 176 1
154 122 1
154 126 1
154 130 1
154 133 1
154 135 1
154 139 1
154 144 1
154 147 1
154 149 1
154 150 1
154 151 1
154 152 1
154 153 1
154 155 1
154 160 1
154 165 1
154 174 1
154 177 1
154 178 1
154 179 1
154 180 1
155 122 1
155 126 1
155 130 1
155 133 1
155 135 1
155 139 1
155 144 1
155 149 1
155 150 1
155 151 1
155 152 1
155 153 1
155 154 1
155 158 1
155 161 1
155 170 1
155 175 1
155 177 1
155 181 1
155 182 1
155 183 1
156 113 1
156 116 1
156 127 1
156 134 1
156 136 1
156 137 1
156 140 1
156 145 1
156 149 1
156 150 1
156 157 1
156 158 1
156 159 1
156 160 1
156 161 1
156 162 1
157 113 1
157 127 1
157 136 1
157 140 1
157 142 1
157 149 1
157 152 1
157 156 1
157 158 1
157 159 1
157 163 1
157 169 1
157 170 1
157 171 1
157 172 1
157 173 1
158 113 1
158 127 1
158 136 1
158 140 1
158 149 1
158 155 1
158 156 1
158 157 1
158 159 1
158 161 1
158 170 1
158 175 1
158 177 1
158 181 1
158 182 1
158 183 1
159 113 1
159 127 1
159 136 1
159 140 1
159 149 1
159 156 1
159 157 1
159 158 1
159 173 1
159 182 1
159 186 1
159 189 1
159 191 1
160 116 1
160 134 1
160 137 1
160 145 1
160 147 1
160 150 1
160 154 1
160 156 1
160 161 1
160 162 1
160 165 1
160 174 1
160 177 1
160 178 1
160 179 1
160 180 1
161 116 1
161 134 1
161 137 1
161 145 1
161 150 1
161 155 1
161 156 1
161 158 1
161 160 1
161 162 1
161 170 1
161 175 1
161 177 1
161 181 1
161 182 1
161 183 1
162 116 1
162 134 1
162 137 1
162 145 1
162 150 1
162 156 1
162 160 1
162 161 1
162 180 1
162 183 1
162 188 1
162 190 1
162 191 1
163 141 1
163 142 1
163 146 1
163 151 1
163 152 1
163 157 1
163 164 1
163 165 1
163 166 1
163 167 1
163 168 1
163 169 1
163 170 1
163 171 1
163 172 1
163 173 1
164 141 1
164 146 1
164 151 1
164 153 1
164 163 1
164 165 1
164 166 1
164 167 1
164 168 1
164 169 1
164 174 1
164 175 1
164 176 1
165 141 1
165 146 1
165 147 1
165 151 1
165 154 1
165 160 1
165 163 1
165 164 1
165 166 1
165 167 1
165 168 1
165 174 1
165 177 1
165 178 1
165 179 1
165 180 1
166 141 1
166 143 1
166 146 1
166 151 1
166 163 1
166 164 1
166 165 1
166 167 1
166 168 1
166 171 1
166 184 1
166 185 1
166 186 1
167 141 1
167 146 1
167 148 1
167 151 1
167 163 1
167 164 1
167 165 1
167 166 1
167 168 1
167 178 1
167 184 1
167 187 1
167 188 1
168 141 1
168 146 1
168 151 1
168 163 1
168 164 1
168 165 1
168 166 1
168 167 1
168 172 1
168 176 1
168 179 1
168 181 1
168 185 1
168 187 1
168 189 1
168 190 1
169 142 1
169 152 1
169 153 1
169 157 1
169 163 1
169 164 1
169 170 1
169 171 1
169 172 1
169 173 1
169 174 1
169 175 1
169 176 1
170 142 1
170 152 1
170 155 1
170 157 1
170 158 1
170 161 1
170 163 1
170 169 1
170 171 1
170 172 1
170 173 1
170 175 1
170 177 1
170 181 1
170 182 1
170 183 1
171 142 1
171 143 1
171 152 1
171 157 1
171 163 1
171 166 1
171 169 1
171 170 1
171 172 1
171 173 1
171 184 1
171 185 1
171 186 1
172 142 1
172 152 1
172 157 1
172 163 1
172 168 1
172 169 1
172 170 1
172 171 1
172 173 1
172 176 1
172 179 1
172 181 1
172 185 1
172 187 1
172 189 1
172 190 1
173 142 1
173 152 1
173 157 1
173 159 1
173 163 1
173 169 1
173 170 1
173 171 1
173 172 1
173 182 1
173 186 1
173 189 1
173 191 1
174 147 1
174 153 1
174 154 1
174 160 1
174 164 1
174 165 1
174 169 1
174 175 1
174 176 1
174 177 1
174 178 1
174 179 1
174 180 1
175 153 1
175 155 1
175 158 1
175 161 1
175 164 1
175 169 1
175 170 1
175 174 1
175 176 1
175 177 1
175 181 1
175 182 1
175 183 1
176 153 1
176 164 1
176 168 1
176 169 1
176 172 1
176 174 1
176 175 1
176 179 1
176 181 1
176 185 1
176 187 1
176 189 1
176 190 1
177 147 1
177 154 1
177 155 1
177 158 1
177 160 1
177 161 1
177 165 1
177 170 1
177 174 1
177 175 1
177 178 1
177 179 1
177 180 1
177 181 1
177 182 1
177 183 1
178 147 1
178 148 1
178 154 1
178 160 1
178 165 1
178 167 1
178 174 1
178 177 1
178 179 1
178 180 1
178 184 1
178 187 1
178 188 1
179 147 1
179 154 1
179 160 1
179 165 1
179 168 1
179 172 1
179 174 1
179 176 1
179 177 1
179 178 1
179 180 1
179 181 1
179 185 1
179 187 1
179 189 1
179 190 1
180 147 1
180 154 1
180 160 1
180 162 1
180 165 1
180 174 1
180 177 1
180 178 1
180 179 1
180 183 1
180 188 1
180 190 1
180 191 1
181 155 1
181 158 1
181 161 1
181 168 1
181 170 1
181 172 1
181 175 1
181 176 1
181 177 1
181 179 1
181 182 1
181 183 1
181 185 1
181 187 1
181 189 1
181 190 1
182 155 1
182 158 1
182 159 1
182 161 1
182 170 1
182 173 1
182 175 1
182 177 1
182 181 1
182 183 1
182 186 1
182 189 1
182 191 1
183 155 1
183 158 1
183 161 1
183 162 1
183 170 1
183 175 1
183 177 1
183 180 1
183 181 1
183 182 1
183 188 1
183 190 1
183 191 1
184 143 1
184 148 1
184 166 1
184 167 1
184 171 1
184 178 1
184 185 1
184 186 1
184 187 1
184 188 1
185 143 1
185 166 1
185 168 1
185 171 1
185 172 1
185 176 1
185 179 1
185 181 1
185 184 1
185 186 1
185 187 1
185 189 1
185 190 1
186 143 1
186 159 1
186 166 1
186 171 1
186 173 1
186 182 1
186 184 1
186 185 1
186 189 1
186 191 1
187 148 1
187 167 1
187 168 1
187 172 1
187 176 1
187 178 1
187 179 1
187 181 1
187 184 1
187 185 1
187 188 1
187 189 1
187 190 1
188 148 1
188 162 1
188 167 1
188 178 1
188 180 1
188 183 1
188 184 1
188 187 1
188 190 1
188 191 1
189 159 1
189 168 1
189 172 1
189 173 1
189 176 1
189 179 1
189 181 1
189 182 1
189 185 1
189 186 1
189 187 1
189 190 1
189 191 1
190 162 1
190 168 1
190 172 1
190 176 1
190 179 1
190 180 1
190 181 1
190 183 1
190 185 1
190 187 1
190 188 1
190 189 1
190 191 1
191 159 1
191 162 1
191 173 1
191 180 1
191 182 1
191 183 1
191 186 1
191 188 1
191 189 1
191 190 1
