0 1 1
0 9 1
0 10 1
0 11 1
1 0 1
1 3 1
1 13 1
1 14 1
2 3 1
2 4 1
2 16 1
2 17 1
2 18 1
3 1 1
3 2 1
3 4 1
3 10 1
3 21 1
3 22 1
3 23 1
4 2 1
4 3 1
4 5 1
4 6 1
4 24 1
4 25 1
5 4 1
5 6 1
5 17 1
5 30 1
5 31 1
6 4 1
6 5 1
6 7 1
6 21 1
6 36 1
6 37 1
6 38 1
7 6 1
7 8 1
7 43 1
7 44 1
8 7 1
8 37 1
8 50 1
8 51 1
9 0 1
9 10 1
9 11 1
9 19 1
9 20 1
10 0 1
10 3 1
10 9 1
10 11 1
10 21 1
10 22 1
10 23 1
11 0 1
11 9 1
11 10 1
11 12 1
11 13 1
11 28 1
12 11 1
12 13 1
12 19 1
12 33 1
12 34 1
13 1 1
13 11 1
13 12 1
13 14 1
13 23 1
13 41 1
13 42 1
14 1 1
14 13 1
14 15 1
14 45 1
15 14 1
15 41 1
15 58 1
15 59 1
16 2 1
16 17 1
16 18 1
16 29 1
17 2 1
17 5 1
17 16 1
17 18 1
17 21 1
17 30 1
17 31 1
18 2 1
18 16 1
18 17 1
18 20 1
18 25 1
18 27 1
18 28 1
18 32 1
19 9 1
19 12 1
19 20 1
19 23 1
19 26 1
19 33 1
19 34 1
20 9 1
20 18 1
20 19 1
20 25 1
20 27 1
20 28 1
20 29 1
20 35 1
21 3 1
21 6 1
21 10 1
21 17 1
21 22 1
21 23 1
21 36 1
21 37 1
21 38 1
22 3 1
22 10 1
22 21 1
22 23 1
22 24 1
22 39 1
22 40 1
23 3 1
23 10 1
23 13 1
23 19 1
23 21 1
23 22 1
23 26 1
23 41 1
23 42 1
24 4 1
24 22 1
24 25 1
24 36 1
24 46 1
24 47 1
25 4 1
25 18 1
25 20 1
25 24 1
25 27 1
25 28 1
25 30 1
25 48 1
25 49 1
26 19 1
26 23 1
26 27 1
26 39 1
26 53 1
26 54 1
27 18 1
27 20 1
27 25 1
27 26 1
27 28 1
27 46 1
27 55 1
28 11 1
28 18 1
28 20 1
28 25 1
28 27 1
28 33 1
28 53 1
28 56 1
28 57 1
29 16 1
29 20 1
29 30 1
29 35 1
30 5 1
30 17 1
30 25 1
30 29 1
30 31 1
30 48 1
30 49 1
31 5 1
31 17 1
31 30 1
31 32 1
32 18 1
32 31 1
32 49 1
32 63 1
33 12 1
33 19 1
33 28 1
33 34 1
33 53 1
33 56 1
33 57 1
34 12 1
34 19 1
34 33 1
34 35 1
35 20 1
35 29 1
35 34 1
35 57 1
36 6 1
36 21 1
36 24 1
36 37 1
36 38 1
36 46 1
36 47 1
37 6 1
37 8 1
37 21 1
37 36 1
37 38 1
37 50 1
37 51 1
38 6 1
38 21 1
38 36 1
38 37 1
38 40 1
38 42 1
38 44 1
38 45 1
38 52 1
39 22 1
39 26 1
39 40 1
39 53 1
39 54 1
40 22 1
40 38 1
40 39 1
40 42 1
40 44 1
40 45 1
40 47 1
41 13 1
41 15 1
41 23 1
41 42 1
41 43 1
41 58 1
41 59 1
42 13 1
42 23 1
42 38 1
42 40 1
42 41 1
42 44 1
42 45 1
42 54 1
42 60 1
43 7 1
43 41 1
43 44 1
43 64 1
43 65 1
44 7 1
44 38 1
44 40 1
44 42 1
44 43 1
44 45 1
44 50 1
44 66 1
44 67 1
44 68 1
45 14 1
45 38 1
45 40 1
45 42 1
45 44 1
45 58 1
45 64 1
45 73 1
45 74 1
45 75 1
46 24 1
46 27 1
46 36 1
46 47 1
46 55 1
47 24 1
47 36 1
47 40 1
47 46 1
47 48 1
47 50 1
48 25 1
48 30 1
48 47 1
48 49 1
48 50 1
48 55 1
48 56 1
48 61 1
48 62 1
49 25 1
49 30 1
49 32 1
49 48 1
49 51 1
49 52 1
49 63 1
50 8 1
50 37 1
50 44 1
50 47 1
50 48 1
50 51 1
50 66 1
50 67 1
50 68 1
51 8 1
51 37 1
51 49 1
51 50 1
51 52 1
51 69 1
52 38 1
52 49 1
52 51 1
52 61 1
52 66 1
52 80 1
52 81 1
52 82 1
53 26 1
53 28 1
53 33 1
53 39 1
53 54 1
53 56 1
53 57 1
54 26 1
54 39 1
54 42 1
54 53 1
54 55 1
54 60 1
55 27 1
55 46 1
55 48 1
55 54 1
55 56 1
55 61 1
55 62 1
56 28 1
56 33 1
56 48 1
56 53 1
56 55 1
56 57 1
56 58 1
56 61 1
56 62 1
57 28 1
57 33 1
57 35 1
57 53 1
57 56 1
57 59 1
57 60 1
58 15 1
58 41 1
58 45 1
58 56 1
58 59 1
58 64 1
58 73 1
58 74 1
58 75 1
59 15 1
59 41 1
59 57 1
59 58 1
59 60 1
59 76 1
60 42 1
60 54 1
60 57 1
60 59 1
60 62 1
60 73 1
60 83 1
60 84 1
61 48 1
61 52 1
61 55 1
61 56 1
61 62 1
61 66 1
61 80 1
61 81 1
61 82 1
62 48 1
62 55 1
62 56 1
62 60 1
62 61 1
62 63 1
62 73 1
62 83 1
62 84 1
63 32 1
63 49 1
63 62 1
63 80 1
63 93 1
64 43 1
64 45 1
64 58 1
64 65 1
64 73 1
64 74 1
64 75 1
65 43 1
65 64 1
65 67 1
65 77 1
65 78 1
66 44 1
66 50 1
66 52 1
66 61 1
66 67 1
66 68 1
66 80 1
66 81 1
66 82 1
67 44 1
67 50 1
67 65 1
67 66 1
67 68 1
67 74 1
67 85 1
67 86 1
67 87 1
68 44 1
68 50 1
68 66 1
68 67 1
68 69 1
68 70 1
68 88 1
68 89 1
69 51 1
69 68 1
69 70 1
69 81 1
69 94 1
69 95 1
70 68 1
70 69 1
70 71 1
70 85 1
70 100 1
70 101 1
70 102 1
71 70 1
71 72 1
71 107 1
71 108 1
72 71 1
72 101 1
72 114 1
72 115 1
73 45 1
73 58 1
73 60 1
73 62 1
73 64 1
73 74 1
73 75 1
73 83 1
73 84 1
74 45 1
74 58 1
74 64 1
74 67 1
74 73 1
74 75 1
74 85 1
74 86 1
74 87 1
75 45 1
75 58 1
75 64 1
75 73 1
75 74 1
75 76 1
75 77 1
75 92 1
76 59 1
76 75 1
76 77 1
76 83 1
76 97 1
76 98 1
77 65 1
77 75 1
77 76 1
77 78 1
77 87 1
77 105 1
77 106 1
78 65 1
78 77 1
78 79 1
78 109 1
79 78 1
79 105 1
79 122 1
79 123 1
80 52 1
80 61 1
80 63 1
80 66 1
80 81 1
80 82 1
80 93 1
81 52 1
81 61 1
81 66 1
81 69 1
81 80 1
81 82 1
81 85 1
81 94 1
81 95 1
82 52 1
82 61 1
82 66 1
82 80 1
82 81 1
82 84 1
82 89 1
82 91 1
82 92 1
82 96 1
83 60 1
83 62 1
83 73 1
83 76 1
83 84 1
83 87 1
83 90 1
83 97 1
83 98 1
84 60 1
84 62 1
84 73 1
84 82 1
84 83 1
84 89 1
84 91 1
84 92 1
84 93 1
84 99 1
85 67 1
85 70 1
85 74 1
85 81 1
85 86 1
85 87 1
85 100 1
85 101 1
85 102 1
86 67 1
86 74 1
86 85 1
86 87 1
86 88 1
86 103 1
86 104 1
87 67 1
87 74 1
87 77 1
87 83 1
87 85 1
87 86 1
87 90 1
87 105 1
87 106 1
88 68 1
88 86 1
88 89 1
88 100 1
88 110 1
88 111 1
89 68 1
89 82 1
89 84 1
89 88 1
89 91 1
89 92 1
89 94 1
89 112 1
89 113 1
90 83 1
90 87 1
90 91 1
90 103 1
90 117 1
90 118 1
91 82 1
91 84 1
91 89 1
91 90 1
91 92 1
91 110 1
91 119 1
92 75 1
92 82 1
92 84 1
92 89 1
92 91 1
92 97 1
92 117 1
92 120 1
92 121 1
93 63 1
93 80 1
93 84 1
93 94 1
93 99 1
94 69 1
94 81 1
94 89 1
94 93 1
94 95 1
94 112 1
94 113 1
95 69 1
95 81 1
95 94 1
95 96 1
96 82 1
96 95 1
96 113 1
96 127 1
97 76 1
97 83 1
97 92 1
97 98 1
97 117 1
97 120 1
97 121 1
98 76 1
98 83 1
98 97 1
98 99 1
99 84 1
99 93 1
99 98 1
99 121 1
100 70 1
100 85 1
100 88 1
100 101 1
100 102 1
100 110 1
100 111 1
101 70 1
101 72 1
101 85 1
101 100 1
101 102 1
101 114 1
101 115 1
102 70 1
102 85 1
102 100 1
102 101 1
102 104 1
102 106 1
102 108 1
102 109 1
102 116 1
103 86 1
103 90 1
103 104 1
103 117 1
103 118 1
104 86 1
104 102 1
104 103 1
104 106 1
104 108 1
104 109 1
104 111 1
105 77 1
105 79 1
105 87 1
105 106 1
105 107 1
105 122 1
105 123 1
106 77 1
106 87 1
106 102 1
106 104 1
106 105 1
106 108 1
106 109 1
106 118 1
106 124 1
107 71 1
107 105 1
107 108 1
107 128 1
107 129 1
108 71 1
108 102 1
108 104 1
108 106 1
108 107 1
108 109 1
108 114 1
108 130 1
108 131 1
108 132 1
109 78 1
109 102 1
109 104 1
109 106 1
109 108 1
109 122 1
109 128 1
109 137 1
109 138 1
109 139 1
110 88 1
110 91 1
110 100 1
110 111 1
110 119 1
111 88 1
111 100 1
111 104 1
111 110 1
111 112 1
111 114 1
112 89 1
112 94 1
112 111 1
112 113 1
112 114 1
112 119 1
112 120 1
112 125 1
112 126 1
113 89 1
113 94 1
113 96 1
113 112 1
113 115 1
113 116 1
113 127 1
114 72 1
114 101 1
114 108 1
114 111 1
114 112 1
114 115 1
114 130 1
114 131 1
114 132 1
115 72 1
115 101 1
115 113 1
115 114 1
115 116 1
115 133 1
116 102 1
116 113 1
116 115 1
116 125 1
116 130 1
116 144 1
116 145 1
116 146 1
117 90 1
117 92 1
117 97 1
117 103 1
117 118 1
117 120 1
117 121 1
118 90 1
118 103 1
118 106 1
118 117 1
118 119 1
118 124 1
119 91 1
119 110 1
119 112 1
119 118 1
119 120 1
119 125 1
119 126 1
120 92 1
120 97 1
120 112 1
120 117 1
120 119 1
120 121 1
120 122 1
120 125 1
120 126 1
121 92 1
121 97 1
121 99 1
121 117 1
121 120 1
121 123 1
121 124 1
122 79 1
122 105 1
122 109 1
122 120 1
122 123 1
122 128 1
122 137 1
122 138 1
122 139 1
123 79 1
123 105 1
123 121 1
123 122 1
123 124 1
123 140 1
124 106 1
124 118 1
124 121 1
124 123 1
124 126 1
124 137 1
124 147 1
124 148 1
125 112 1
125 116 1
125 119 1
125 120 1
125 126 1
125 130 1
125 144 1
125 145 1
125 146 1
126 112 1
126 119 1
126 120 1
126 124 1
126 125 1
126 127 1
126 137 1
126 147 1
126 148 1
127 96 1
127 113 1
127 126 1
127 144 1
127 157 1
128 107 1
128 109 1
128 122 1
128 129 1
128 137 1
128 138 1
128 139 1
129 107 1
129 128 1
129 131 1
129 141 1
129 142 1
130 108 1
130 114 1
130 116 1
130 125 1
130 131 1
130 132 1
130 144 1
130 145 1
130 146 1
131 108 1
131 114 1
131 129 1
131 130 1
131 132 1
131 138 1
131 149 1
131 150 1
131 151 1
132 108 1
132 114 1
132 130 1
132 131 1
132 133 1
132 134 1
132 152 1
132 153 1
133 115 1
133 132 1
133 134 1
133 145 1
133 158 1
133 159 1
134 132 1
134 133 1
134 135 1
134 149 1
134 164 1
134 165 1
134 166 1
135 134 1
135 136 1
135 171 1
135 172 1
136 135 1
136 165 1
136 178 1
136 179 1
137 109 1
137 122 1
137 124 1
137 126 1
137 128 1
137 138 1
137 139 1
137 147 1
137 148 1
138 109 1
138 122 1
138 128 1
138 131 1
138 137 1
138 139 1
138 149 1
138 150 1
138 151 1
139 109 1
139 122 1
139 128 1
139 137 1
139 138 1
139 140 1
139 141 1
139 156 1
140 123 1
140 139 1
140 141 1
140 147 1
140 161 1
140 162 1
141 129 1
141 139 1
141 140 1
141 142 1
141 151 1
141 169 1
141 170 1
142 129 1
142 141 1
142 143 1
142 173 1
143 142 1
143 169 1
143 186 1
143 187 1
144 116 1
144 125 1
144 127 1
144 130 1
144 145 1
144 146 1
144 157 1
145 116 1
145 125 1
145 130 1
145 133 1
145 144 1
145 146 1
145 149 1
145 158 1
145 159 1
146 116 1
146 125 1
146 130 1
146 144 1
146 145 1
146 148 1
146 153 1
146 155 1
146 156 1
146 160 1
147 124 1
147 126 1
147 137 1
147 140 1
147 148 1
147 151 1
147 154 1
147 161 1
147 162 1
148 124 1
148 126 1
148 137 1
148 146 1
148 147 1
148 153 1
148 155 1
148 156 1
148 157 1
148 163 1
149 131 1
149 134 1
149 138 1
149 145 1
149 150 1
149 151 1
149 164 1
149 165 1
149 166 1
150 131 1
150 138 1
150 149 1
150 151 1
150 152 1
150 167 1
150 168 1
151 131 1
151 138 1
151 141 1
151 147 1
151 149 1
151 150 1
151 154 1
151 169 1
151 170 1
152 132 1
152 150 1
152 153 1
152 164 1
152 174 1
152 175 1
153 132 1
153 146 1
153 148 1
153 152 1
153 155 1
153 156 1
153 158 1
153 176 1
153 177 1
154 147 1
154 151 1
154 155 1
154 167 1
154 181 1
154 182 1
155 146 1
155 148 1
155 153 1
155 154 1
155 156 1
155 174 1
155 183 1
156 139 1
156 146 1
156 148 1
156 153 1
156 155 1
156 161 1
156 181 1
156 184 1
156 185 1
157 127 1
157 144 1
157 148 1
157 158 1
157 163 1
158 133 1
158 145 1
158 153 1
158 157 1
158 159 1
158 176 1
158 177 1
159 133 1
159 145 1
159 158 1
159 160 1
160 146 1
160 159 1
160 177 1
160 191 1
161 140 1
161 147 1
161 156 1
161 162 1
161 181 1
161 184 1
161 185 1
162 140 1
162 147 1
162 161 1
162 163 1
163 148 1
163 157 1
163 162 1
163 185 1
164 134 1
164 149 1
164 152 1
164 165 1
164 166 1
164 174 1
164 175 1
165 134 1
165 136 1
165 149 1
165 164 1
165 166 1
165 178 1
165 179 1
166 134 1
166 149 1
166 164 1
166 165 1
166 168 1
166 170 1
166 172 1
166 173 1
166 180 1
167 150 1
167 154 1
167 168 1
167 181 1
167 182 1
168 150 1
168 166 1
168 167 1
168 170 1
168 172 1
168 173 1
168 175 1
169 141 1
169 143 1
169 151 1
169 170 1
169 171 1
169 186 1
169 187 1
170 141 1
170 151 1
170 166 1
170 168 1
170 169 1
170 172 1
170 173 1
170 182 1
170 188 1
171 135 1
171 169 1
171 172 1
171 192 1
171 193 1
172 135 1
172 166 1
172 168 1
172 170 1
172 171 1
172 173 1
172 178 1
172 194 1
172 195 1
172 196 1
173 142 1
173 166 1
173 168 1
173 170 1
173 172 1
173 186 1
173 192 1
173 201 1
173 202 1
173 203 1
174 152 1
174 155 1
174 164 1
174 175 1
174 183 1
175 152 1
175 164 1
175 168 1
175 174 1
175 176 1
175 178 1
176 153 1
176 158 1
176 175 1
176 177 1
176 178 1
176 183 1
176 184 1
176 189 1
176 190 1
177 153 1
177 158 1
177 160 1
177 176 1
177 179 1
177 180 1
177 191 1
178 136 1
178 165 1
178 172 1
178 175 1
178 176 1
178 179 1
178 194 1
178 195 1
178 196 1
179 136 1
179 165 1
179 177 1
179 178 1
179 180 1
179 197 1
180 166 1
180 177 1
180 179 1
180 189 1
180 194 1
180 208 1
180 209 1
180 210 1
181 154 1
181 156 1
181 161 1
181 167 1
181 182 1
181 184 1
181 185 1
182 154 1
182 167 1
182 170 1
182 181 1
182 183 1
182 188 1
183 155 1
183 174 1
183 176 1
183 182 1
183 184 1
183 189 1
183 190 1
184 156 1
184 161 1
184 176 1
184 181 1
184 183 1
184 185 1
184 186 1
184 189 1
184 190 1
185 156 1
185 161 1
185 163 1
185 181 1
185 184 1
185 187 1
185 188 1
186 143 1
186 169 1
186 173 1
186 184 1
186 187 1
186 192 1
186 201 1
186 202 1
186 203 1
187 143 1
187 169 1
187 185 1
187 186 1
187 188 1
187 204 1
188 170 1
188 182 1
188 185 1
188 187 1
188 190 1
188 201 1
188 211 1
188 212 1
189 176 1
189 180 1
189 183 1
189 184 1
189 190 1
189 194 1
189 208 1
189 209 1
189 210 1
190 176 1
190 183 1
190 184 1
190 188 1
190 189 1
190 191 1
190 201 1
190 211 1
190 212 1
191 160 1
191 177 1
191 190 1
191 208 1
191 221 1
192 171 1
192 173 1
192 186 1
192 193 1
192 201 1
192 202 1
192 203 1
193 171 1
193 192 1
193 195 1
193 205 1
193 206 1
194 172 1
194 178 1
194 180 1
194 189 1
194 195 1
194 196 1
194 208 1
194 209 1
194 210 1
195 172 1
195 178 1
195 193 1
195 194 1
195 196 1
195 202 1
195 213 1
195 214 1
195 215 1
196 172 1
196 178 1
196 194 1
196 195 1
196 197 1
196 198 1
196 216 1
196 217 1
197 179 1
197 196 1
197 198 1
197 209 1
197 222 1
197 223 1
198 196 1
198 197 1
198 199 1
198 213 1
198 228 1
198 229 1
198 230 1
199 198 1
199 200 1
199 235 1
199 236 1
200 199 1
200 229 1
200 242 1
200 243 1
201 173 1
201 186 1
201 188 1
201 190 1
201 192 1
201 202 1
201 203 1
201 211 1
201 212 1
202 173 1
202 186 1
202 192 1
202 195 1
202 201 1
202 203 1
202 213 1
202 214 1
202 215 1
203 173 1
203 186 1
203 192 1
203 201 1
203 202 1
203 204 1
203 205 1
203 220 1
204 187 1
204 203 1
204 205 1
204 211 1
204 225 1
204 226 1
205 193 1
205 203 1
205 204 1
205 206 1
205 215 1
205 233 1
205 234 1
206 193 1
206 205 1
206 207 1
206 237 1
207 206 1
207 233 1
207 250 1
207 251 1
208 180 1
208 189 1
208 191 1
208 194 1
208 209 1
208 210 1
208 221 1
209 180 1
209 189 1
209 194 1
209 197 1
209 208 1
209 210 1
209 213 1
209 222 1
209 223 1
210 180 1
210 189 1
210 194 1
210 208 1
210 209 1
210 212 1
210 217 1
210 219 1
210 220 1
210 224 1
211 188 1
211 190 1
211 201 1
211 204 1
211 212 1
211 215 1
211 218 1
211 225 1
211 226 1
212 188 1
212 190 1
212 201 1
212 210 1
212 211 1
212 217 1
212 219 1
212 220 1
212 221 1
212 227 1
213 195 1
213 198 1
213 202 1
213 209 1
213 214 1
213 215 1
213 228 1
213 229 1
213 230 1
214 195 1
214 202 1
214 213 1
214 215 1
214 216 1
214 231 1
214 232 1
215 195 1
215 202 1
215 205 1
215 211 1
215 213 1
215 214 1
215 218 1
215 233 1
215 234 1
216 196 1
216 214 1
216 217 1
216 228 1
216 238 1
216 239 1
217 196 1
217 210 1
217 212 1
217 216 1
217 219 1
217 220 1
217 222 1
217 240 1
217 241 1
218 211 1
218 215 1
218 219 1
218 231 1
218 245 1
218 246 1
219 210 1
219 212 1
219 217 1
219 218 1
219 220 1
219 238 1
219 247 1
220 203 1
220 210 1
220 212 1
220 217 1
220 219 1
220 225 1
220 245 1
220 248 1
220 249 1
221 191 1
221 208 1
221 212 1
221 222 1
221 227 1
222 197 1
222 209 1
222 217 1
222 221 1
222 223 1
222 240 1
222 241 1
223 197 1
223 209 1
223 222 1
223 224 1
224 210 1
224 223 1
224 241 1
224 255 1
225 204 1
225 211 1
225 220 1
225 226 1
225 245 1
225 248 1
225 249 1
226 204 1
226 211 1
226 225 1
226 227 1
227 212 1
227 221 1
227 226 1
227 249 1
228 198 1
228 213 1
228 216 1
228 229 1
228 230 1
228 238 1
228 239 1
229 198 1
229 200 1
229 213 1
229 228 1
229 230 1
229 242 1
229 243 1
230 198 1
230 213 1
230 228 1
230 229 1
230 232 1
230 234 1
230 236 1
230 237 1
230 244 1
231 214 1
231 218 1
231 232 1
231 245 1
231 246 1
232 214 1
232 230 1
232 231 1
232 234 1
232 236 1
232 237 1
232 239 1
233 205 1
233 207 1
233 215 1
233 234 1
233 235 1
233 250 1
233 251 1
234 205 1
234 215 1
234 230 1
234 232 1
234 233 1
234 236 1
234 237 1
234 246 1
234 252 1
235 199 1
235 233 1
235 236 1
235 256 1
236 199 1
236 230 1
236 232 1
236 234 1
236 235 1
236 237 1
236 242 1
236 257 1
237 206 1
237 230 1
237 232 1
237 234 1
237 236 1
237 250 1
237 256 1
237 258 1
238 216 1
238 219 1
238 228 1
238 239 1
238 247 1
239 216 1
239 228 1
239 232 1
239 238 1
239 240 1
239 242 1
240 217 1
240 222 1
240 239 1
240 241 1
240 242 1
240 247 1
240 248 1
240 253 1
240 254 1
241 217 1
241 222 1
241 224 1
241 240 1
241 243 1
241 244 1
241 255 1
242 200 1
242 229 1
242 236 1
242 239 1
242 240 1
242 243 1
242 257 1
243 200 1
243 229 1
243 241 1
243 242 1
243 244 1
244 230 1
244 241 1
244 243 1
244 253 1
244 257 1
244 259 1
245 218 1
245 220 1
245 225 1
245 231 1
245 246 1
245 248 1
245 249 1
246 218 1
246 231 1
246 234 1
246 245 1
246 247 1
246 252 1
247 219 1
247 238 1
247 240 1
247 246 1
247 248 1
247 253 1
247 254 1
248 220 1
248 225 1
248 240 1
248 245 1
248 247 1
248 249 1
248 250 1
248 253 1
248 254 1
249 220 1
249 225 1
249 227 1
249 245 1
249 248 1
249 251 1
249 252 1
250 207 1
250 233 1
250 237 1
250 248 1
250 251 1
250 256 1
250 258 1
251 207 1
251 233 1
251 249 1
251 250 1
251 252 1
252 234 1
252 246 1
252 249 1
252 251 1
252 254 1
252 258 1
253 240 1
253 244 1
253 247 1
253 248 1
253 254 1
253 257 1
253 259 1
254 240 1
254 247 1
254 248 1
254 252 1
254 253 1
254 255 1
254 258 1
255 224 1
255 241 1
255 254 1
255 259 1
256 235 1
256 237 1
256 250 1
256 258 1
257 236 1
257 242 1
257 244 1
257 253 1
257 259 1
258 237 1
258 250 1
258 252 1
258 254 1
258 256 1
259 244 1
259 253 1
259 255 1
259 257 1
