0 2 1
0 5 1
1 2 1
1 8 1
2 0 1
2 1 1
2 3 1
2 10 1
3 2 1
3 17 1
4 5 1
4 9 1
5 0 1
5 4 1
5 6 1
5 11 1
6 5 1
6 19 1
7 8 1
7 9 1
8 1 1
8 7 1
8 12 1
8 14 1
9 4 1
9 7 1
9 13 1
9 15 1
10 2 1
10 11 1
10 12 1
10 16 1
11 5 1
11 10 1
11 13 1
11 18 1
12 8 1
12 10 1
12 13 1
12 21 1
13 9 1
13 11 1
13 12 1
13 24 1
14 8 1
14 22 1
15 9 1
15 25 1
16 10 1
16 17 1
16 18 1
16 21 1
17 3 1
17 16 1
17 20 1
17 23 1
18 11 1
18 16 1
18 19 1
18 24 1
19 6 1
19 18 1
19 20 1
19 26 1
20 17 1
20 19 1
20 28 1
21 12 1
21 16 1
21 22 1
21 24 1
22 14 1
22 21 1
22 23 1
22 27 1
23 17 1
23 22 1
23 29 1
24 13 1
24 18 1
24 21 1
24 25 1
25 15 1
25 24 1
25 26 1
25 27 1
26 19 1
26 25 1
26 32 1
27 22 1
27 25 1
27 35 1
28 20 1
28 30 1
28 33 1
29 23 1
29 30 1
29 36 1
30 28 1
30 29 1
30 31 1
30 38 1
31 30 1
31 45 1
32 26 1
32 33 1
32 37 1
33 28 1
33 32 1
33 34 1
33 39 1
34 33 1
34 47 1
35 27 1
35 36 1
35 37 1
36 29 1
36 35 1
36 40 1
36 42 1
37 32 1
37 35 1
37 41 1
37 43 1
38 30 1
38 39 1
38 40 1
38 44 1
39 33 1
39 38 1
39 41 1
39 46 1
40 36 1
40 38 1
40 41 1
40 49 1
41 37 1
41 39 1
41 40 1
41 52 1
42 36 1
42 50 1
43 37 1
43 53 1
44 38 1
44 45 1
44 46 1
44 49 1
45 31 1
45 44 1
45 48 1
45 51 1
46 39 1
46 44 1
46 47 1
46 52 1
47 34 1
47 46 1
47 48 1
47 54 1
48 45 1
48 47 1
48 56 1
49 40 1
49 44 1
49 50 1
49 52 1
50 42 1
50 49 1
50 51 1
50 55 1
51 45 1
51 50 1
51 57 1
52 41 1
52 46 1
52 49 1
52 53 1
53 43 1
53 52 1
53 54 1
53 55 1
54 47 1
54 53 1
54 60 1
55 50 1
55 53 1
55 63 1
56 48 1
56 58 1
56 61 1
57 51 1
57 58 1
57 64 1
58 56 1
58 57 1
58 59 1
58 66 1
59 58 1
59 73 1
60 54 1
60 61 1
60 65 1
61 56 1
61 60 1
61 62 1
61 67 1
62 61 1
62 75 1
63 55 1
63 64 1
63 65 1
64 57 1
64 63 1
64 68 1
64 70 1
65 60 1
65 63 1
65 69 1
65 71 1
66 58 1
66 67 1
66 68 1
66 72 1
67 61 1
67 66 1
67 69 1
67 74 1
68 64 1
68 66 1
68 69 1
68 77 1
69 65 1
69 67 1
69 68 1
69 80 1
70 64 1
70 78 1
71 65 1
71 81 1
72 66 1
72 73 1
72 74 1
72 77 1
73 59 1
73 72 1
73 76 1
73 79 1
74 67 1
74 72 1
74 75 1
74 80 1
75 62 1
75 74 1
75 76 1
75 82 1
76 73 1
76 75 1
76 84 1
77 68 1
77 72 1
77 78 1
77 80 1
78 70 1
78 77 1
78 79 1
78 83 1
79 73 1
79 78 1
79 85 1
80 69 1
80 74 1
80 77 1
80 81 1
81 71 1
81 80 1
81 82 1
81 83 1
82 75 1
82 81 1
82 88 1
83 78 1
83 81 1
83 91 1
84 76 1
84 86 1
84 89 1
85 79 1
85 86 1
85 92 1
86 84 1
86 85 1
86 87 1
86 94 1
87 86 1
87 101 1
88 82 1
88 89 1
88 93 1
89 84 1
89 88 1
89 90 1
89 95 1
90 89 1
90 103 1
91 83 1
91 92 1
91 93 1
92 85 1
92 91 1
92 96 1
92 98 1
93 88 1
93 91 1
93 97 1
93 99 1
94 86 1
94 95 1
94 96 1
94 100 1
95 89 1
95 94 1
95 97 1
95 102 1
96 92 1
96 94 1
96 97 1
96 105 1
97 93 1
97 95 1
97 96 1
97 108 1
98 92 1
98 106 1
99 93 1
99 109 1
100 94 1
100 101 1
100 102 1
100 105 1
101 87 1
101 100 1
101 104 1
101 107 1
102 95 1
102 100 1
102 103 1
102 108 1
103 90 1
103 102 1
103 104 1
103 110 1
104 101 1
104 103 1
105 96 1
105 100 1
105 106 1
105 108 1
106 98 1
106 105 1
106 107 1
106 111 1
107 101 1
107 106 1
108 97 1
108 102 1
108 105 1
108 109 1
109 99 1
109 108 1
109 110 1
109 111 1
110 103 1
110 109 1
111 106 1
111 109 1
