0 0 1
0 1 1
0 2 1
0 3 1
0 4 1
0 5 1
1 0 -1
1 6 1
1 7 1
1 8 1
1 9 1
1 10 1
2 1 -1
2 6 -1
2 11 1
2 12 1
2 13 1
2 14 1
2 15 1
2 16 1
2 17 1
3 2 -1
3 11 -1
3 18 1
3 19 1
3 20 1
3 21 1
4 7 -1
4 12 -1
4 18 -1
4 22 1
4 23 1
4 24 1
5 3 -1
5 8 -1
5 13 -1
5 25 1
5 26 1
5 27 1
5 28 1
5 29 1
5 30 1
6 4 -1
6 14 -1
6 19 -1
6 25 -1
6 31 1
6 32 1
6 33 1
6 34 1
6 35 1
7 15 -1
7 26 -1
7 31 -1
7 36 1
7 37 1
7 38 1
8 9 -1
8 16 -1
8 22 -1
8 27 -1
8 36 -1
8 39 1
8 40 1
8 41 1
8 42 1
9 17 -1
9 20 -1
9 23 -1
9 32 -1
9 37 -1
9 39 -1
9 43 1
9 44 1
9 45 1
10 5 -1
10 28 -1
10 33 -1
10 46 1
10 47 1
10 48 1
10 49 1
10 50 1
10 51 1
11 10 -1
11 29 -1
11 40 -1
11 46 -1
11 52 1
11 53 1
11 54 1
11 55 1
11 56 1
12 30 -1
12 34 -1
12 38 -1
12 41 -1
12 43 -1
12 47 -1
12 52 -1
12 57 1
12 58 1
12 59 1
12 60 1
12 61 1
12 62 1
12 63 1
13 21 -1
13 35 -1
13 44 -1
13 48 -1
13 57 -1
13 64 1
13 65 1
13 66 1
13 67 1
14 24 -1
14 42 -1
14 45 -1
14 53 -1
14 58 -1
14 64 -1
14 68 1
14 69 1
14 70 1
15 49 -1
15 54 -1
15 59 -1
15 71 1
15 72 1
15 73 1
15 74 1
15 75 1
15 76 1
16 50 -1
16 60 -1
16 65 -1
16 71 -1
16 77 1
16 78 1
16 79 1
16 80 1
16 81 1
17 61 -1
17 72 -1
17 77 -1
17 82 1
17 83 1
17 84 1
18 55 -1
18 62 -1
18 68 -1
18 73 -1
18 82 -1
18 85 1
18 86 1
18 87 1
18 88 1
19 63 -1
19 66 -1
19 69 -1
19 78 -1
19 83 -1
19 85 -1
19 89 1
19 90 1
19 91 1
20 51 -1
20 74 -1
20 79 -1
20 92 1
20 93 1
20 94 1
20 95 1
20 96 1
20 97 1
21 56 -1
21 75 -1
21 86 -1
21 92 -1
21 98 1
21 99 1
21 100 1
21 101 1
21 102 1
22 76 -1
22 80 -1
22 84 -1
22 87 -1
22 89 -1
22 93 -1
22 98 -1
22 103 1
22 104 1
22 105 1
22 106 1
22 107 1
22 108 1
22 109 1
23 67 -1
23 81 -1
23 90 -1
23 94 -1
23 103 -1
23 110 1
23 111 1
23 112 1
23 113 1
24 70 -1
24 88 -1
24 91 -1
24 99 -1
24 104 -1
24 110 -1
24 114 1
24 115 1
24 116 1
25 95 -1
25 100 -1
25 105 -1
25 117 1
25 118 1
25 119 1
25 120 1
25 121 1
25 122 1
26 96 -1
26 106 -1
26 111 -1
26 117 -1
26 123 1
26 124 1
26 125 1
26 126 1
26 127 1
27 107 -1
27 118 -1
27 123 -1
27 128 1
27 129 1
27 130 1
28 101 -1
28 108 -1
28 114 -1
28 119 -1
28 128 -1
28 131 1
28 132 1
28 133 1
28 134 1
29 109 -1
29 112 -1
29 115 -1
29 124 -1
29 129 -1
29 131 -1
29 135 1
29 136 1
29 137 1
30 97 -1
30 120 -1
30 125 -1
30 138 1
30 139 1
30 140 1
30 141 1
30 142 1
30 143 1
31 102 -1
31 121 -1
31 132 -1
31 138 -1
31 144 1
31 145 1
31 146 1
31 147 1
31 148 1
32 122 -1
32 126 -1
32 130 -1
32 133 -1
32 135 -1
32 139 -1
32 144 -1
32 149 1
32 150 1
32 151 1
32 152 1
32 153 1
32 154 1
32 155 1
33 113 -1
33 127 -1
33 136 -1
33 140 -1
33 149 -1
33 156 1
33 157 1
33 158 1
33 159 1
34 116 -1
34 134 -1
34 137 -1
34 145 -1
34 150 -1
34 156 -1
34 160 1
34 161 1
34 162 1
35 141 -1
35 146 -1
35 151 -1
35 163 1
35 164 1
35 165 1
35 166 1
35 167 1
35 168 1
36 142 -1
36 152 -1
36 157 -1
36 163 -1
36 169 1
36 170 1
36 171 1
36 172 1
36 173 1
37 153 -1
37 164 -1
37 169 -1
37 174 1
37 175 1
37 176 1
38 147 -1
38 154 -1
38 160 -1
38 165 -1
38 174 -1
38 177 1
38 178 1
38 179 1
38 180 1
39 155 -1
39 158 -1
39 161 -1
39 170 -1
39 175 -1
39 177 -1
39 181 1
39 182 1
39 183 1
40 143 -1
40 166 -1
40 171 -1
40 184 1
40 185 1
40 186 1
41 148 -1
41 167 -1
41 178 -1
41 184 -1
41 187 1
41 188 1
42 168 -1
42 172 -1
42 176 -1
42 179 -1
42 181 -1
42 185 -1
42 187 -1
42 189 1
42 190 1
43 159 -1
43 173 -1
43 182 -1
43 186 -1
43 189 -1
43 191 1
44 162 -1
44 180 -1
44 183 -1
44 188 -1
44 190 -1
44 191 -1
