0 0 1
0 1 1
1 0 -1
1 2 1
1 3 1
1 4 1
2 2 -1
2 5 1
3 1 -1
3 3 -1
3 6 1
3 7 1
4 4 -1
4 5 -1
4 6 -1
4 8 1
5 7 -1
5 8 -1
6 0 1
6 9 1
6 10 1
6 11 1
7 9 -1
7 12 1
8 1 1
8 10 -1
8 13 1
8 14 1
9 11 -1
9 12 -1
9 13 -1
9 15 1
10 14 -1
10 15 -1
11 2 1
11 16 1
11 17 1
11 18 1
12 9 1
12 16 -1
12 19 1
12 20 1
13 3 1
13 10 1
13 21 1
13 22 1
13 23 1
14 4 1
14 17 -1
14 21 -1
14 24 1
14 25 1
15 22 -1
15 24 -1
15 26 1
15 27 1
16 11 1
16 19 -1
16 23 -1
16 26 -1
16 28 1
17 18 -1
17 20 -1
17 25 -1
17 27 -1
17 28 -1
18 16 1
18 29 1
19 5 1
19 17 1
19 30 1
19 31 1
20 18 1
20 29 -1
20 30 -1
20 32 1
21 31 -1
21 32 -1
22 12 1
22 19 1
22 33 1
22 34 1
23 20 1
23 29 1
23 33 -1
23 35 1
24 34 -1
24 35 -1
25 6 1
25 21 1
25 36 1
25 37 1
25 38 1
26 22 1
26 36 -1
26 39 1
26 40 1
27 13 1
27 23 1
27 39 -1
27 41 1
27 42 1
28 7 1
28 37 -1
28 43 1
28 44 1
29 14 1
29 41 -1
29 43 -1
29 45 1
30 38 -1
30 40 -1
30 42 -1
30 44 -1
30 45 -1
31 24 1
31 36 1
31 46 1
31 47 1
32 25 1
32 30 1
32 46 -1
32 48 1
32 49 1
33 8 1
33 37 1
33 50 1
33 51 1
34 38 1
34 47 -1
34 48 -1
34 50 -1
34 52 1
35 31 1
35 49 -1
35 51 -1
35 52 -1
36 26 1
36 39 1
36 53 1
36 54 1
37 27 1
37 46 1
37 53 -1
37 55 1
38 40 1
38 47 1
38 54 -1
38 55 -1
39 28 1
39 33 1
39 53 1
39 56 1
39 57 1
40 15 1
40 41 1
40 58 1
40 59 1
41 42 1
41 54 1
41 56 -1
41 58 -1
41 60 1
42 34 1
42 57 -1
42 59 -1
42 60 -1
43 48 1
43 55 1
43 56 1
43 61 1
43 62 1
44 32 1
44 49 1
44 61 -1
44 63 1
45 35 1
45 57 1
45 62 -1
45 63 -1
46 43 1
46 64 1
46 65 1
47 44 1
47 50 1
47 64 -1
47 66 1
47 67 1
47 68 1
48 51 1
48 66 -1
48 69 1
49 65 -1
49 67 -1
49 70 1
49 71 1
50 68 -1
50 69 -1
50 70 -1
50 72 1
51 71 -1
51 72 -1
52 45 1
52 58 1
52 64 1
52 73 1
52 74 1
52 75 1
53 59 1
53 73 -1
53 76 1
54 65 1
54 74 -1
54 77 1
54 78 1
55 75 -1
55 76 -1
55 77 -1
55 79 1
56 78 -1
56 79 -1
57 52 1
57 61 1
57 66 1
57 80 1
57 81 1
57 82 1
58 60 1
58 62 1
58 73 1
58 80 -1
58 83 1
58 84 1
59 67 1
59 74 1
59 85 1
59 86 1
59 87 1
60 68 1
60 81 -1
60 85 -1
60 88 1
60 89 1
61 86 -1
61 88 -1
61 90 1
61 91 1
62 75 1
62 83 -1
62 87 -1
62 90 -1
62 92 1
63 82 -1
63 84 -1
63 89 -1
63 91 -1
63 92 -1
64 63 1
64 80 1
64 93 1
65 69 1
65 81 1
65 94 1
65 95 1
66 82 1
66 93 -1
66 94 -1
66 96 1
67 95 -1
67 96 -1
68 76 1
68 83 1
68 97 1
68 98 1
69 84 1
69 93 1
69 97 -1
69 99 1
70 98 -1
70 99 -1
71 70 1
71 85 1
71 100 1
71 101 1
71 102 1
72 86 1
72 100 -1
72 103 1
72 104 1
73 77 1
73 87 1
73 103 -1
73 105 1
73 106 1
74 71 1
74 101 -1
74 107 1
74 108 1
75 78 1
75 105 -1
75 107 -1
75 109 1
76 102 -1
76 104 -1
76 106 -1
76 108 -1
76 109 -1
77 88 1
77 100 1
77 110 1
77 111 1
78 89 1
78 94 1
78 110 -1
78 112 1
78 113 1
79 72 1
79 101 1
79 114 1
79 115 1
80 102 1
80 111 -1
80 112 -1
80 114 -1
80 116 1
81 95 1
81 113 -1
81 115 -1
81 116 -1
82 90 1
82 103 1
82 117 1
82 118 1
83 91 1
83 110 1
83 117 -1
83 119 1
84 104 1
84 111 1
84 118 -1
84 119 -1
85 92 1
85 97 1
85 117 1
85 120 1
85 121 1
86 79 1
86 105 1
86 122 1
86 123 1
87 106 1
87 118 1
87 120 -1
87 122 -1
87 124 1
88 98 1
88 121 -1
88 123 -1
88 124 -1
89 112 1
89 119 1
89 120 1
89 125 1
89 126 1
90 96 1
90 113 1
90 125 -1
90 127 1
91 99 1
91 121 1
91 126 -1
91 127 -1
92 107 1
92 128 1
92 129 1
93 108 1
93 114 1
93 128 -1
93 130 1
93 131 1
93 132 1
94 115 1
94 130 -1
94 133 1
95 129 -1
95 131 -1
95 134 1
95 135 1
96 132 -1
96 133 -1
96 134 -1
96 136 1
97 135 -1
97 136 -1
98 109 1
98 122 1
98 128 1
98 137 1
98 138 1
98 139 1
99 123 1
99 137 -1
99 140 1
100 129 1
100 138 -1
100 141 1
100 142 1
101 139 -1
101 140 -1
101 141 -1
101 143 1
102 142 -1
102 143 -1
103 116 1
103 125 1
103 130 1
103 144 1
103 145 1
103 146 1
104 124 1
104 126 1
104 137 1
104 144 -1
104 147 1
104 148 1
105 131 1
105 138 1
105 149 1
105 150 1
105 151 1
106 132 1
106 145 -1
106 149 -1
106 152 1
106 153 1
107 150 -1
107 152 -1
107 154 1
107 155 1
108 139 1
108 147 -1
108 151 -1
108 154 -1
108 156 1
109 146 -1
109 148 -1
109 153 -1
109 155 -1
109 156 -1
110 127 1
110 144 1
110 157 1
111 133 1
111 145 1
111 158 1
111 159 1
112 146 1
112 157 -1
112 158 -1
112 160 1
113 159 -1
113 160 -1
114 140 1
114 147 1
114 161 1
114 162 1
115 148 1
115 157 1
115 161 -1
115 163 1
116 162 -1
116 163 -1
117 134 1
117 149 1
117 164 1
117 165 1
117 166 1
118 150 1
118 164 -1
118 167 1
118 168 1
119 141 1
119 151 1
119 167 -1
119 169 1
119 170 1
120 135 1
120 165 -1
120 171 1
120 172 1
121 142 1
121 169 -1
121 171 -1
121 173 1
122 166 -1
122 168 -1
122 170 -1
122 172 -1
122 173 -1
123 152 1
123 164 1
123 174 1
123 175 1
124 153 1
124 158 1
124 174 -1
124 176 1
124 177 1
125 136 1
125 165 1
125 178 1
125 179 1
126 166 1
126 175 -1
126 176 -1
126 178 -1
126 180 1
127 159 1
127 177 -1
127 179 -1
127 180 -1
128 154 1
128 167 1
128 181 1
128 182 1
129 155 1
129 174 1
129 181 -1
129 183 1
130 168 1
130 175 1
130 182 -1
130 183 -1
131 156 1
131 161 1
131 181 1
131 184 1
131 185 1
132 143 1
132 169 1
132 186 1
132 187 1
133 170 1
133 182 1
133 184 -1
133 186 -1
133 188 1
134 162 1
134 185 -1
134 187 -1
134 188 -1
135 176 1
135 183 1
135 184 1
135 189 1
135 190 1
136 160 1
136 177 1
136 189 -1
136 191 1
137 163 1
137 185 1
137 190 -1
137 191 -1
138 171 1
138 192 1
138 193 1
139 172 1
139 178 1
139 192 -1
139 194 1
139 195 1
139 196 1
140 179 1
140 194 -1
140 197 1
141 193 -1
141 195 -1
141 198 1
141 199 1
142 196 -1
142 197 -1
142 198 -1
142 200 1
143 199 -1
143 200 -1
144 173 1
144 186 1
144 192 1
144 201 1
144 202 1
144 203 1
145 187 1
145 201 -1
145 204 1
146 193 1
146 202 -1
146 205 1
146 206 1
147 203 -1
147 204 -1
147 205 -1
147 207 1
148 206 -1
148 207 -1
149 180 1
149 189 1
149 194 1
149 208 1
149 209 1
149 210 1
150 188 1
150 190 1
150 201 1
150 208 -1
150 211 1
150 212 1
151 195 1
151 202 1
151 213 1
151 214 1
151 215 1
152 196 1
152 209 -1
152 213 -1
152 216 1
152 217 1
153 214 -1
153 216 -1
153 218 1
153 219 1
154 203 1
154 211 -1
154 215 -1
154 218 -1
154 220 1
155 210 -1
155 212 -1
155 217 -1
155 219 -1
155 220 -1
156 191 1
156 208 1
156 221 1
157 197 1
157 209 1
157 222 1
157 223 1
158 210 1
158 221 -1
158 222 -1
158 224 1
159 223 -1
159 224 -1
160 204 1
160 211 1
160 225 1
160 226 1
161 212 1
161 221 1
161 225 -1
161 227 1
162 226 -1
162 227 -1
163 198 1
163 213 1
163 228 1
163 229 1
163 230 1
164 214 1
164 228 -1
164 231 1
164 232 1
165 205 1
165 215 1
165 231 -1
165 233 1
165 234 1
166 199 1
166 229 -1
166 235 1
166 236 1
167 206 1
167 233 -1
167 235 -1
167 237 1
168 230 -1
168 232 -1
168 234 -1
168 236 -1
168 237 -1
169 216 1
169 228 1
169 238 1
169 239 1
170 217 1
170 222 1
170 238 -1
170 240 1
170 241 1
171 200 1
171 229 1
171 242 1
171 243 1
172 230 1
172 239 -1
172 240 -1
172 242 -1
172 244 1
173 223 1
173 241 -1
173 243 -1
173 244 -1
174 218 1
174 231 1
174 245 1
174 246 1
175 219 1
175 238 1
175 245 -1
175 247 1
176 232 1
176 239 1
176 246 -1
176 247 -1
177 220 1
177 225 1
177 245 1
177 248 1
177 249 1
178 207 1
178 233 1
178 250 1
178 251 1
179 234 1
179 246 1
179 248 -1
179 250 -1
179 252 1
180 226 1
180 249 -1
180 251 -1
180 252 -1
181 240 1
181 247 1
181 248 1
181 253 1
181 254 1
182 224 1
182 241 1
182 253 -1
182 255 1
183 227 1
183 249 1
183 254 -1
183 255 -1
184 235 1
184 256 1
185 236 1
185 242 1
185 256 -1
185 257 1
186 243 1
186 257 -1
187 237 1
187 250 1
187 256 1
187 258 1
188 251 1
188 258 -1
189 244 1
189 253 1
189 257 1
189 259 1
190 252 1
190 254 1
190 258 1
190 259 -1
191 255 1
191 259 1
