0 0 1
1 0 1
2 1 -1
3 0 -1
3 2 1
4 1 1
4 2 -1
5 1 -1
6 2 1
6 3 -1
7 3 1
8 3 -1
9 4 1
10 0 1
10 5 -1
11 4 -1
11 5 1
12 4 1
13 5 -1
13 6 1
14 6 -1
15 6 1
16 7 1
17 1 1
17 8 -1
18 7 -1
18 8 1
19 4 -1
19 9 1
20 7 1
20 9 -1
21 2 -1
21 10 1
22 10 -1
22 11 1
23 5 1
23 11 -1
24 10 1
24 12 -1
25 8 -1
25 12 1
26 11 1
26 13 -1
27 12 -1
27 13 1
28 9 1
28 13 -1
29 7 -1
30 8 1
30 14 -1
31 14 1
32 14 -1
33 9 -1
33 15 1
34 15 -1
35 15 1
36 10 -1
36 16 1
37 3 1
37 17 -1
38 16 -1
38 17 1
39 11 -1
39 18 1
40 16 1
40 18 -1
41 6 -1
41 19 1
42 18 1
42 19 -1
43 20 -1
44 17 -1
44 20 1
45 19 1
45 20 -1
46 12 1
46 21 -1
47 16 -1
47 21 1
48 21 -1
48 22 1
49 14 1
49 22 -1
50 17 1
50 23 -1
51 23 1
52 22 1
52 23 -1
53 13 1
53 24 -1
54 18 -1
54 24 1
55 21 1
55 24 -1
56 24 1
56 25 -1
57 15 -1
57 25 1
58 19 -1
58 26 1
59 26 -1
60 25 -1
60 26 1
61 22 -1
61 27 1
62 25 1
62 27 -1
63 27 1
64 20 1
64 28 -1
65 28 1
66 23 1
66 29 -1
67 28 -1
67 30 1
68 29 1
68 30 -1
69 29 -1
70 30 1
70 31 -1
71 31 1
72 31 -1
73 26 -1
73 32 1
74 28 1
74 33 -1
75 32 -1
75 33 1
76 32 1
77 33 -1
77 34 1
78 34 -1
79 34 1
80 27 -1
80 35 1
81 29 1
81 36 -1
82 35 -1
82 36 1
83 32 -1
83 37 1
84 35 1
84 37 -1
85 30 -1
85 38 1
86 38 -1
86 39 1
87 33 1
87 39 -1
88 38 1
88 40 -1
89 36 -1
89 40 1
90 39 1
90 41 -1
91 40 -1
91 41 1
92 37 1
92 41 -1
93 35 -1
94 36 1
94 42 -1
95 42 1
96 42 -1
97 37 -1
97 43 1
98 43 -1
99 43 1
100 38 -1
100 44 1
101 31 1
101 45 -1
102 44 -1
102 45 1
103 39 -1
103 46 1
104 44 1
104 46 -1
105 34 -1
105 47 1
106 46 1
106 47 -1
107 48 -1
108 45 -1
108 48 1
109 47 1
109 48 -1
110 40 1
110 49 -1
111 44 -1
111 49 1
112 49 -1
112 50 1
113 42 1
113 50 -1
114 45 1
114 51 -1
115 51 1
116 50 1
116 51 -1
117 41 1
117 52 -1
118 46 -1
118 52 1
119 49 1
119 52 -1
120 52 1
120 53 -1
121 43 -1
121 53 1
122 47 -1
122 54 1
123 54 -1
124 53 -1
124 54 1
125 50 -1
125 55 1
126 53 1
126 55 -1
127 55 1
128 48 1
128 56 -1
129 56 1
130 51 1
130 57 -1
131 56 -1
131 58 1
132 57 1
132 58 -1
133 57 -1
134 58 1
134 59 -1
135 59 1
136 59 -1
137 54 -1
137 60 1
138 56 1
138 61 -1
139 60 -1
139 61 1
140 60 1
141 61 -1
141 62 1
142 62 -1
143 62 1
144 55 -1
144 63 1
145 57 1
145 64 -1
146 63 -1
146 64 1
147 60 -1
147 65 1
148 63 1
148 65 -1
149 58 -1
149 66 1
150 66 -1
150 67 1
151 61 1
151 67 -1
152 66 1
152 68 -1
153 64 -1
153 68 1
154 67 1
154 69 -1
155 68 -1
155 69 1
156 65 1
156 69 -1
157 63 -1
158 64 1
158 70 -1
159 70 1
160 70 -1
161 65 -1
161 71 1
162 71 -1
163 71 1
164 66 -1
164 72 1
165 59 1
165 73 -1
166 72 -1
166 73 1
167 67 -1
167 74 1
168 72 1
168 74 -1
169 62 -1
169 75 1
170 74 1
170 75 -1
171 76 -1
172 73 -1
172 76 1
173 75 1
173 76 -1
174 68 1
174 77 -1
175 72 -1
175 77 1
176 77 -1
176 78 1
177 70 1
177 78 -1
178 73 1
178 79 -1
179 79 1
180 78 1
180 79 -1
181 69 1
181 80 -1
182 74 -1
182 80 1
183 77 1
183 80 -1
184 80 1
184 81 -1
185 71 -1
185 81 1
186 75 -1
186 82 1
187 82 -1
188 81 -1
188 82 1
189 78 -1
189 83 1
190 81 1
190 83 -1
191 83 1
192 76 1
192 84 -1
193 84 1
194 79 1
194 85 -1
195 84 -1
195 86 1
196 85 1
196 86 -1
197 85 -1
198 86 1
198 87 -1
199 87 1
200 87 -1
201 82 -1
201 88 1
202 84 1
202 89 -1
203 88 -1
203 89 1
204 88 1
205 89 -1
205 90 1
206 90 -1
207 90 1
208 83 -1
208 91 1
209 85 1
209 92 -1
210 91 -1
210 92 1
211 88 -1
211 93 1
212 91 1
212 93 -1
213 86 -1
213 94 1
214 94 -1
214 95 1
215 89 1
215 95 -1
216 94 1
216 96 -1
217 92 -1
217 96 1
218 95 1
218 97 -1
219 96 -1
219 97 1
220 93 1
220 97 -1
221 91 -1
222 92 1
222 98 -1
223 98 1
224 98 -1
225 93 -1
225 99 1
226 99 -1
227 99 1
228 94 -1
228 100 1
229 87 1
229 101 -1
230 100 -1
230 101 1
231 95 -1
231 102 1
232 100 1
232 102 -1
233 90 -1
233 103 1
234 102 1
234 103 -1
235 104 -1
236 101 -1
236 104 1
237 103 1
237 104 -1
238 96 1
238 105 -1
239 100 -1
239 105 1
240 105 -1
240 106 1
241 98 1
241 106 -1
242 101 1
242 107 -1
243 107 1
244 106 1
244 107 -1
245 97 1
245 108 -1
246 102 -1
246 108 1
247 105 1
247 108 -1
248 108 1
248 109 -1
249 99 -1
249 109 1
250 103 -1
250 110 1
251 110 -1
252 109 -1
252 110 1
253 106 -1
253 111 1
254 109 1
254 111 -1
255 111 1
256 104 1
257 107 1
258 110 -1
259 111 -1
