0 1 1
0 3 1
0 5 1
0 13 1
0 15 1
0 29 1
1 0 1
1 2 1
1 3 1
1 4 1
1 6 1
1 13 1
1 14 1
1 17 1
1 30 1
2 1 1
2 4 1
2 7 1
2 14 1
2 19 1
2 31 1
3 0 1
3 1 1
3 5 1
3 6 1
3 13 1
3 15 1
3 16 1
3 17 1
3 20 1
4 1 1
4 2 1
4 6 1
4 7 1
4 14 1
4 17 1
4 18 1
4 19 1
4 21 1
5 0 1
5 3 1
5 6 1
5 8 1
5 10 1
5 15 1
5 20 1
5 22 1
5 34 1
6 1 1
6 3 1
6 4 1
6 5 1
6 7 1
6 8 1
6 9 1
6 11 1
6 17 1
6 20 1
6 21 1
6 24 1
6 35 1
7 2 1
7 4 1
7 6 1
7 9 1
7 12 1
7 19 1
7 21 1
7 26 1
7 36 1
8 5 1
8 6 1
8 10 1
8 11 1
8 20 1
8 22 1
8 23 1
8 24 1
8 27 1
9 6 1
9 7 1
9 11 1
9 12 1
9 21 1
9 24 1
9 25 1
9 26 1
9 28 1
10 5 1
10 8 1
10 11 1
10 22 1
10 27 1
10 39 1
11 6 1
11 8 1
11 9 1
11 10 1
11 12 1
11 24 1
11 27 1
11 28 1
11 40 1
12 7 1
12 9 1
12 11 1
12 26 1
12 28 1
12 41 1
13 0 1
13 1 1
13 3 1
13 15 1
13 16 1
13 17 1
13 29 1
13 30 1
13 32 1
14 1 1
14 2 1
14 4 1
14 17 1
14 18 1
14 19 1
14 30 1
14 31 1
14 33 1
15 0 1
15 3 1
15 5 1
15 13 1
15 16 1
15 20 1
15 29 1
15 32 1
15 34 1
16 3 1
16 13 1
16 15 1
16 17 1
16 20 1
16 32 1
17 1 1
17 3 1
17 4 1
17 6 1
17 13 1
17 14 1
17 16 1
17 18 1
17 20 1
17 21 1
17 30 1
17 32 1
17 33 1
17 35 1
18 4 1
18 14 1
18 17 1
18 19 1
18 21 1
18 33 1
19 2 1
19 4 1
19 7 1
19 14 1
19 18 1
19 21 1
19 31 1
19 33 1
19 36 1
20 3 1
20 5 1
20 6 1
20 8 1
20 15 1
20 16 1
20 17 1
20 22 1
20 23 1
20 24 1
20 32 1
20 34 1
20 35 1
20 37 1
21 4 1
21 6 1
21 7 1
21 9 1
21 17 1
21 18 1
21 19 1
21 24 1
21 25 1
21 26 1
21 33 1
21 35 1
21 36 1
21 38 1
22 5 1
22 8 1
22 10 1
22 20 1
22 23 1
22 27 1
22 34 1
22 37 1
22 39 1
23 8 1
23 20 1
23 22 1
23 24 1
23 27 1
23 37 1
24 6 1
24 8 1
24 9 1
24 11 1
24 20 1
24 21 1
24 23 1
24 25 1
24 27 1
24 28 1
24 35 1
24 37 1
24 38 1
24 40 1
25 9 1
25 21 1
25 24 1
25 26 1
25 28 1
25 38 1
26 7 1
26 9 1
26 12 1
26 21 1
26 25 1
26 28 1
26 36 1
26 38 1
26 41 1
27 8 1
27 10 1
27 11 1
27 22 1
27 23 1
27 24 1
27 37 1
27 39 1
27 40 1
28 9 1
28 11 1
28 12 1
28 24 1
28 25 1
28 26 1
28 38 1
28 40 1
28 41 1
29 0 1
29 13 1
29 15 1
29 30 1
29 32 1
29 34 1
29 42 1
29 44 1
29 58 1
30 1 1
30 13 1
30 14 1
30 17 1
30 29 1
30 31 1
30 32 1
30 33 1
30 35 1
30 42 1
30 43 1
30 46 1
30 59 1
31 2 1
31 14 1
31 19 1
31 30 1
31 33 1
31 36 1
31 43 1
31 48 1
31 60 1
32 13 1
32 15 1
32 16 1
32 17 1
32 20 1
32 29 1
32 30 1
32 34 1
32 35 1
32 42 1
32 44 1
32 45 1
32 46 1
32 49 1
33 14 1
33 17 1
33 18 1
33 19 1
33 21 1
33 30 1
33 31 1
33 35 1
33 36 1
33 43 1
33 46 1
33 47 1
33 48 1
33 50 1
34 5 1
34 15 1
34 20 1
34 22 1
34 29 1
34 32 1
34 35 1
34 37 1
34 39 1
34 44 1
34 49 1
34 51 1
34 63 1
35 6 1
35 17 1
35 20 1
35 21 1
35 24 1
35 30 1
35 32 1
35 33 1
35 34 1
35 36 1
35 37 1
35 38 1
35 40 1
35 46 1
35 49 1
35 50 1
35 53 1
35 64 1
36 7 1
36 19 1
36 21 1
36 26 1
36 31 1
36 33 1
36 35 1
36 38 1
36 41 1
36 48 1
36 50 1
36 55 1
36 65 1
37 20 1
37 22 1
37 23 1
37 24 1
37 27 1
37 34 1
37 35 1
37 39 1
37 40 1
37 49 1
37 51 1
37 52 1
37 53 1
37 56 1
38 21 1
38 24 1
38 25 1
38 26 1
38 28 1
38 35 1
38 36 1
38 40 1
38 41 1
38 50 1
38 53 1
38 54 1
38 55 1
38 57 1
39 10 1
39 22 1
39 27 1
39 34 1
39 37 1
39 40 1
39 51 1
39 56 1
39 68 1
40 11 1
40 24 1
40 27 1
40 28 1
40 35 1
40 37 1
40 38 1
40 39 1
40 41 1
40 53 1
40 56 1
40 57 1
40 69 1
41 12 1
41 26 1
41 28 1
41 36 1
41 38 1
41 40 1
41 55 1
41 57 1
41 70 1
42 29 1
42 30 1
42 32 1
42 44 1
42 45 1
42 46 1
42 58 1
42 59 1
42 61 1
43 30 1
43 31 1
43 33 1
43 46 1
43 47 1
43 48 1
43 59 1
43 60 1
43 62 1
44 29 1
44 32 1
44 34 1
44 42 1
44 45 1
44 49 1
44 58 1
44 61 1
44 63 1
45 32 1
45 42 1
45 44 1
45 46 1
45 49 1
45 61 1
46 30 1
46 32 1
46 33 1
46 35 1
46 42 1
46 43 1
46 45 1
46 47 1
46 49 1
46 50 1
46 59 1
46 61 1
46 62 1
46 64 1
47 33 1
47 43 1
47 46 1
47 48 1
47 50 1
47 62 1
48 31 1
48 33 1
48 36 1
48 43 1
48 47 1
48 50 1
48 60 1
48 62 1
48 65 1
49 32 1
49 34 1
49 35 1
49 37 1
49 44 1
49 45 1
49 46 1
49 51 1
49 52 1
49 53 1
49 61 1
49 63 1
49 64 1
49 66 1
50 33 1
50 35 1
50 36 1
50 38 1
50 46 1
50 47 1
50 48 1
50 53 1
50 54 1
50 55 1
50 62 1
50 64 1
50 65 1
50 67 1
51 34 1
51 37 1
51 39 1
51 49 1
51 52 1
51 56 1
51 63 1
51 66 1
51 68 1
52 37 1
52 49 1
52 51 1
52 53 1
52 56 1
52 66 1
53 35 1
53 37 1
53 38 1
53 40 1
53 49 1
53 50 1
53 52 1
53 54 1
53 56 1
53 57 1
53 64 1
53 66 1
53 67 1
53 69 1
54 38 1
54 50 1
54 53 1
54 55 1
54 57 1
54 67 1
55 36 1
55 38 1
55 41 1
55 50 1
55 54 1
55 57 1
55 65 1
55 67 1
55 70 1
56 37 1
56 39 1
56 40 1
56 51 1
56 52 1
56 53 1
56 66 1
56 68 1
56 69 1
57 38 1
57 40 1
57 41 1
57 53 1
57 54 1
57 55 1
57 67 1
57 69 1
57 70 1
58 29 1
58 42 1
58 44 1
58 59 1
58 61 1
58 63 1
58 71 1
58 73 1
58 87 1
59 30 1
59 42 1
59 43 1
59 46 1
59 58 1
59 60 1
59 61 1
59 62 1
59 64 1
59 71 1
59 72 1
59 75 1
59 88 1
60 31 1
60 43 1
60 48 1
60 59 1
60 62 1
60 65 1
60 72 1
60 77 1
60 89 1
61 42 1
61 44 1
61 45 1
61 46 1
61 49 1
61 58 1
61 59 1
61 63 1
61 64 1
61 71 1
61 73 1
61 74 1
61 75 1
61 78 1
62 43 1
62 46 1
62 47 1
62 48 1
62 50 1
62 59 1
62 60 1
62 64 1
62 65 1
62 72 1
62 75 1
62 76 1
62 77 1
62 79 1
63 34 1
63 44 1
63 49 1
63 51 1
63 58 1
63 61 1
63 64 1
63 66 1
63 68 1
63 73 1
63 78 1
63 80 1
63 92 1
64 35 1
64 46 1
64 49 1
64 50 1
64 53 1
64 59 1
64 61 1
64 62 1
64 63 1
64 65 1
64 66 1
64 67 1
64 69 1
64 75 1
64 78 1
64 79 1
64 82 1
64 93 1
65 36 1
65 48 1
65 50 1
65 55 1
65 60 1
65 62 1
65 64 1
65 67 1
65 70 1
65 77 1
65 79 1
65 84 1
65 94 1
66 49 1
66 51 1
66 52 1
66 53 1
66 56 1
66 63 1
66 64 1
66 68 1
66 69 1
66 78 1
66 80 1
66 81 1
66 82 1
66 85 1
67 50 1
67 53 1
67 54 1
67 55 1
67 57 1
67 64 1
67 65 1
67 69 1
67 70 1
67 79 1
67 82 1
67 83 1
67 84 1
67 86 1
68 39 1
68 51 1
68 56 1
68 63 1
68 66 1
68 69 1
68 80 1
68 85 1
68 97 1
69 40 1
69 53 1
69 56 1
69 57 1
69 64 1
69 66 1
69 67 1
69 68 1
69 70 1
69 82 1
69 85 1
69 86 1
69 98 1
70 41 1
70 55 1
70 57 1
70 65 1
70 67 1
70 69 1
70 84 1
70 86 1
70 99 1
71 58 1
71 59 1
71 61 1
71 73 1
71 74 1
71 75 1
71 87 1
71 88 1
71 90 1
72 59 1
72 60 1
72 62 1
72 75 1
72 76 1
72 77 1
72 88 1
72 89 1
72 91 1
73 58 1
73 61 1
73 63 1
73 71 1
73 74 1
73 78 1
73 87 1
73 90 1
73 92 1
74 61 1
74 71 1
74 73 1
74 75 1
74 78 1
74 90 1
75 59 1
75 61 1
75 62 1
75 64 1
75 71 1
75 72 1
75 74 1
75 76 1
75 78 1
75 79 1
75 88 1
75 90 1
75 91 1
75 93 1
76 62 1
76 72 1
76 75 1
76 77 1
76 79 1
76 91 1
77 60 1
77 62 1
77 65 1
77 72 1
77 76 1
77 79 1
77 89 1
77 91 1
77 94 1
78 61 1
78 63 1
78 64 1
78 66 1
78 73 1
78 74 1
78 75 1
78 80 1
78 81 1
78 82 1
78 90 1
78 92 1
78 93 1
78 95 1
79 62 1
79 64 1
79 65 1
79 67 1
79 75 1
79 76 1
79 77 1
79 82 1
79 83 1
79 84 1
79 91 1
79 93 1
79 94 1
79 96 1
80 63 1
80 66 1
80 68 1
80 78 1
80 81 1
80 85 1
80 92 1
80 95 1
80 97 1
81 66 1
81 78 1
81 80 1
81 82 1
81 85 1
81 95 1
82 64 1
82 66 1
82 67 1
82 69 1
82 78 1
82 79 1
82 81 1
82 83 1
82 85 1
82 86 1
82 93 1
82 95 1
82 96 1
82 98 1
83 67 1
83 79 1
83 82 1
83 84 1
83 86 1
83 96 1
84 65 1
84 67 1
84 70 1
84 79 1
84 83 1
84 86 1
84 94 1
84 96 1
84 99 1
85 66 1
85 68 1
85 69 1
85 80 1
85 81 1
85 82 1
85 95 1
85 97 1
85 98 1
86 67 1
86 69 1
86 70 1
86 82 1
86 83 1
86 84 1
86 96 1
86 98 1
86 99 1
87 58 1
87 71 1
87 73 1
87 88 1
87 90 1
87 92 1
87 100 1
87 102 1
87 116 1
88 59 1
88 71 1
88 72 1
88 75 1
88 87 1
88 89 1
88 90 1
88 91 1
88 93 1
88 100 1
88 101 1
88 104 1
88 117 1
89 60 1
89 72 1
89 77 1
89 88 1
89 91 1
89 94 1
89 101 1
89 106 1
89 118 1
90 71 1
90 73 1
90 74 1
90 75 1
90 78 1
90 87 1
90 88 1
90 92 1
90 93 1
90 100 1
90 102 1
90 103 1
90 104 1
90 107 1
91 72 1
91 75 1
91 76 1
91 77 1
91 79 1
91 88 1
91 89 1
91 93 1
91 94 1
91 101 1
91 104 1
91 105 1
91 106 1
91 108 1
92 63 1
92 73 1
92 78 1
92 80 1
92 87 1
92 90 1
92 93 1
92 95 1
92 97 1
92 102 1
92 107 1
92 109 1
92 121 1
93 64 1
93 75 1
93 78 1
93 79 1
93 82 1
93 88 1
93 90 1
93 91 1
93 92 1
93 94 1
93 95 1
93 96 1
93 98 1
93 104 1
93 107 1
93 108 1
93 111 1
93 122 1
94 65 1
94 77 1
94 79 1
94 84 1
94 89 1
94 91 1
94 93 1
94 96 1
94 99 1
94 106 1
94 108 1
94 113 1
94 123 1
95 78 1
95 80 1
95 81 1
95 82 1
95 85 1
95 92 1
95 93 1
95 97 1
95 98 1
95 107 1
95 109 1
95 110 1
95 111 1
95 114 1
96 79 1
96 82 1
96 83 1
96 84 1
96 86 1
96 93 1
96 94 1
96 98 1
96 99 1
96 108 1
96 111 1
96 112 1
96 113 1
96 115 1
97 68 1
97 80 1
97 85 1
97 92 1
97 95 1
97 98 1
97 109 1
97 114 1
97 126 1
98 69 1
98 82 1
98 85 1
98 86 1
98 93 1
98 95 1
98 96 1
98 97 1
98 99 1
98 111 1
98 114 1
98 115 1
98 127 1
99 70 1
99 84 1
99 86 1
99 94 1
99 96 1
99 98 1
99 113 1
99 115 1
99 128 1
100 87 1
100 88 1
100 90 1
100 102 1
100 103 1
100 104 1
100 116 1
100 117 1
100 119 1
101 88 1
101 89 1
101 91 1
101 104 1
101 105 1
101 106 1
101 117 1
101 118 1
101 120 1
102 87 1
102 90 1
102 92 1
102 100 1
102 103 1
102 107 1
102 116 1
102 119 1
102 121 1
103 90 1
103 100 1
103 102 1
103 104 1
103 107 1
103 119 1
104 88 1
104 90 1
104 91 1
104 93 1
104 100 1
104 101 1
104 103 1
104 105 1
104 107 1
104 108 1
104 117 1
104 119 1
104 120 1
104 122 1
105 91 1
105 101 1
105 104 1
105 106 1
105 108 1
105 120 1
106 89 1
106 91 1
106 94 1
106 101 1
106 105 1
106 108 1
106 118 1
106 120 1
106 123 1
107 90 1
107 92 1
107 93 1
107 95 1
107 102 1
107 103 1
107 104 1
107 109 1
107 110 1
107 111 1
107 119 1
107 121 1
107 122 1
107 124 1
108 91 1
108 93 1
108 94 1
108 96 1
108 104 1
108 105 1
108 106 1
108 111 1
108 112 1
108 113 1
108 120 1
108 122 1
108 123 1
108 125 1
109 92 1
109 95 1
109 97 1
109 107 1
109 110 1
109 114 1
109 121 1
109 124 1
109 126 1
110 95 1
110 107 1
110 109 1
110 111 1
110 114 1
110 124 1
111 93 1
111 95 1
111 96 1
111 98 1
111 107 1
111 108 1
111 110 1
111 112 1
111 114 1
111 115 1
111 122 1
111 124 1
111 125 1
111 127 1
112 96 1
112 108 1
112 111 1
112 113 1
112 115 1
112 125 1
113 94 1
113 96 1
113 99 1
113 108 1
113 112 1
113 115 1
113 123 1
113 125 1
113 128 1
114 95 1
114 97 1
114 98 1
114 109 1
114 110 1
114 111 1
114 124 1
114 126 1
114 127 1
115 96 1
115 98 1
115 99 1
115 111 1
115 112 1
115 113 1
115 125 1
115 127 1
115 128 1
116 87 1
116 100 1
116 102 1
116 117 1
116 119 1
116 121 1
116 129 1
116 131 1
116 145 1
117 88 1
117 100 1
117 101 1
117 104 1
117 116 1
117 118 1
117 119 1
117 120 1
117 122 1
117 129 1
117 130 1
117 133 1
117 146 1
118 89 1
118 101 1
118 106 1
118 117 1
118 120 1
118 123 1
118 130 1
118 135 1
118 147 1
119 100 1
119 102 1
119 103 1
119 104 1
119 107 1
119 116 1
119 117 1
119 121 1
119 122 1
119 129 1
119 131 1
119 132 1
119 133 1
119 136 1
120 101 1
120 104 1
120 105 1
120 106 1
120 108 1
120 117 1
120 118 1
120 122 1
120 123 1
120 130 1
120 133 1
120 134 1
120 135 1
120 137 1
121 92 1
121 102 1
121 107 1
121 109 1
121 116 1
121 119 1
121 122 1
121 124 1
121 126 1
121 131 1
121 136 1
121 138 1
121 150 1
122 93 1
122 104 1
122 107 1
122 108 1
122 111 1
122 117 1
122 119 1
122 120 1
122 121 1
122 123 1
122 124 1
122 125 1
122 127 1
122 133 1
122 136 1
122 137 1
122 140 1
122 151 1
123 94 1
123 106 1
123 108 1
123 113 1
123 118 1
123 120 1
123 122 1
123 125 1
123 128 1
123 135 1
123 137 1
123 142 1
123 152 1
124 107 1
124 109 1
124 110 1
124 111 1
124 114 1
124 121 1
124 122 1
124 126 1
124 127 1
124 136 1
124 138 1
124 139 1
124 140 1
124 143 1
125 108 1
125 111 1
125 112 1
125 113 1
125 115 1
125 122 1
125 123 1
125 127 1
125 128 1
125 137 1
125 140 1
125 141 1
125 142 1
125 144 1
126 97 1
126 109 1
126 114 1
126 121 1
126 124 1
126 127 1
126 138 1
126 143 1
126 155 1
127 98 1
127 111 1
127 114 1
127 115 1
127 122 1
127 124 1
127 125 1
127 126 1
127 128 1
127 140 1
127 143 1
127 144 1
127 156 1
128 99 1
128 113 1
128 115 1
128 123 1
128 125 1
128 127 1
128 142 1
128 144 1
128 157 1
129 116 1
129 117 1
129 119 1
129 131 1
129 132 1
129 133 1
129 145 1
129 146 1
129 148 1
130 117 1
130 118 1
130 120 1
130 133 1
130 134 1
130 135 1
130 146 1
130 147 1
130 149 1
131 116 1
131 119 1
131 121 1
131 129 1
131 132 1
131 136 1
131 145 1
131 148 1
131 150 1
132 119 1
132 129 1
132 131 1
132 133 1
132 136 1
132 148 1
133 117 1
133 119 1
133 120 1
133 122 1
133 129 1
133 130 1
133 132 1
133 134 1
133 136 1
133 137 1
133 146 1
133 148 1
133 149 1
133 151 1
134 120 1
134 130 1
134 133 1
134 135 1
134 137 1
134 149 1
135 118 1
135 120 1
135 123 1
135 130 1
135 134 1
135 137 1
135 147 1
135 149 1
135 152 1
136 119 1
136 121 1
136 122 1
136 124 1
136 131 1
136 132 1
136 133 1
136 138 1
136 139 1
136 140 1
136 148 1
136 150 1
136 151 1
136 153 1
137 120 1
137 122 1
137 123 1
137 125 1
137 133 1
137 134 1
137 135 1
137 140 1
137 141 1
137 142 1
137 149 1
137 151 1
137 152 1
137 154 1
138 121 1
138 124 1
138 126 1
138 136 1
138 139 1
138 143 1
138 150 1
138 153 1
138 155 1
139 124 1
139 136 1
139 138 1
139 140 1
139 143 1
139 153 1
140 122 1
140 124 1
140 125 1
140 127 1
140 136 1
140 137 1
140 139 1
140 141 1
140 143 1
140 144 1
140 151 1
140 153 1
140 154 1
140 156 1
141 125 1
141 137 1
141 140 1
141 142 1
141 144 1
141 154 1
142 123 1
142 125 1
142 128 1
142 137 1
142 141 1
142 144 1
142 152 1
142 154 1
142 157 1
143 124 1
143 126 1
143 127 1
143 138 1
143 139 1
143 140 1
143 153 1
143 155 1
143 156 1
144 125 1
144 127 1
144 128 1
144 140 1
144 141 1
144 142 1
144 154 1
144 156 1
144 157 1
145 116 1
145 129 1
145 131 1
145 146 1
145 148 1
145 150 1
145 158 1
145 160 1
145 174 1
146 117 1
146 129 1
146 130 1
146 133 1
146 145 1
146 147 1
146 148 1
146 149 1
146 151 1
146 158 1
146 159 1
146 162 1
146 175 1
147 118 1
147 130 1
147 135 1
147 146 1
147 149 1
147 152 1
147 159 1
147 164 1
147 176 1
148 129 1
148 131 1
148 132 1
148 133 1
148 136 1
148 145 1
148 146 1
148 150 1
148 151 1
148 158 1
148 160 1
148 161 1
148 162 1
148 165 1
149 130 1
149 133 1
149 134 1
149 135 1
149 137 1
149 146 1
149 147 1
149 151 1
149 152 1
149 159 1
149 162 1
149 163 1
149 164 1
149 166 1
150 121 1
150 131 1
150 136 1
150 138 1
150 145 1
150 148 1
150 151 1
150 153 1
150 155 1
150 160 1
150 165 1
150 167 1
150 179 1
151 122 1
151 133 1
151 136 1
151 137 1
151 140 1
151 146 1
151 148 1
151 149 1
151 150 1
151 152 1
151 153 1
151 154 1
151 156 1
151 162 1
151 165 1
151 166 1
151 169 1
151 180 1
152 123 1
152 135 1
152 137 1
152 142 1
152 147 1
152 149 1
152 151 1
152 154 1
152 157 1
152 164 1
152 166 1
152 171 1
152 181 1
153 136 1
153 138 1
153 139 1
153 140 1
153 143 1
153 150 1
153 151 1
153 155 1
153 156 1
153 165 1
153 167 1
153 168 1
153 169 1
153 172 1
154 137 1
154 140 1
154 141 1
154 142 1
154 144 1
154 151 1
154 152 1
154 156 1
154 157 1
154 166 1
154 169 1
154 170 1
154 171 1
154 173 1
155 126 1
155 138 1
155 143 1
155 150 1
155 153 1
155 156 1
155 167 1
155 172 1
155 184 1
156 127 1
156 140 1
156 143 1
156 144 1
156 151 1
156 153 1
156 154 1
156 155 1
156 157 1
156 169 1
156 172 1
156 173 1
156 185 1
157 128 1
157 142 1
157 144 1
157 152 1
157 154 1
157 156 1
157 171 1
157 173 1
157 186 1
158 145 1
158 146 1
158 148 1
158 160 1
158 161 1
158 162 1
158 174 1
158 175 1
158 177 1
159 146 1
159 147 1
159 149 1
159 162 1
159 163 1
159 164 1
159 175 1
159 176 1
159 178 1
160 145 1
160 148 1
160 150 1
160 158 1
160 161 1
160 165 1
160 174 1
160 177 1
160 179 1
161 148 1
161 158 1
161 160 1
161 162 1
161 165 1
161 177 1
162 146 1
162 148 1
162 149 1
162 151 1
162 158 1
162 159 1
162 161 1
162 163 1
162 165 1
162 166 1
162 175 1
162 177 1
162 178 1
162 180 1
163 149 1
163 159 1
163 162 1
163 164 1
163 166 1
163 178 1
164 147 1
164 149 1
164 152 1
164 159 1
164 163 1
164 166 1
164 176 1
164 178 1
164 181 1
165 148 1
165 150 1
165 151 1
165 153 1
165 160 1
165 161 1
165 162 1
165 167 1
165 168 1
165 169 1
165 177 1
165 179 1
165 180 1
165 182 1
166 149 1
166 151 1
166 152 1
166 154 1
166 162 1
166 163 1
166 164 1
166 169 1
166 170 1
166 171 1
166 178 1
166 180 1
166 181 1
166 183 1
167 150 1
167 153 1
167 155 1
167 165 1
167 168 1
167 172 1
167 179 1
167 182 1
167 184 1
168 153 1
168 165 1
168 167 1
168 169 1
168 172 1
168 182 1
169 151 1
169 153 1
169 154 1
169 156 1
169 165 1
169 166 1
169 168 1
169 170 1
169 172 1
169 173 1
169 180 1
169 182 1
169 183 1
169 185 1
170 154 1
170 166 1
170 169 1
170 171 1
170 173 1
170 183 1
171 152 1
171 154 1
171 157 1
171 166 1
171 170 1
171 173 1
171 181 1
171 183 1
171 186 1
172 153 1
172 155 1
172 156 1
172 167 1
172 168 1
172 169 1
172 182 1
172 184 1
172 185 1
173 154 1
173 156 1
173 157 1
173 169 1
173 170 1
173 171 1
173 183 1
173 185 1
173 186 1
174 145 1
174 158 1
174 160 1
174 175 1
174 177 1
174 179 1
174 187 1
174 189 1
174 203 1
175 146 1
175 158 1
175 159 1
175 162 1
175 174 1
175 176 1
175 177 1
175 178 1
175 180 1
175 187 1
175 188 1
175 191 1
175 204 1
176 147 1
176 159 1
176 164 1
176 175 1
176 178 1
176 181 1
176 188 1
176 193 1
176 205 1
177 158 1
177 160 1
177 161 1
177 162 1
177 165 1
177 174 1
177 175 1
177 179 1
177 180 1
177 187 1
177 189 1
177 190 1
177 191 1
177 194 1
178 159 1
178 162 1
178 163 1
178 164 1
178 166 1
178 175 1
178 176 1
178 180 1
178 181 1
178 188 1
178 191 1
178 192 1
178 193 1
178 195 1
179 150 1
179 160 1
179 165 1
179 167 1
179 174 1
179 177 1
179 180 1
179 182 1
179 184 1
179 189 1
179 194 1
179 196 1
179 208 1
180 151 1
180 162 1
180 165 1
180 166 1
180 169 1
180 175 1
180 177 1
180 178 1
180 179 1
180 181 1
180 182 1
180 183 1
180 185 1
180 191 1
180 194 1
180 195 1
180 198 1
180 209 1
181 152 1
181 164 1
181 166 1
181 171 1
181 176 1
181 178 1
181 180 1
181 183 1
181 186 1
181 193 1
181 195 1
181 200 1
181 210 1
182 165 1
182 167 1
182 168 1
182 169 1
182 172 1
182 179 1
182 180 1
182 184 1
182 185 1
182 194 1
182 196 1
182 197 1
182 198 1
182 201 1
183 166 1
183 169 1
183 170 1
183 171 1
183 173 1
183 180 1
183 181 1
183 185 1
183 186 1
183 195 1
183 198 1
183 199 1
183 200 1
183 202 1
184 155 1
184 167 1
184 172 1
184 179 1
184 182 1
184 185 1
184 196 1
184 201 1
184 213 1
185 156 1
185 169 1
185 172 1
185 173 1
185 180 1
185 182 1
185 183 1
185 184 1
185 186 1
185 198 1
185 201 1
185 202 1
185 214 1
186 157 1
186 171 1
186 173 1
186 181 1
186 183 1
186 185 1
186 200 1
186 202 1
186 215 1
187 174 1
187 175 1
187 177 1
187 189 1
187 190 1
187 191 1
187 203 1
187 204 1
187 206 1
188 175 1
188 176 1
188 178 1
188 191 1
188 192 1
188 193 1
188 204 1
188 205 1
188 207 1
189 174 1
189 177 1
189 179 1
189 187 1
189 190 1
189 194 1
189 203 1
189 206 1
189 208 1
190 177 1
190 187 1
190 189 1
190 191 1
190 194 1
190 206 1
191 175 1
191 177 1
191 178 1
191 180 1
191 187 1
191 188 1
191 190 1
191 192 1
191 194 1
191 195 1
191 204 1
191 206 1
191 207 1
191 209 1
192 178 1
192 188 1
192 191 1
192 193 1
192 195 1
192 207 1
193 176 1
193 178 1
193 181 1
193 188 1
193 192 1
193 195 1
193 205 1
193 207 1
193 210 1
194 177 1
194 179 1
194 180 1
194 182 1
194 189 1
194 190 1
194 191 1
194 196 1
194 197 1
194 198 1
194 206 1
194 208 1
194 209 1
194 211 1
195 178 1
195 180 1
195 181 1
195 183 1
195 191 1
195 192 1
195 193 1
195 198 1
195 199 1
195 200 1
195 207 1
195 209 1
195 210 1
195 212 1
196 179 1
196 182 1
196 184 1
196 194 1
196 197 1
196 201 1
196 208 1
196 211 1
196 213 1
197 182 1
197 194 1
197 196 1
197 198 1
197 201 1
197 211 1
198 180 1
198 182 1
198 183 1
198 185 1
198 194 1
198 195 1
198 197 1
198 199 1
198 201 1
198 202 1
198 209 1
198 211 1
198 212 1
198 214 1
199 183 1
199 195 1
199 198 1
199 200 1
199 202 1
199 212 1
200 181 1
200 183 1
200 186 1
200 195 1
200 199 1
200 202 1
200 210 1
200 212 1
200 215 1
201 182 1
201 184 1
201 185 1
201 196 1
201 197 1
201 198 1
201 211 1
201 213 1
201 214 1
202 183 1
202 185 1
202 186 1
202 198 1
202 199 1
202 200 1
202 212 1
202 214 1
202 215 1
203 174 1
203 187 1
203 189 1
203 204 1
203 206 1
203 208 1
203 216 1
203 218 1
203 232 1
204 175 1
204 187 1
204 188 1
204 191 1
204 203 1
204 205 1
204 206 1
204 207 1
204 209 1
204 216 1
204 217 1
204 220 1
204 233 1
205 176 1
205 188 1
205 193 1
205 204 1
205 207 1
205 210 1
205 217 1
205 222 1
205 234 1
206 187 1
206 189 1
206 190 1
206 191 1
206 194 1
206 203 1
206 204 1
206 208 1
206 209 1
206 216 1
206 218 1
206 219 1
206 220 1
206 223 1
207 188 1
207 191 1
207 192 1
207 193 1
207 195 1
207 204 1
207 205 1
207 209 1
207 210 1
207 217 1
207 220 1
207 221 1
207 222 1
207 224 1
208 179 1
208 189 1
208 194 1
208 196 1
208 203 1
208 206 1
208 209 1
208 211 1
208 213 1
208 218 1
208 223 1
208 225 1
208 237 1
209 180 1
209 191 1
209 194 1
209 195 1
209 198 1
209 204 1
209 206 1
209 207 1
209 208 1
209 210 1
209 211 1
209 212 1
209 214 1
209 220 1
209 223 1
209 224 1
209 227 1
209 238 1
210 181 1
210 193 1
210 195 1
210 200 1
210 205 1
210 207 1
210 209 1
210 212 1
210 215 1
210 222 1
210 224 1
210 229 1
210 239 1
211 194 1
211 196 1
211 197 1
211 198 1
211 201 1
211 208 1
211 209 1
211 213 1
211 214 1
211 223 1
211 225 1
211 226 1
211 227 1
211 230 1
212 195 1
212 198 1
212 199 1
212 200 1
212 202 1
212 209 1
212 210 1
212 214 1
212 215 1
212 224 1
212 227 1
212 228 1
212 229 1
212 231 1
213 184 1
213 196 1
213 201 1
213 208 1
213 211 1
213 214 1
213 225 1
213 230 1
213 242 1
214 185 1
214 198 1
214 201 1
214 202 1
214 209 1
214 211 1
214 212 1
214 213 1
214 215 1
214 227 1
214 230 1
214 231 1
214 243 1
215 186 1
215 200 1
215 202 1
215 210 1
215 212 1
215 214 1
215 229 1
215 231 1
215 244 1
216 203 1
216 204 1
216 206 1
216 218 1
216 219 1
216 220 1
216 232 1
216 233 1
216 235 1
217 204 1
217 205 1
217 207 1
217 220 1
217 221 1
217 222 1
217 233 1
217 234 1
217 236 1
218 203 1
218 206 1
218 208 1
218 216 1
218 219 1
218 223 1
218 232 1
218 235 1
218 237 1
219 206 1
219 216 1
219 218 1
219 220 1
219 223 1
219 235 1
220 204 1
220 206 1
220 207 1
220 209 1
220 216 1
220 217 1
220 219 1
220 221 1
220 223 1
220 224 1
220 233 1
220 235 1
220 236 1
220 238 1
221 207 1
221 217 1
221 220 1
221 222 1
221 224 1
221 236 1
222 205 1
222 207 1
222 210 1
222 217 1
222 221 1
222 224 1
222 234 1
222 236 1
222 239 1
223 206 1
223 208 1
223 209 1
223 211 1
223 218 1
223 219 1
223 220 1
223 225 1
223 226 1
223 227 1
223 235 1
223 237 1
223 238 1
223 240 1
224 207 1
224 209 1
224 210 1
224 212 1
224 220 1
224 221 1
224 222 1
224 227 1
224 228 1
224 229 1
224 236 1
224 238 1
224 239 1
224 241 1
225 208 1
225 211 1
225 213 1
225 223 1
225 226 1
225 230 1
225 237 1
225 240 1
225 242 1
226 211 1
226 223 1
226 225 1
226 227 1
226 230 1
226 240 1
227 209 1
227 211 1
227 212 1
227 214 1
227 223 1
227 224 1
227 226 1
227 228 1
227 230 1
227 231 1
227 238 1
227 240 1
227 241 1
227 243 1
228 212 1
228 224 1
228 227 1
228 229 1
228 231 1
228 241 1
229 210 1
229 212 1
229 215 1
229 224 1
229 228 1
229 231 1
229 239 1
229 241 1
229 244 1
230 211 1
230 213 1
230 214 1
230 225 1
230 226 1
230 227 1
230 240 1
230 242 1
230 243 1
231 212 1
231 214 1
231 215 1
231 227 1
231 228 1
231 229 1
231 241 1
231 243 1
231 244 1
232 203 1
232 216 1
232 218 1
232 233 1
232 235 1
232 237 1
233 204 1
233 216 1
233 217 1
233 220 1
233 232 1
233 234 1
233 235 1
233 236 1
233 238 1
234 205 1
234 217 1
234 222 1
234 233 1
234 236 1
234 239 1
235 216 1
235 218 1
235 219 1
235 220 1
235 223 1
235 232 1
235 233 1
235 237 1
235 238 1
236 217 1
236 220 1
236 221 1
236 222 1
236 224 1
236 233 1
236 234 1
236 238 1
236 239 1
237 208 1
237 218 1
237 223 1
237 225 1
237 232 1
237 235 1
237 238 1
237 240 1
237 242 1
238 209 1
238 220 1
238 223 1
238 224 1
238 227 1
238 233 1
238 235 1
238 236 1
238 237 1
238 239 1
238 240 1
238 241 1
238 243 1
239 210 1
239 222 1
239 224 1
239 229 1
239 234 1
239 236 1
239 238 1
239 241 1
239 244 1
240 223 1
240 225 1
240 226 1
240 227 1
240 230 1
240 237 1
240 238 1
240 242 1
240 243 1
241 224 1
241 227 1
241 228 1
241 229 1
241 231 1
241 238 1
241 239 1
241 243 1
241 244 1
242 213 1
242 225 1
242 230 1
242 237 1
242 240 1
242 243 1
243 214 1
243 227 1
243 230 1
243 231 1
243 238 1
243 240 1
243 241 1
243 242 1
243 244 1
244 215 1
244 229 1
244 231 1
244 239 1
244 241 1
244 243 1
