0 2 1
0 6 1
1 2 1
1 15 1
2 0 1
2 1 1
2 3 1
2 17 1
3 2 1
3 65 1
4 8 1
4 12 1
5 6 1
5 7 1
5 16 1
6 0 1
6 5 1
6 9 1
6 18 1
7 5 1
7 8 1
7 22 1
8 4 1
8 7 1
8 10 1
8 24 1
9 6 1
9 10 1
9 67 1
10 8 1
10 9 1
10 70 1
11 12 1
11 23 1
12 4 1
12 11 1
12 13 1
12 25 1
13 12 1
13 72 1
14 15 1
14 16 1
14 28 1
15 1 1
15 14 1
15 19 1
15 31 1
16 5 1
16 14 1
16 20 1
16 38 1
17 2 1
17 18 1
17 19 1
17 64 1
18 6 1
18 17 1
18 20 1
18 66 1
19 15 1
19 17 1
19 20 1
19 74 1
20 16 1
20 18 1
20 19 1
20 77 1
21 22 1
21 23 1
21 33 1
22 7 1
22 21 1
22 26 1
22 39 1
23 11 1
23 21 1
23 27 1
23 44 1
24 8 1
24 25 1
24 26 1
24 69 1
25 12 1
25 24 1
25 27 1
25 71 1
26 22 1
26 24 1
26 27 1
26 78 1
27 23 1
27 25 1
27 26 1
27 83 1
28 14 1
28 30 1
28 35 1
29 30 1
29 47 1
30 28 1
30 29 1
30 32 1
30 49 1
31 15 1
31 32 1
31 75 1
32 30 1
32 31 1
32 87 1
33 21 1
33 37 1
33 43 1
34 35 1
34 36 1
34 48 1
35 28 1
35 34 1
35 40 1
35 50 1
36 34 1
36 37 1
36 54 1
37 33 1
37 36 1
37 41 1
37 56 1
38 16 1
38 39 1
38 40 1
38 79 1
39 22 1
39 38 1
39 41 1
39 80 1
40 35 1
40 38 1
40 41 1
40 89 1
41 37 1
41 39 1
41 40 1
41 93 1
42 43 1
42 55 1
43 33 1
43 42 1
43 45 1
43 57 1
44 23 1
44 45 1
44 84 1
45 43 1
45 44 1
45 95 1
46 47 1
46 48 1
47 29 1
47 46 1
47 51 1
47 60 1
48 34 1
48 46 1
48 52 1
48 61 1
49 30 1
49 50 1
49 51 1
49 86 1
50 35 1
50 49 1
50 52 1
50 88 1
51 47 1
51 49 1
51 52 1
51 98 1
52 48 1
52 50 1
52 51 1
52 101 1
53 54 1
53 55 1
54 36 1
54 53 1
54 58 1
54 62 1
55 42 1
55 53 1
55 59 1
55 63 1
56 37 1
56 57 1
56 58 1
56 92 1
57 43 1
57 56 1
57 59 1
57 94 1
58 54 1
58 56 1
58 59 1
58 102 1
59 55 1
59 57 1
59 58 1
59 107 1
60 47 1
60 99 1
61 48 1
61 62 1
61 103 1
62 54 1
62 61 1
62 104 1
63 55 1
63 108 1
64 17 1
64 65 1
64 66 1
64 74 1
65 3 1
65 64 1
65 68 1
65 76 1
66 18 1
66 64 1
66 67 1
66 77 1
67 9 1
67 66 1
67 68 1
67 81 1
68 65 1
68 67 1
68 112 1
69 24 1
69 70 1
69 71 1
69 78 1
70 10 1
70 69 1
70 73 1
70 82 1
71 25 1
71 69 1
71 72 1
71 83 1
72 13 1
72 71 1
72 73 1
72 85 1
73 70 1
73 72 1
73 116 1
74 19 1
74 64 1
74 75 1
74 77 1
75 31 1
75 74 1
75 76 1
75 90 1
76 65 1
76 75 1
76 113 1
77 20 1
77 66 1
77 74 1
77 79 1
78 26 1
78 69 1
78 80 1
78 83 1
79 38 1
79 77 1
79 81 1
79 90 1
80 39 1
80 78 1
80 82 1
80 96 1
81 67 1
81 79 1
81 82 1
81 117 1
82 70 1
82 80 1
82 81 1
82 119 1
83 27 1
83 71 1
83 78 1
83 84 1
84 44 1
84 83 1
84 85 1
84 96 1
85 72 1
85 84 1
85 123 1
86 49 1
86 87 1
86 88 1
86 98 1
87 32 1
87 86 1
87 91 1
87 100 1
88 50 1
88 86 1
88 89 1
88 101 1
89 40 1
89 88 1
89 91 1
89 105 1
90 75 1
90 79 1
90 91 1
90 126 1
91 87 1
91 89 1
91 90 1
91 140 1
92 56 1
92 93 1
92 94 1
92 102 1
93 41 1
93 92 1
93 97 1
93 106 1
94 57 1
94 92 1
94 95 1
94 107 1
95 45 1
95 94 1
95 97 1
95 109 1
96 80 1
96 84 1
96 97 1
96 133 1
97 93 1
97 95 1
97 96 1
97 145 1
98 51 1
98 86 1
98 99 1
98 101 1
99 60 1
99 98 1
99 100 1
99 110 1
100 87 1
100 99 1
100 141 1
101 52 1
101 88 1
101 98 1
101 103 1
102 58 1
102 92 1
102 104 1
102 107 1
103 61 1
103 101 1
103 105 1
103 110 1
104 62 1
104 102 1
104 106 1
104 111 1
105 89 1
105 103 1
105 106 1
105 146 1
106 93 1
106 104 1
106 105 1
106 148 1
107 59 1
107 94 1
107 102 1
107 108 1
108 63 1
108 107 1
108 109 1
108 111 1
109 95 1
109 108 1
109 154 1
110 99 1
110 103 1
110 158 1
111 104 1
111 108 1
111 165 1
112 68 1
112 114 1
112 118 1
113 76 1
113 114 1
113 127 1
114 112 1
114 113 1
114 115 1
114 129 1
115 114 1
115 177 1
116 73 1
116 120 1
116 124 1
117 81 1
117 118 1
117 119 1
117 128 1
118 112 1
118 117 1
118 121 1
118 130 1
119 82 1
119 117 1
119 120 1
119 134 1
120 116 1
120 119 1
120 122 1
120 136 1
121 118 1
121 122 1
121 179 1
122 120 1
122 121 1
122 182 1
123 85 1
123 124 1
123 135 1
124 116 1
124 123 1
124 125 1
124 137 1
125 124 1
125 184 1
126 90 1
126 127 1
126 128 1
126 140 1
127 113 1
127 126 1
127 131 1
127 143 1
128 117 1
128 126 1
128 132 1
128 150 1
129 114 1
129 130 1
129 131 1
129 176 1
130 118 1
130 129 1
130 132 1
130 178 1
131 127 1
131 129 1
131 132 1
131 186 1
132 128 1
132 130 1
132 131 1
132 189 1
133 96 1
133 134 1
133 135 1
133 145 1
134 119 1
134 133 1
134 138 1
134 151 1
135 123 1
135 133 1
135 139 1
135 156 1
136 120 1
136 137 1
136 138 1
136 181 1
137 124 1
137 136 1
137 139 1
137 183 1
138 134 1
138 136 1
138 139 1
138 190 1
139 135 1
139 137 1
139 138 1
139 195 1
140 91 1
140 126 1
140 142 1
140 147 1
141 100 1
141 142 1
141 159 1
142 140 1
142 141 1
142 144 1
142 161 1
143 127 1
143 144 1
143 187 1
144 142 1
144 143 1
144 199 1
145 97 1
145 133 1
145 149 1
145 155 1
146 105 1
146 147 1
146 148 1
146 160 1
147 140 1
147 146 1
147 152 1
147 162 1
148 106 1
148 146 1
148 149 1
148 166 1
149 145 1
149 148 1
149 153 1
149 168 1
150 128 1
150 151 1
150 152 1
150 191 1
151 134 1
151 150 1
151 153 1
151 192 1
152 147 1
152 150 1
152 153 1
152 201 1
153 149 1
153 151 1
153 152 1
153 205 1
154 109 1
154 155 1
154 167 1
155 145 1
155 154 1
155 157 1
155 169 1
156 135 1
156 157 1
156 196 1
157 155 1
157 156 1
157 207 1
158 110 1
158 159 1
158 160 1
159 141 1
159 158 1
159 163 1
159 172 1
160 146 1
160 158 1
160 164 1
160 173 1
161 142 1
161 162 1
161 163 1
161 198 1
162 147 1
162 161 1
162 164 1
162 200 1
163 159 1
163 161 1
163 164 1
163 210 1
164 160 1
164 162 1
164 163 1
164 213 1
165 111 1
165 166 1
165 167 1
166 148 1
166 165 1
166 170 1
166 174 1
167 154 1
167 165 1
167 171 1
167 175 1
168 149 1
168 169 1
168 170 1
168 204 1
169 155 1
169 168 1
169 171 1
169 206 1
170 166 1
170 168 1
170 171 1
170 214 1
171 167 1
171 169 1
171 170 1
171 219 1
172 159 1
172 211 1
173 160 1
173 174 1
173 215 1
174 166 1
174 173 1
174 216 1
175 167 1
175 220 1
176 129 1
176 177 1
176 178 1
176 186 1
177 115 1
177 176 1
177 180 1
177 188 1
178 130 1
178 176 1
178 179 1
178 189 1
179 121 1
179 178 1
179 180 1
179 193 1
180 177 1
180 179 1
180 224 1
181 136 1
181 182 1
181 183 1
181 190 1
182 122 1
182 181 1
182 185 1
182 194 1
183 137 1
183 181 1
183 184 1
183 195 1
184 125 1
184 183 1
184 185 1
184 197 1
185 182 1
185 184 1
185 228 1
186 131 1
186 176 1
186 187 1
186 189 1
187 143 1
187 186 1
187 188 1
187 202 1
188 177 1
188 187 1
188 225 1
189 132 1
189 178 1
189 186 1
189 191 1
190 138 1
190 181 1
190 192 1
190 195 1
191 150 1
191 189 1
191 193 1
191 202 1
192 151 1
192 190 1
192 194 1
192 208 1
193 179 1
193 191 1
193 194 1
193 229 1
194 182 1
194 192 1
194 193 1
194 231 1
195 139 1
195 183 1
195 190 1
195 196 1
196 156 1
196 195 1
196 197 1
196 208 1
197 184 1
197 196 1
197 235 1
198 161 1
198 199 1
198 200 1
198 210 1
199 144 1
199 198 1
199 203 1
199 212 1
200 162 1
200 198 1
200 201 1
200 213 1
201 152 1
201 200 1
201 203 1
201 217 1
202 187 1
202 191 1
202 203 1
202 238 1
203 199 1
203 201 1
203 202 1
203 252 1
204 168 1
204 205 1
204 206 1
204 214 1
205 153 1
205 204 1
205 209 1
205 218 1
206 169 1
206 204 1
206 207 1
206 219 1
207 157 1
207 206 1
207 209 1
207 221 1
208 192 1
208 196 1
208 209 1
208 245 1
209 205 1
209 207 1
209 208 1
209 257 1
210 163 1
210 198 1
210 211 1
210 213 1
211 172 1
211 210 1
211 212 1
211 222 1
212 199 1
212 211 1
212 253 1
213 164 1
213 200 1
213 210 1
213 215 1
214 170 1
214 204 1
214 216 1
214 219 1
215 173 1
215 213 1
215 217 1
215 222 1
216 174 1
216 214 1
216 218 1
216 223 1
217 201 1
217 215 1
217 218 1
217 258 1
218 205 1
218 216 1
218 217 1
218 260 1
219 171 1
219 206 1
219 214 1
219 220 1
220 175 1
220 219 1
220 221 1
220 223 1
221 207 1
221 220 1
221 266 1
222 211 1
222 215 1
222 270 1
223 216 1
223 220 1
223 277 1
224 180 1
224 226 1
224 230 1
225 188 1
225 226 1
225 239 1
226 224 1
226 225 1
226 227 1
226 241 1
227 226 1
227 289 1
228 185 1
228 232 1
228 236 1
229 193 1
229 230 1
229 231 1
229 240 1
230 224 1
230 229 1
230 233 1
230 242 1
231 194 1
231 229 1
231 232 1
231 246 1
232 228 1
232 231 1
232 234 1
232 248 1
233 230 1
233 234 1
233 291 1
234 232 1
234 233 1
234 294 1
235 197 1
235 236 1
235 247 1
236 228 1
236 235 1
236 237 1
236 249 1
237 236 1
237 296 1
238 202 1
238 239 1
238 240 1
238 252 1
239 225 1
239 238 1
239 243 1
239 255 1
240 229 1
240 238 1
240 244 1
240 262 1
241 226 1
241 242 1
241 243 1
241 288 1
242 230 1
242 241 1
242 244 1
242 290 1
243 239 1
243 241 1
243 244 1
243 298 1
244 240 1
244 242 1
244 243 1
244 301 1
245 208 1
245 246 1
245 247 1
245 257 1
246 231 1
246 245 1
246 250 1
246 263 1
247 235 1
247 245 1
247 251 1
247 268 1
248 232 1
248 249 1
248 250 1
248 293 1
249 236 1
249 248 1
249 251 1
249 295 1
250 246 1
250 248 1
250 251 1
250 302 1
251 247 1
251 249 1
251 250 1
251 307 1
252 203 1
252 238 1
252 254 1
252 259 1
253 212 1
253 254 1
253 271 1
254 252 1
254 253 1
254 256 1
254 273 1
255 239 1
255 256 1
255 299 1
256 254 1
256 255 1
256 311 1
257 209 1
257 245 1
257 261 1
257 267 1
258 217 1
258 259 1
258 260 1
258 272 1
259 252 1
259 258 1
259 264 1
259 274 1
260 218 1
260 258 1
260 261 1
260 278 1
261 257 1
261 260 1
261 265 1
261 280 1
262 240 1
262 263 1
262 264 1
262 303 1
263 246 1
263 262 1
263 265 1
263 304 1
264 259 1
264 262 1
264 265 1
264 313 1
265 261 1
265 263 1
265 264 1
265 317 1
266 221 1
266 267 1
266 279 1
267 257 1
267 266 1
267 269 1
267 281 1
268 247 1
268 269 1
268 308 1
269 267 1
269 268 1
269 319 1
270 222 1
270 271 1
270 272 1
271 253 1
271 270 1
271 275 1
271 284 1
272 258 1
272 270 1
272 276 1
272 285 1
273 254 1
273 274 1
273 275 1
273 310 1
274 259 1
274 273 1
274 276 1
274 312 1
275 271 1
275 273 1
275 276 1
275 322 1
276 272 1
276 274 1
276 275 1
276 325 1
277 223 1
277 278 1
277 279 1
278 260 1
278 277 1
278 282 1
278 286 1
279 266 1
279 277 1
279 283 1
279 287 1
280 261 1
280 281 1
280 282 1
280 316 1
281 267 1
281 280 1
281 283 1
281 318 1
282 278 1
282 280 1
282 283 1
282 326 1
283 279 1
283 281 1
283 282 1
283 331 1
284 271 1
284 323 1
285 272 1
285 286 1
285 327 1
286 278 1
286 285 1
286 328 1
287 279 1
287 332 1
288 241 1
288 289 1
288 290 1
288 298 1
289 227 1
289 288 1
289 292 1
289 300 1
290 242 1
290 288 1
290 291 1
290 301 1
291 233 1
291 290 1
291 292 1
291 305 1
292 289 1
292 291 1
292 336 1
293 248 1
293 294 1
293 295 1
293 302 1
294 234 1
294 293 1
294 297 1
294 306 1
295 249 1
295 293 1
295 296 1
295 307 1
296 237 1
296 295 1
296 297 1
296 309 1
297 294 1
297 296 1
297 340 1
298 243 1
298 288 1
298 299 1
298 301 1
299 255 1
299 298 1
299 300 1
299 314 1
300 289 1
300 299 1
300 337 1
301 244 1
301 290 1
301 298 1
301 303 1
302 250 1
302 293 1
302 304 1
302 307 1
303 262 1
303 301 1
303 305 1
303 314 1
304 263 1
304 302 1
304 306 1
304 320 1
305 291 1
305 303 1
305 306 1
305 341 1
306 294 1
306 304 1
306 305 1
306 343 1
307 251 1
307 295 1
307 302 1
307 308 1
308 268 1
308 307 1
308 309 1
308 320 1
309 296 1
309 308 1
309 347 1
310 273 1
310 311 1
310 312 1
310 322 1
311 256 1
311 310 1
311 315 1
311 324 1
312 274 1
312 310 1
312 313 1
312 325 1
313 264 1
313 312 1
313 315 1
313 329 1
314 299 1
314 303 1
314 315 1
314 350 1
315 311 1
315 313 1
315 314 1
315 364 1
316 280 1
316 317 1
316 318 1
316 326 1
317 265 1
317 316 1
317 321 1
317 330 1
318 281 1
318 316 1
318 319 1
318 331 1
319 269 1
319 318 1
319 321 1
319 333 1
320 304 1
320 308 1
320 321 1
320 357 1
321 317 1
321 319 1
321 320 1
321 369 1
322 275 1
322 310 1
322 323 1
322 325 1
323 284 1
323 322 1
323 324 1
323 334 1
324 311 1
324 323 1
324 365 1
325 276 1
325 312 1
325 322 1
325 327 1
326 282 1
326 316 1
326 328 1
326 331 1
327 285 1
327 325 1
327 329 1
327 334 1
328 286 1
328 326 1
328 330 1
328 335 1
329 313 1
329 327 1
329 330 1
329 370 1
330 317 1
330 328 1
330 329 1
330 372 1
331 283 1
331 318 1
331 326 1
331 332 1
332 287 1
332 331 1
332 333 1
332 335 1
333 319 1
333 332 1
333 378 1
334 323 1
334 327 1
334 382 1
335 328 1
335 332 1
335 389 1
336 292 1
336 338 1
336 342 1
337 300 1
337 338 1
337 351 1
338 336 1
338 337 1
338 339 1
338 353 1
339 338 1
339 401 1
340 297 1
340 344 1
340 348 1
341 305 1
341 342 1
341 343 1
341 352 1
342 336 1
342 341 1
342 345 1
342 354 1
343 306 1
343 341 1
343 344 1
343 358 1
344 340 1
344 343 1
344 346 1
344 360 1
345 342 1
345 346 1
345 403 1
346 344 1
346 345 1
346 406 1
347 309 1
347 348 1
347 359 1
348 340 1
348 347 1
348 349 1
348 361 1
349 348 1
349 408 1
350 314 1
350 351 1
350 352 1
350 364 1
351 337 1
351 350 1
351 355 1
351 367 1
352 341 1
352 350 1
352 356 1
352 374 1
353 338 1
353 354 1
353 355 1
353 400 1
354 342 1
354 353 1
354 356 1
354 402 1
355 351 1
355 353 1
355 356 1
355 410 1
356 352 1
356 354 1
356 355 1
356 413 1
357 320 1
357 358 1
357 359 1
357 369 1
358 343 1
358 357 1
358 362 1
358 375 1
359 347 1
359 357 1
359 363 1
359 380 1
360 344 1
360 361 1
360 362 1
360 405 1
361 348 1
361 360 1
361 363 1
361 407 1
362 358 1
362 360 1
362 363 1
362 414 1
363 359 1
363 361 1
363 362 1
363 419 1
364 315 1
364 350 1
364 366 1
364 371 1
365 324 1
365 366 1
365 383 1
366 364 1
366 365 1
366 368 1
366 385 1
367 351 1
367 368 1
367 411 1
368 366 1
368 367 1
368 423 1
369 321 1
369 357 1
369 373 1
369 379 1
370 329 1
370 371 1
370 372 1
370 384 1
371 364 1
371 370 1
371 376 1
371 386 1
372 330 1
372 370 1
372 373 1
372 390 1
373 369 1
373 372 1
373 377 1
373 392 1
374 352 1
374 375 1
374 376 1
374 415 1
375 358 1
375 374 1
375 377 1
375 416 1
376 371 1
376 374 1
376 377 1
376 425 1
377 373 1
377 375 1
377 376 1
377 429 1
378 333 1
378 379 1
378 391 1
379 369 1
379 378 1
379 381 1
379 393 1
380 359 1
380 381 1
380 420 1
381 379 1
381 380 1
381 431 1
382 334 1
382 383 1
382 384 1
383 365 1
383 382 1
383 387 1
383 396 1
384 370 1
384 382 1
384 388 1
384 397 1
385 366 1
385 386 1
385 387 1
385 422 1
386 371 1
386 385 1
386 388 1
386 424 1
387 383 1
387 385 1
387 388 1
387 434 1
388 384 1
388 386 1
388 387 1
388 437 1
389 335 1
389 390 1
389 391 1
390 372 1
390 389 1
390 394 1
390 398 1
391 378 1
391 389 1
391 395 1
391 399 1
392 373 1
392 393 1
392 394 1
392 428 1
393 379 1
393 392 1
393 395 1
393 430 1
394 390 1
394 392 1
394 395 1
394 438 1
395 391 1
395 393 1
395 394 1
395 443 1
396 383 1
396 435 1
397 384 1
397 398 1
397 439 1
398 390 1
398 397 1
398 440 1
399 391 1
399 444 1
400 353 1
400 401 1
400 402 1
400 410 1
401 339 1
401 400 1
401 404 1
401 412 1
402 354 1
402 400 1
402 403 1
402 413 1
403 345 1
403 402 1
403 404 1
403 417 1
404 401 1
404 403 1
404 448 1
405 360 1
405 406 1
405 407 1
405 414 1
406 346 1
406 405 1
406 409 1
406 418 1
407 361 1
407 405 1
407 408 1
407 419 1
408 349 1
408 407 1
408 409 1
408 421 1
409 406 1
409 408 1
409 452 1
410 355 1
410 400 1
410 411 1
410 413 1
411 367 1
411 410 1
411 412 1
411 426 1
412 401 1
412 411 1
412 449 1
413 356 1
413 402 1
413 410 1
413 415 1
414 362 1
414 405 1
414 416 1
414 419 1
415 374 1
415 413 1
415 417 1
415 426 1
416 375 1
416 414 1
416 418 1
416 432 1
417 403 1
417 415 1
417 418 1
417 453 1
418 406 1
418 416 1
418 417 1
418 455 1
419 363 1
419 407 1
419 414 1
419 420 1
420 380 1
420 419 1
420 421 1
420 432 1
421 408 1
421 420 1
421 459 1
422 385 1
422 423 1
422 424 1
422 434 1
423 368 1
423 422 1
423 427 1
423 436 1
424 386 1
424 422 1
424 425 1
424 437 1
425 376 1
425 424 1
425 427 1
425 441 1
426 411 1
426 415 1
426 427 1
426 462 1
427 423 1
427 425 1
427 426 1
427 476 1
428 392 1
428 429 1
428 430 1
428 438 1
429 377 1
429 428 1
429 433 1
429 442 1
430 393 1
430 428 1
430 431 1
430 443 1
431 381 1
431 430 1
431 433 1
431 445 1
432 416 1
432 420 1
432 433 1
432 469 1
433 429 1
433 431 1
433 432 1
433 481 1
434 387 1
434 422 1
434 435 1
434 437 1
435 396 1
435 434 1
435 436 1
435 446 1
436 423 1
436 435 1
436 477 1
437 388 1
437 424 1
437 434 1
437 439 1
438 394 1
438 428 1
438 440 1
438 443 1
439 397 1
439 437 1
439 441 1
439 446 1
440 398 1
440 438 1
440 442 1
440 447 1
441 425 1
441 439 1
441 442 1
441 482 1
442 429 1
442 440 1
442 441 1
442 484 1
443 395 1
443 430 1
443 438 1
443 444 1
444 399 1
444 443 1
444 445 1
444 447 1
445 431 1
445 444 1
445 490 1
446 435 1
446 439 1
446 494 1
447 440 1
447 444 1
447 501 1
448 404 1
448 450 1
448 454 1
449 412 1
449 450 1
449 463 1
450 448 1
450 449 1
450 451 1
450 465 1
451 450 1
451 513 1
452 409 1
452 456 1
452 460 1
453 417 1
453 454 1
453 455 1
453 464 1
454 448 1
454 453 1
454 457 1
454 466 1
455 418 1
455 453 1
455 456 1
455 470 1
456 452 1
456 455 1
456 458 1
456 472 1
457 454 1
457 458 1
457 515 1
458 456 1
458 457 1
458 518 1
459 421 1
459 460 1
459 471 1
460 452 1
460 459 1
460 461 1
460 473 1
461 460 1
461 520 1
462 426 1
462 463 1
462 464 1
462 476 1
463 449 1
463 462 1
463 467 1
463 479 1
464 453 1
464 462 1
464 468 1
464 486 1
465 450 1
465 466 1
465 467 1
465 512 1
466 454 1
466 465 1
466 468 1
466 514 1
467 463 1
467 465 1
467 468 1
467 522 1
468 464 1
468 466 1
468 467 1
468 525 1
469 432 1
469 470 1
469 471 1
469 481 1
470 455 1
470 469 1
470 474 1
470 487 1
471 459 1
471 469 1
471 475 1
471 492 1
472 456 1
472 473 1
472 474 1
472 517 1
473 460 1
473 472 1
473 475 1
473 519 1
474 470 1
474 472 1
474 475 1
474 526 1
475 471 1
475 473 1
475 474 1
475 531 1
476 427 1
476 462 1
476 478 1
476 483 1
477 436 1
477 478 1
477 495 1
478 476 1
478 477 1
478 480 1
478 497 1
479 463 1
479 480 1
479 523 1
480 478 1
480 479 1
480 535 1
481 433 1
481 469 1
481 485 1
481 491 1
482 441 1
482 483 1
482 484 1
482 496 1
483 476 1
483 482 1
483 488 1
483 498 1
484 442 1
484 482 1
484 485 1
484 502 1
485 481 1
485 484 1
485 489 1
485 504 1
486 464 1
486 487 1
486 488 1
486 527 1
487 470 1
487 486 1
487 489 1
487 528 1
488 483 1
488 486 1
488 489 1
488 537 1
489 485 1
489 487 1
489 488 1
489 541 1
490 445 1
490 491 1
490 503 1
491 481 1
491 490 1
491 493 1
491 505 1
492 471 1
492 493 1
492 532 1
493 491 1
493 492 1
493 543 1
494 446 1
494 495 1
494 496 1
495 477 1
495 494 1
495 499 1
495 508 1
496 482 1
496 494 1
496 500 1
496 509 1
497 478 1
497 498 1
497 499 1
497 534 1
498 483 1
498 497 1
498 500 1
498 536 1
499 495 1
499 497 1
499 500 1
499 546 1
500 496 1
500 498 1
500 499 1
500 549 1
501 447 1
501 502 1
501 503 1
502 484 1
502 501 1
502 506 1
502 510 1
503 490 1
503 501 1
503 507 1
503 511 1
504 485 1
504 505 1
504 506 1
504 540 1
505 491 1
505 504 1
505 507 1
505 542 1
506 502 1
506 504 1
506 507 1
506 550 1
507 503 1
507 505 1
507 506 1
507 555 1
508 495 1
508 547 1
509 496 1
509 510 1
509 551 1
510 502 1
510 509 1
510 552 1
511 503 1
511 556 1
512 465 1
512 513 1
512 514 1
512 522 1
513 451 1
513 512 1
513 516 1
513 524 1
514 466 1
514 512 1
514 515 1
514 525 1
515 457 1
515 514 1
515 516 1
515 529 1
516 513 1
516 515 1
516 560 1
517 472 1
517 518 1
517 519 1
517 526 1
518 458 1
518 517 1
518 521 1
518 530 1
519 473 1
519 517 1
519 520 1
519 531 1
520 461 1
520 519 1
520 521 1
520 533 1
521 518 1
521 520 1
521 564 1
522 467 1
522 512 1
522 523 1
522 525 1
523 479 1
523 522 1
523 524 1
523 538 1
524 513 1
524 523 1
524 561 1
525 468 1
525 514 1
525 522 1
525 527 1
526 474 1
526 517 1
526 528 1
526 531 1
527 486 1
527 525 1
527 529 1
527 538 1
528 487 1
528 526 1
528 530 1
528 544 1
529 515 1
529 527 1
529 530 1
529 565 1
530 518 1
530 528 1
530 529 1
530 567 1
531 475 1
531 519 1
531 526 1
531 532 1
532 492 1
532 531 1
532 533 1
532 544 1
533 520 1
533 532 1
533 571 1
534 497 1
534 535 1
534 536 1
534 546 1
535 480 1
535 534 1
535 539 1
535 548 1
536 498 1
536 534 1
536 537 1
536 549 1
537 488 1
537 536 1
537 539 1
537 553 1
538 523 1
538 527 1
538 539 1
538 574 1
539 535 1
539 537 1
539 538 1
539 588 1
540 504 1
540 541 1
540 542 1
540 550 1
541 489 1
541 540 1
541 545 1
541 554 1
542 505 1
542 540 1
542 543 1
542 555 1
543 493 1
543 542 1
543 545 1
543 557 1
544 528 1
544 532 1
544 545 1
544 581 1
545 541 1
545 543 1
545 544 1
545 593 1
546 499 1
546 534 1
546 547 1
546 549 1
547 508 1
547 546 1
547 548 1
547 558 1
548 535 1
548 547 1
548 589 1
549 500 1
549 536 1
549 546 1
549 551 1
550 506 1
550 540 1
550 552 1
550 555 1
551 509 1
551 549 1
551 553 1
551 558 1
552 510 1
552 550 1
552 554 1
552 559 1
553 537 1
553 551 1
553 554 1
553 594 1
554 541 1
554 552 1
554 553 1
554 596 1
555 507 1
555 542 1
555 550 1
555 556 1
556 511 1
556 555 1
556 557 1
556 559 1
557 543 1
557 556 1
557 602 1
558 547 1
558 551 1
558 606 1
559 552 1
559 556 1
559 613 1
560 516 1
560 562 1
560 566 1
561 524 1
561 562 1
561 575 1
562 560 1
562 561 1
562 563 1
562 577 1
563 562 1
563 625 1
564 521 1
564 568 1
564 572 1
565 529 1
565 566 1
565 567 1
565 576 1
566 560 1
566 565 1
566 569 1
566 578 1
567 530 1
567 565 1
567 568 1
567 582 1
568 564 1
568 567 1
568 570 1
568 584 1
569 566 1
569 570 1
569 627 1
570 568 1
570 569 1
570 630 1
571 533 1
571 572 1
571 583 1
572 564 1
572 571 1
572 573 1
572 585 1
573 572 1
573 632 1
574 538 1
574 575 1
574 576 1
574 588 1
575 561 1
575 574 1
575 579 1
575 591 1
576 565 1
576 574 1
576 580 1
576 598 1
577 562 1
577 578 1
577 579 1
577 624 1
578 566 1
578 577 1
578 580 1
578 626 1
579 575 1
579 577 1
579 580 1
579 634 1
580 576 1
580 578 1
580 579 1
580 637 1
581 544 1
581 582 1
581 583 1
581 593 1
582 567 1
582 581 1
582 586 1
582 599 1
583 571 1
583 581 1
583 587 1
583 604 1
584 568 1
584 585 1
584 586 1
584 629 1
585 572 1
585 584 1
585 587 1
585 631 1
586 582 1
586 584 1
586 587 1
586 638 1
587 583 1
587 585 1
587 586 1
587 643 1
588 539 1
588 574 1
588 590 1
588 595 1
589 548 1
589 590 1
589 607 1
590 588 1
590 589 1
590 592 1
590 609 1
591 575 1
591 592 1
591 635 1
592 590 1
592 591 1
592 647 1
593 545 1
593 581 1
593 597 1
593 603 1
594 553 1
594 595 1
594 596 1
594 608 1
595 588 1
595 594 1
595 600 1
595 610 1
596 554 1
596 594 1
596 597 1
596 614 1
597 593 1
597 596 1
597 601 1
597 616 1
598 576 1
598 599 1
598 600 1
598 639 1
599 582 1
599 598 1
599 601 1
599 640 1
600 595 1
600 598 1
600 601 1
600 649 1
601 597 1
601 599 1
601 600 1
601 653 1
602 557 1
602 603 1
602 615 1
603 593 1
603 602 1
603 605 1
603 617 1
604 583 1
604 605 1
604 644 1
605 603 1
605 604 1
605 655 1
606 558 1
606 607 1
606 608 1
607 589 1
607 606 1
607 611 1
607 620 1
608 594 1
608 606 1
608 612 1
608 621 1
609 590 1
609 610 1
609 611 1
609 646 1
610 595 1
610 609 1
610 612 1
610 648 1
611 607 1
611 609 1
611 612 1
611 658 1
612 608 1
612 610 1
612 611 1
612 661 1
613 559 1
613 614 1
613 615 1
614 596 1
614 613 1
614 618 1
614 622 1
615 602 1
615 613 1
615 619 1
615 623 1
616 597 1
616 617 1
616 618 1
616 652 1
617 603 1
617 616 1
617 619 1
617 654 1
618 614 1
618 616 1
618 619 1
618 662 1
619 615 1
619 617 1
619 618 1
619 667 1
620 607 1
620 659 1
621 608 1
621 622 1
621 663 1
622 614 1
622 621 1
622 664 1
623 615 1
623 668 1
624 577 1
624 625 1
624 626 1
624 634 1
625 563 1
625 624 1
625 628 1
625 636 1
626 578 1
626 624 1
626 627 1
626 637 1
627 569 1
627 626 1
627 628 1
627 641 1
628 625 1
628 627 1
628 672 1
629 584 1
629 630 1
629 631 1
629 638 1
630 570 1
630 629 1
630 633 1
630 642 1
631 585 1
631 629 1
631 632 1
631 643 1
632 573 1
632 631 1
632 633 1
632 645 1
633 630 1
633 632 1
633 676 1
634 579 1
634 624 1
634 635 1
634 637 1
635 591 1
635 634 1
635 636 1
635 650 1
636 625 1
636 635 1
636 673 1
637 580 1
637 626 1
637 634 1
637 639 1
638 586 1
638 629 1
638 640 1
638 643 1
639 598 1
639 637 1
639 641 1
639 650 1
640 599 1
640 638 1
640 642 1
640 656 1
641 627 1
641 639 1
641 642 1
641 677 1
642 630 1
642 640 1
642 641 1
642 679 1
643 587 1
643 631 1
643 638 1
643 644 1
644 604 1
644 643 1
644 645 1
644 656 1
645 632 1
645 644 1
645 683 1
646 609 1
646 647 1
646 648 1
646 658 1
647 592 1
647 646 1
647 651 1
647 660 1
648 610 1
648 646 1
648 649 1
648 661 1
649 600 1
649 648 1
649 651 1
649 665 1
650 635 1
650 639 1
650 651 1
650 686 1
651 647 1
651 649 1
651 650 1
651 700 1
652 616 1
652 653 1
652 654 1
652 662 1
653 601 1
653 652 1
653 657 1
653 666 1
654 617 1
654 652 1
654 655 1
654 667 1
655 605 1
655 654 1
655 657 1
655 669 1
656 640 1
656 644 1
656 657 1
656 693 1
657 653 1
657 655 1
657 656 1
657 705 1
658 611 1
658 646 1
658 659 1
658 661 1
659 620 1
659 658 1
659 660 1
659 670 1
660 647 1
660 659 1
660 701 1
661 612 1
661 648 1
661 658 1
661 663 1
662 618 1
662 652 1
662 664 1
662 667 1
663 621 1
663 661 1
663 665 1
663 670 1
664 622 1
664 662 1
664 666 1
664 671 1
665 649 1
665 663 1
665 666 1
665 706 1
666 653 1
666 664 1
666 665 1
666 708 1
667 619 1
667 654 1
667 662 1
667 668 1
668 623 1
668 667 1
668 669 1
668 671 1
669 655 1
669 668 1
669 714 1
670 659 1
670 663 1
670 718 1
671 664 1
671 668 1
671 725 1
672 628 1
672 674 1
672 678 1
673 636 1
673 674 1
673 687 1
674 672 1
674 673 1
674 675 1
674 689 1
675 674 1
675 737 1
676 633 1
676 680 1
676 684 1
677 641 1
677 678 1
677 679 1
677 688 1
678 672 1
678 677 1
678 681 1
678 690 1
679 642 1
679 677 1
679 680 1
679 694 1
680 676 1
680 679 1
680 682 1
680 696 1
681 678 1
681 682 1
681 739 1
682 680 1
682 681 1
682 742 1
683 645 1
683 684 1
683 695 1
684 676 1
684 683 1
684 685 1
684 697 1
685 684 1
685 744 1
686 650 1
686 687 1
686 688 1
686 700 1
687 673 1
687 686 1
687 691 1
687 703 1
688 677 1
688 686 1
688 692 1
688 710 1
689 674 1
689 690 1
689 691 1
689 736 1
690 678 1
690 689 1
690 692 1
690 738 1
691 687 1
691 689 1
691 692 1
691 746 1
692 688 1
692 690 1
692 691 1
692 749 1
693 656 1
693 694 1
693 695 1
693 705 1
694 679 1
694 693 1
694 698 1
694 711 1
695 683 1
695 693 1
695 699 1
695 716 1
696 680 1
696 697 1
696 698 1
696 741 1
697 684 1
697 696 1
697 699 1
697 743 1
698 694 1
698 696 1
698 699 1
698 750 1
699 695 1
699 697 1
699 698 1
699 755 1
700 651 1
700 686 1
700 702 1
700 707 1
701 660 1
701 702 1
701 719 1
702 700 1
702 701 1
702 704 1
702 721 1
703 687 1
703 704 1
703 747 1
704 702 1
704 703 1
704 759 1
705 657 1
705 693 1
705 709 1
705 715 1
706 665 1
706 707 1
706 708 1
706 720 1
707 700 1
707 706 1
707 712 1
707 722 1
708 666 1
708 706 1
708 709 1
708 726 1
709 705 1
709 708 1
709 713 1
709 728 1
710 688 1
710 711 1
710 712 1
710 751 1
711 694 1
711 710 1
711 713 1
711 752 1
712 707 1
712 710 1
712 713 1
712 761 1
713 709 1
713 711 1
713 712 1
713 765 1
714 669 1
714 715 1
714 727 1
715 705 1
715 714 1
715 717 1
715 729 1
716 695 1
716 717 1
716 756 1
717 715 1
717 716 1
717 767 1
718 670 1
718 719 1
718 720 1
719 701 1
719 718 1
719 723 1
719 732 1
720 706 1
720 718 1
720 724 1
720 733 1
721 702 1
721 722 1
721 723 1
721 758 1
722 707 1
722 721 1
722 724 1
722 760 1
723 719 1
723 721 1
723 724 1
723 770 1
724 720 1
724 722 1
724 723 1
724 773 1
725 671 1
725 726 1
725 727 1
726 708 1
726 725 1
726 730 1
726 734 1
727 714 1
727 725 1
727 731 1
727 735 1
728 709 1
728 729 1
728 730 1
728 764 1
729 715 1
729 728 1
729 731 1
729 766 1
730 726 1
730 728 1
730 731 1
730 774 1
731 727 1
731 729 1
731 730 1
731 779 1
732 719 1
732 771 1
733 720 1
733 734 1
733 775 1
734 726 1
734 733 1
734 776 1
735 727 1
735 780 1
736 689 1
736 737 1
736 738 1
736 746 1
737 675 1
737 736 1
737 740 1
737 748 1
738 690 1
738 736 1
738 739 1
738 749 1
739 681 1
739 738 1
739 740 1
739 753 1
740 737 1
740 739 1
740 784 1
741 696 1
741 742 1
741 743 1
741 750 1
742 682 1
742 741 1
742 745 1
742 754 1
743 697 1
743 741 1
743 744 1
743 755 1
744 685 1
744 743 1
744 745 1
744 757 1
745 742 1
745 744 1
745 788 1
746 691 1
746 736 1
746 747 1
746 749 1
747 703 1
747 746 1
747 748 1
747 762 1
748 737 1
748 747 1
748 785 1
749 692 1
749 738 1
749 746 1
749 751 1
750 698 1
750 741 1
750 752 1
750 755 1
751 710 1
751 749 1
751 753 1
751 762 1
752 711 1
752 750 1
752 754 1
752 768 1
753 739 1
753 751 1
753 754 1
753 789 1
754 742 1
754 752 1
754 753 1
754 791 1
755 699 1
755 743 1
755 750 1
755 756 1
756 716 1
756 755 1
756 757 1
756 768 1
757 744 1
757 756 1
757 795 1
758 721 1
758 759 1
758 760 1
758 770 1
759 704 1
759 758 1
759 763 1
759 772 1
760 722 1
760 758 1
760 761 1
760 773 1
761 712 1
761 760 1
761 763 1
761 777 1
762 747 1
762 751 1
762 763 1
762 798 1
763 759 1
763 761 1
763 762 1
763 812 1
764 728 1
764 765 1
764 766 1
764 774 1
765 713 1
765 764 1
765 769 1
765 778 1
766 729 1
766 764 1
766 767 1
766 779 1
767 717 1
767 766 1
767 769 1
767 781 1
768 752 1
768 756 1
768 769 1
768 805 1
769 765 1
769 767 1
769 768 1
769 817 1
770 723 1
770 758 1
770 771 1
770 773 1
771 732 1
771 770 1
771 772 1
771 782 1
772 759 1
772 771 1
772 813 1
773 724 1
773 760 1
773 770 1
773 775 1
774 730 1
774 764 1
774 776 1
774 779 1
775 733 1
775 773 1
775 777 1
775 782 1
776 734 1
776 774 1
776 778 1
776 783 1
777 761 1
777 775 1
777 778 1
777 818 1
778 765 1
778 776 1
778 777 1
778 820 1
779 731 1
779 766 1
779 774 1
779 780 1
780 735 1
780 779 1
780 781 1
780 783 1
781 767 1
781 780 1
781 826 1
782 771 1
782 775 1
782 830 1
783 776 1
783 780 1
783 837 1
784 740 1
784 786 1
784 790 1
785 748 1
785 786 1
785 799 1
786 784 1
786 785 1
786 787 1
786 801 1
787 786 1
787 849 1
788 745 1
788 792 1
788 796 1
789 753 1
789 790 1
789 791 1
789 800 1
790 784 1
790 789 1
790 793 1
790 802 1
791 754 1
791 789 1
791 792 1
791 806 1
792 788 1
792 791 1
792 794 1
792 808 1
793 790 1
793 794 1
793 851 1
794 792 1
794 793 1
794 854 1
795 757 1
795 796 1
795 807 1
796 788 1
796 795 1
796 797 1
796 809 1
797 796 1
797 856 1
798 762 1
798 799 1
798 800 1
798 812 1
799 785 1
799 798 1
799 803 1
799 815 1
800 789 1
800 798 1
800 804 1
800 822 1
801 786 1
801 802 1
801 803 1
801 848 1
802 790 1
802 801 1
802 804 1
802 850 1
803 799 1
803 801 1
803 804 1
803 858 1
804 800 1
804 802 1
804 803 1
804 861 1
805 768 1
805 806 1
805 807 1
805 817 1
806 791 1
806 805 1
806 810 1
806 823 1
807 795 1
807 805 1
807 811 1
807 828 1
808 792 1
808 809 1
808 810 1
808 853 1
809 796 1
809 808 1
809 811 1
809 855 1
810 806 1
810 808 1
810 811 1
810 862 1
811 807 1
811 809 1
811 810 1
811 867 1
812 763 1
812 798 1
812 814 1
812 819 1
813 772 1
813 814 1
813 831 1
814 812 1
814 813 1
814 816 1
814 833 1
815 799 1
815 816 1
815 859 1
816 814 1
816 815 1
816 871 1
817 769 1
817 805 1
817 821 1
817 827 1
818 777 1
818 819 1
818 820 1
818 832 1
819 812 1
819 818 1
819 824 1
819 834 1
820 778 1
820 818 1
820 821 1
820 838 1
821 817 1
821 820 1
821 825 1
821 840 1
822 800 1
822 823 1
822 824 1
822 863 1
823 806 1
823 822 1
823 825 1
823 864 1
824 819 1
824 822 1
824 825 1
824 873 1
825 821 1
825 823 1
825 824 1
825 877 1
826 781 1
826 827 1
826 839 1
827 817 1
827 826 1
827 829 1
827 841 1
828 807 1
828 829 1
828 868 1
829 827 1
829 828 1
829 879 1
830 782 1
830 831 1
830 832 1
831 813 1
831 830 1
831 835 1
831 844 1
832 818 1
832 830 1
832 836 1
832 845 1
833 814 1
833 834 1
833 835 1
833 870 1
834 819 1
834 833 1
834 836 1
834 872 1
835 831 1
835 833 1
835 836 1
835 882 1
836 832 1
836 834 1
836 835 1
836 885 1
837 783 1
837 838 1
837 839 1
838 820 1
838 837 1
838 842 1
838 846 1
839 826 1
839 837 1
839 843 1
839 847 1
840 821 1
840 841 1
840 842 1
840 876 1
841 827 1
841 840 1
841 843 1
841 878 1
842 838 1
842 840 1
842 843 1
842 886 1
843 839 1
843 841 1
843 842 1
843 891 1
844 831 1
844 883 1
845 832 1
845 846 1
845 887 1
846 838 1
846 845 1
846 888 1
847 839 1
847 892 1
848 801 1
848 849 1
848 850 1
848 858 1
849 787 1
849 848 1
849 852 1
849 860 1
850 802 1
850 848 1
850 851 1
850 861 1
851 793 1
851 850 1
851 852 1
851 865 1
852 849 1
852 851 1
853 808 1
853 854 1
853 855 1
853 862 1
854 794 1
854 853 1
854 857 1
854 866 1
855 809 1
855 853 1
855 856 1
855 867 1
856 797 1
856 855 1
856 857 1
856 869 1
857 854 1
857 856 1
858 803 1
858 848 1
858 859 1
858 861 1
859 815 1
859 858 1
859 860 1
859 874 1
860 849 1
860 859 1
861 804 1
861 850 1
861 858 1
861 863 1
862 810 1
862 853 1
862 864 1
862 867 1
863 822 1
863 861 1
863 865 1
863 874 1
864 823 1
864 862 1
864 866 1
864 880 1
865 851 1
865 863 1
865 866 1
866 854 1
866 864 1
866 865 1
867 811 1
867 855 1
867 862 1
867 868 1
868 828 1
868 867 1
868 869 1
868 880 1
869 856 1
869 868 1
870 833 1
870 871 1
870 872 1
870 882 1
871 816 1
871 870 1
871 875 1
871 884 1
872 834 1
872 870 1
872 873 1
872 885 1
873 824 1
873 872 1
873 875 1
873 889 1
874 859 1
874 863 1
874 875 1
875 871 1
875 873 1
875 874 1
876 840 1
876 877 1
876 878 1
876 886 1
877 825 1
877 876 1
877 881 1
877 890 1
878 841 1
878 876 1
878 879 1
878 891 1
879 829 1
879 878 1
879 881 1
879 893 1
880 864 1
880 868 1
880 881 1
881 877 1
881 879 1
881 880 1
882 835 1
882 870 1
882 883 1
882 885 1
883 844 1
883 882 1
883 884 1
883 894 1
884 871 1
884 883 1
885 836 1
885 872 1
885 882 1
885 887 1
886 842 1
886 876 1
886 888 1
886 891 1
887 845 1
887 885 1
887 889 1
887 894 1
888 846 1
888 886 1
888 890 1
888 895 1
889 873 1
889 887 1
889 890 1
890 877 1
890 888 1
890 889 1
891 843 1
891 878 1
891 886 1
891 892 1
892 847 1
892 891 1
892 893 1
892 895 1
893 879 1
893 892 1
894 883 1
894 887 1
895 888 1
895 892 1
