0 0 1
0 1 1
0 2 1
0 3 1
0 4 1
0 5 1
1 0 -1
1 6 1
1 7 1
1 8 1
1 9 1
1 10 1
1 11 1
1 12 1
1 13 1
2 6 -1
2 14 1
2 15 1
2 16 1
2 17 1
2 18 1
3 1 -1
3 7 -1
3 19 1
3 20 1
3 21 1
3 22 1
3 23 1
3 24 1
3 25 1
4 8 -1
4 14 -1
4 26 1
4 27 1
4 28 1
4 29 1
4 30 1
4 31 1
4 32 1
5 2 -1
5 19 -1
5 33 1
5 34 1
5 35 1
5 36 1
5 37 1
5 38 1
5 39 1
6 9 -1
6 20 -1
6 26 -1
6 33 -1
6 40 1
6 41 1
6 42 1
6 43 1
6 44 1
6 45 1
6 46 1
6 47 1
6 48 1
7 15 -1
7 27 -1
7 40 -1
7 49 1
7 50 1
7 51 1
7 52 1
7 53 1
7 54 1
8 34 -1
8 41 -1
8 55 1
8 56 1
8 57 1
8 58 1
8 59 1
8 60 1
8 61 1
9 42 -1
9 49 -1
9 62 1
9 63 1
9 64 1
9 65 1
9 66 1
9 67 1
9 68 1
10 35 -1
10 55 -1
10 69 1
10 70 1
10 71 1
10 72 1
11 43 -1
11 56 -1
11 62 -1
11 69 -1
11 73 1
11 74 1
11 75 1
11 76 1
11 77 1
12 50 -1
12 63 -1
12 73 -1
12 78 1
12 79 1
12 80 1
13 3 -1
13 10 -1
13 21 -1
13 81 1
13 82 1
13 83 1
13 84 1
13 85 1
13 86 1
14 11 -1
14 16 -1
14 28 -1
14 87 1
14 88 1
14 89 1
14 90 1
14 91 1
14 92 1
15 4 -1
15 22 -1
15 36 -1
15 81 -1
15 93 1
15 94 1
15 95 1
15 96 1
15 97 1
16 23 -1
16 82 -1
16 93 -1
16 98 1
16 99 1
16 100 1
17 12 -1
17 24 -1
17 29 -1
17 44 -1
17 83 -1
17 87 -1
17 98 -1
17 101 1
17 102 1
17 103 1
17 104 1
17 105 1
17 106 1
17 107 1
18 30 -1
18 88 -1
18 101 -1
18 108 1
18 109 1
18 110 1
19 17 -1
19 31 -1
19 51 -1
19 89 -1
19 108 -1
19 111 1
19 112 1
19 113 1
19 114 1
20 25 -1
20 37 -1
20 45 -1
20 57 -1
20 94 -1
20 99 -1
20 102 -1
20 115 1
20 116 1
20 117 1
20 118 1
20 119 1
20 120 1
20 121 1
21 32 -1
21 46 -1
21 52 -1
21 64 -1
21 103 -1
21 109 -1
21 111 -1
21 122 1
21 123 1
21 124 1
21 125 1
21 126 1
21 127 1
21 128 1
22 38 -1
22 58 -1
22 70 -1
22 115 -1
22 129 1
22 130 1
22 131 1
22 132 1
22 133 1
23 59 -1
23 116 -1
23 129 -1
23 134 1
23 135 1
23 136 1
24 47 -1
24 60 -1
24 65 -1
24 74 -1
24 117 -1
24 122 -1
24 134 -1
24 137 1
24 138 1
24 139 1
24 140 1
24 141 1
24 142 1
24 143 1
25 66 -1
25 123 -1
25 137 -1
25 144 1
25 145 1
25 146 1
26 53 -1
26 67 -1
26 78 -1
26 124 -1
26 144 -1
26 147 1
26 148 1
26 149 1
26 150 1
27 61 -1
27 71 -1
27 75 -1
27 130 -1
27 135 -1
27 138 -1
27 151 1
27 152 1
27 153 1
28 68 -1
28 76 -1
28 79 -1
28 139 -1
28 145 -1
28 147 -1
28 154 1
28 155 1
28 156 1
29 5 -1
29 84 -1
29 95 -1
29 157 1
29 158 1
29 159 1
29 160 1
29 161 1
29 162 1
30 13 -1
30 85 -1
30 90 -1
30 104 -1
30 157 -1
30 163 1
30 164 1
30 165 1
30 166 1
30 167 1
30 168 1
30 169 1
30 170 1
31 18 -1
31 91 -1
31 112 -1
31 163 -1
31 171 1
31 172 1
31 173 1
31 174 1
31 175 1
32 86 -1
32 96 -1
32 100 -1
32 105 -1
32 118 -1
32 158 -1
32 164 -1
32 176 1
32 177 1
32 178 1
32 179 1
32 180 1
32 181 1
32 182 1
33 92 -1
33 106 -1
33 110 -1
33 113 -1
33 125 -1
33 165 -1
33 171 -1
33 183 1
33 184 1
33 185 1
33 186 1
33 187 1
33 188 1
33 189 1
34 39 -1
34 97 -1
34 119 -1
34 131 -1
34 159 -1
34 176 -1
34 190 1
34 191 1
34 192 1
34 193 1
34 194 1
34 195 1
34 196 1
35 48 -1
35 107 -1
35 120 -1
35 126 -1
35 140 -1
35 166 -1
35 177 -1
35 183 -1
35 190 -1
35 197 1
35 198 1
35 199 1
35 200 1
35 201 1
35 202 1
35 203 1
35 204 1
35 205 1
36 54 -1
36 114 -1
36 127 -1
36 148 -1
36 172 -1
36 184 -1
36 197 -1
36 206 1
36 207 1
36 208 1
36 209 1
36 210 1
36 211 1
37 121 -1
37 132 -1
37 136 -1
37 141 -1
37 151 -1
37 191 -1
37 198 -1
37 212 1
37 213 1
37 214 1
37 215 1
37 216 1
37 217 1
37 218 1
38 128 -1
38 142 -1
38 146 -1
38 149 -1
38 154 -1
38 199 -1
38 206 -1
38 219 1
38 220 1
38 221 1
38 222 1
38 223 1
38 224 1
38 225 1
39 72 -1
39 133 -1
39 152 -1
39 192 -1
39 212 -1
39 226 1
39 227 1
39 228 1
39 229 1
40 77 -1
40 143 -1
40 153 -1
40 155 -1
40 200 -1
40 213 -1
40 219 -1
40 226 -1
40 230 1
40 231 1
40 232 1
40 233 1
40 234 1
41 80 -1
41 150 -1
41 156 -1
41 207 -1
41 220 -1
41 230 -1
41 235 1
41 236 1
41 237 1
42 160 -1
42 167 -1
42 178 -1
42 238 1
42 239 1
42 240 1
42 241 1
42 242 1
42 243 1
43 168 -1
43 173 -1
43 185 -1
43 244 1
43 245 1
43 246 1
43 247 1
43 248 1
43 249 1
44 161 -1
44 179 -1
44 193 -1
44 238 -1
44 250 1
44 251 1
44 252 1
44 253 1
44 254 1
45 180 -1
45 239 -1
45 250 -1
45 255 1
45 256 1
45 257 1
46 169 -1
46 181 -1
46 186 -1
46 201 -1
46 240 -1
46 244 -1
46 255 -1
46 258 1
46 259 1
46 260 1
46 261 1
46 262 1
46 263 1
46 264 1
47 187 -1
47 245 -1
47 258 -1
47 265 1
47 266 1
47 267 1
48 174 -1
48 188 -1
48 208 -1
48 246 -1
48 265 -1
48 268 1
48 269 1
48 270 1
48 271 1
49 182 -1
49 194 -1
49 202 -1
49 214 -1
49 251 -1
49 256 -1
49 259 -1
49 272 1
49 273 1
49 274 1
49 275 1
49 276 1
49 277 1
49 278 1
50 189 -1
50 203 -1
50 209 -1
50 221 -1
50 260 -1
50 266 -1
50 268 -1
50 279 1
50 280 1
50 281 1
50 282 1
50 283 1
50 284 1
50 285 1
51 195 -1
51 215 -1
51 227 -1
51 272 -1
51 286 1
51 287 1
51 288 1
51 289 1
51 290 1
52 216 -1
52 273 -1
52 286 -1
52 291 1
52 292 1
52 293 1
53 204 -1
53 217 -1
53 222 -1
53 231 -1
53 274 -1
53 279 -1
53 291 -1
53 294 1
53 295 1
53 296 1
53 297 1
53 298 1
53 299 1
53 300 1
54 223 -1
54 280 -1
54 294 -1
54 301 1
54 302 1
54 303 1
55 210 -1
55 224 -1
55 235 -1
55 281 -1
55 301 -1
55 304 1
55 305 1
55 306 1
55 307 1
56 218 -1
56 228 -1
56 232 -1
56 287 -1
56 292 -1
56 295 -1
56 308 1
56 309 1
56 310 1
57 225 -1
57 233 -1
57 236 -1
57 296 -1
57 302 -1
57 304 -1
57 311 1
57 312 1
57 313 1
58 162 -1
58 241 -1
58 252 -1
58 314 1
58 315 1
58 316 1
58 317 1
58 318 1
58 319 1
59 170 -1
59 242 -1
59 247 -1
59 261 -1
59 314 -1
59 320 1
59 321 1
59 322 1
59 323 1
59 324 1
59 325 1
59 326 1
59 327 1
60 175 -1
60 248 -1
60 269 -1
60 320 -1
60 328 1
60 329 1
60 330 1
60 331 1
60 332 1
61 243 -1
61 253 -1
61 257 -1
61 262 -1
61 275 -1
61 315 -1
61 321 -1
61 333 1
61 334 1
61 335 1
61 336 1
61 337 1
61 338 1
61 339 1
62 249 -1
62 263 -1
62 267 -1
62 270 -1
62 282 -1
62 322 -1
62 328 -1
62 340 1
62 341 1
62 342 1
62 343 1
62 344 1
62 345 1
62 346 1
63 196 -1
63 254 -1
63 276 -1
63 288 -1
63 316 -1
63 333 -1
63 347 1
63 348 1
63 349 1
63 350 1
63 351 1
63 352 1
63 353 1
64 205 -1
64 264 -1
64 277 -1
64 283 -1
64 297 -1
64 323 -1
64 334 -1
64 340 -1
64 347 -1
64 354 1
64 355 1
64 356 1
64 357 1
64 358 1
64 359 1
64 360 1
64 361 1
64 362 1
65 211 -1
65 271 -1
65 284 -1
65 305 -1
65 329 -1
65 341 -1
65 354 -1
65 363 1
65 364 1
65 365 1
65 366 1
65 367 1
65 368 1
66 278 -1
66 289 -1
66 293 -1
66 298 -1
66 308 -1
66 348 -1
66 355 -1
66 369 1
66 370 1
66 371 1
66 372 1
66 373 1
66 374 1
66 375 1
67 285 -1
67 299 -1
67 303 -1
67 306 -1
67 311 -1
67 356 -1
67 363 -1
67 376 1
67 377 1
67 378 1
67 379 1
67 380 1
67 381 1
67 382 1
68 229 -1
68 290 -1
68 309 -1
68 349 -1
68 369 -1
68 383 1
68 384 1
68 385 1
68 386 1
69 234 -1
69 300 -1
69 310 -1
69 312 -1
69 357 -1
69 370 -1
69 376 -1
69 383 -1
69 387 1
69 388 1
69 389 1
69 390 1
69 391 1
70 237 -1
70 307 -1
70 313 -1
70 364 -1
70 377 -1
70 387 -1
70 392 1
70 393 1
70 394 1
71 317 -1
71 324 -1
71 335 -1
71 395 1
71 396 1
71 397 1
71 398 1
71 399 1
71 400 1
72 325 -1
72 330 -1
72 342 -1
72 401 1
72 402 1
72 403 1
72 404 1
72 405 1
72 406 1
73 318 -1
73 336 -1
73 350 -1
73 395 -1
73 407 1
73 408 1
73 409 1
73 410 1
73 411 1
74 337 -1
74 396 -1
74 407 -1
74 412 1
74 413 1
74 414 1
75 326 -1
75 338 -1
75 343 -1
75 358 -1
75 397 -1
75 401 -1
75 412 -1
75 415 1
75 416 1
75 417 1
75 418 1
75 419 1
75 420 1
75 421 1
76 344 -1
76 402 -1
76 415 -1
76 422 1
76 423 1
76 424 1
77 331 -1
77 345 -1
77 365 -1
77 403 -1
77 422 -1
77 425 1
77 426 1
77 427 1
77 428 1
78 339 -1
78 351 -1
78 359 -1
78 371 -1
78 408 -1
78 413 -1
78 416 -1
78 429 1
78 430 1
78 431 1
78 432 1
78 433 1
78 434 1
78 435 1
79 346 -1
79 360 -1
79 366 -1
79 378 -1
79 417 -1
79 423 -1
79 425 -1
79 436 1
79 437 1
79 438 1
79 439 1
79 440 1
79 441 1
79 442 1
80 352 -1
80 372 -1
80 384 -1
80 429 -1
80 443 1
80 444 1
80 445 1
80 446 1
80 447 1
81 373 -1
81 430 -1
81 443 -1
81 448 1
81 449 1
81 450 1
82 361 -1
82 374 -1
82 379 -1
82 388 -1
82 431 -1
82 436 -1
82 448 -1
82 451 1
82 452 1
82 453 1
82 454 1
82 455 1
82 456 1
82 457 1
83 380 -1
83 437 -1
83 451 -1
83 458 1
83 459 1
83 460 1
84 367 -1
84 381 -1
84 392 -1
84 438 -1
84 458 -1
84 461 1
84 462 1
84 463 1
84 464 1
85 375 -1
85 385 -1
85 389 -1
85 444 -1
85 449 -1
85 452 -1
85 465 1
85 466 1
85 467 1
86 382 -1
86 390 -1
86 393 -1
86 453 -1
86 459 -1
86 461 -1
86 468 1
86 469 1
86 470 1
87 319 -1
87 398 -1
87 409 -1
87 471 1
87 472 1
87 473 1
87 474 1
87 475 1
87 476 1
88 327 -1
88 399 -1
88 404 -1
88 418 -1
88 471 -1
88 477 1
88 478 1
88 479 1
88 480 1
88 481 1
88 482 1
88 483 1
88 484 1
89 332 -1
89 405 -1
89 426 -1
89 477 -1
89 485 1
89 486 1
89 487 1
89 488 1
89 489 1
90 400 -1
90 410 -1
90 414 -1
90 419 -1
90 432 -1
90 472 -1
90 478 -1
90 490 1
90 491 1
90 492 1
90 493 1
90 494 1
90 495 1
90 496 1
91 406 -1
91 420 -1
91 424 -1
91 427 -1
91 439 -1
91 479 -1
91 485 -1
91 497 1
91 498 1
91 499 1
91 500 1
91 501 1
91 502 1
91 503 1
92 353 -1
92 411 -1
92 433 -1
92 445 -1
92 473 -1
92 490 -1
92 504 1
92 505 1
92 506 1
92 507 1
92 508 1
92 509 1
92 510 1
93 362 -1
93 421 -1
93 434 -1
93 440 -1
93 454 -1
93 480 -1
93 491 -1
93 497 -1
93 504 -1
93 511 1
93 512 1
93 513 1
93 514 1
93 515 1
93 516 1
93 517 1
93 518 1
93 519 1
94 368 -1
94 428 -1
94 441 -1
94 462 -1
94 486 -1
94 498 -1
94 511 -1
94 520 1
94 521 1
94 522 1
94 523 1
94 524 1
94 525 1
95 435 -1
95 446 -1
95 450 -1
95 455 -1
95 465 -1
95 505 -1
95 512 -1
95 526 1
95 527 1
95 528 1
95 529 1
95 530 1
95 531 1
95 532 1
96 442 -1
96 456 -1
96 460 -1
96 463 -1
96 468 -1
96 513 -1
96 520 -1
96 533 1
96 534 1
96 535 1
96 536 1
96 537 1
96 538 1
96 539 1
97 386 -1
97 447 -1
97 466 -1
97 506 -1
97 526 -1
97 540 1
97 541 1
97 542 1
97 543 1
98 391 -1
98 457 -1
98 467 -1
98 469 -1
98 514 -1
98 527 -1
98 533 -1
98 540 -1
98 544 1
98 545 1
98 546 1
98 547 1
98 548 1
99 394 -1
99 464 -1
99 470 -1
99 521 -1
99 534 -1
99 544 -1
99 549 1
99 550 1
99 551 1
100 474 -1
100 481 -1
100 492 -1
100 552 1
100 553 1
100 554 1
100 555 1
100 556 1
100 557 1
101 482 -1
101 487 -1
101 499 -1
101 558 1
101 559 1
101 560 1
101 561 1
101 562 1
101 563 1
102 475 -1
102 493 -1
102 507 -1
102 552 -1
102 564 1
102 565 1
102 566 1
102 567 1
102 568 1
103 494 -1
103 553 -1
103 564 -1
103 569 1
103 570 1
103 571 1
104 483 -1
104 495 -1
104 500 -1
104 515 -1
104 554 -1
104 558 -1
104 569 -1
104 572 1
104 573 1
104 574 1
104 575 1
104 576 1
104 577 1
104 578 1
105 501 -1
105 559 -1
105 572 -1
105 579 1
105 580 1
105 581 1
106 488 -1
106 502 -1
106 522 -1
106 560 -1
106 579 -1
106 582 1
106 583 1
106 584 1
106 585 1
107 496 -1
107 508 -1
107 516 -1
107 528 -1
107 565 -1
107 570 -1
107 573 -1
107 586 1
107 587 1
107 588 1
107 589 1
107 590 1
107 591 1
107 592 1
108 503 -1
108 517 -1
108 523 -1
108 535 -1
108 574 -1
108 580 -1
108 582 -1
108 593 1
108 594 1
108 595 1
108 596 1
108 597 1
108 598 1
108 599 1
109 509 -1
109 529 -1
109 541 -1
109 586 -1
109 600 1
109 601 1
109 602 1
109 603 1
109 604 1
110 530 -1
110 587 -1
110 600 -1
110 605 1
110 606 1
110 607 1
111 518 -1
111 531 -1
111 536 -1
111 545 -1
111 588 -1
111 593 -1
111 605 -1
111 608 1
111 609 1
111 610 1
111 611 1
111 612 1
111 613 1
111 614 1
112 537 -1
112 594 -1
112 608 -1
112 615 1
112 616 1
112 617 1
113 524 -1
113 538 -1
113 549 -1
113 595 -1
113 615 -1
113 618 1
113 619 1
113 620 1
113 621 1
114 532 -1
114 542 -1
114 546 -1
114 601 -1
114 606 -1
114 609 -1
114 622 1
114 623 1
114 624 1
115 539 -1
115 547 -1
115 550 -1
115 610 -1
115 616 -1
115 618 -1
115 625 1
115 626 1
115 627 1
116 476 -1
116 555 -1
116 566 -1
116 628 1
116 629 1
116 630 1
116 631 1
116 632 1
116 633 1
117 484 -1
117 556 -1
117 561 -1
117 575 -1
117 628 -1
117 634 1
117 635 1
117 636 1
117 637 1
117 638 1
117 639 1
117 640 1
117 641 1
118 489 -1
118 562 -1
118 583 -1
118 634 -1
118 642 1
118 643 1
118 644 1
118 645 1
118 646 1
119 557 -1
119 567 -1
119 571 -1
119 576 -1
119 589 -1
119 629 -1
119 635 -1
119 647 1
119 648 1
119 649 1
119 650 1
119 651 1
119 652 1
119 653 1
120 563 -1
120 577 -1
120 581 -1
120 584 -1
120 596 -1
120 636 -1
120 642 -1
120 654 1
120 655 1
120 656 1
120 657 1
120 658 1
120 659 1
120 660 1
121 510 -1
121 568 -1
121 590 -1
121 602 -1
121 630 -1
121 647 -1
121 661 1
121 662 1
121 663 1
121 664 1
121 665 1
121 666 1
121 667 1
122 519 -1
122 578 -1
122 591 -1
122 597 -1
122 611 -1
122 637 -1
122 648 -1
122 654 -1
122 661 -1
122 668 1
122 669 1
122 670 1
122 671 1
122 672 1
122 673 1
122 674 1
122 675 1
122 676 1
123 525 -1
123 585 -1
123 598 -1
123 619 -1
123 643 -1
123 655 -1
123 668 -1
123 677 1
123 678 1
123 679 1
123 680 1
123 681 1
123 682 1
124 592 -1
124 603 -1
124 607 -1
124 612 -1
124 622 -1
124 662 -1
124 669 -1
124 683 1
124 684 1
124 685 1
124 686 1
124 687 1
124 688 1
124 689 1
125 599 -1
125 613 -1
125 617 -1
125 620 -1
125 625 -1
125 670 -1
125 677 -1
125 690 1
125 691 1
125 692 1
125 693 1
125 694 1
125 695 1
125 696 1
126 543 -1
126 604 -1
126 623 -1
126 663 -1
126 683 -1
126 697 1
126 698 1
126 699 1
126 700 1
127 548 -1
127 614 -1
127 624 -1
127 626 -1
127 671 -1
127 684 -1
127 690 -1
127 697 -1
127 701 1
127 702 1
127 703 1
127 704 1
127 705 1
128 551 -1
128 621 -1
128 627 -1
128 678 -1
128 691 -1
128 701 -1
128 706 1
128 707 1
128 708 1
129 631 -1
129 638 -1
129 649 -1
129 709 1
129 710 1
129 711 1
129 712 1
129 713 1
129 714 1
130 639 -1
130 644 -1
130 656 -1
130 715 1
130 716 1
130 717 1
130 718 1
130 719 1
130 720 1
131 632 -1
131 650 -1
131 664 -1
131 709 -1
131 721 1
131 722 1
131 723 1
131 724 1
131 725 1
132 651 -1
132 710 -1
132 721 -1
132 726 1
132 727 1
132 728 1
133 640 -1
133 652 -1
133 657 -1
133 672 -1
133 711 -1
133 715 -1
133 726 -1
133 729 1
133 730 1
133 731 1
133 732 1
133 733 1
133 734 1
133 735 1
134 658 -1
134 716 -1
134 729 -1
134 736 1
134 737 1
134 738 1
135 645 -1
135 659 -1
135 679 -1
135 717 -1
135 736 -1
135 739 1
135 740 1
135 741 1
135 742 1
136 653 -1
136 665 -1
136 673 -1
136 685 -1
136 722 -1
136 727 -1
136 730 -1
136 743 1
136 744 1
136 745 1
136 746 1
136 747 1
136 748 1
136 749 1
137 660 -1
137 674 -1
137 680 -1
137 692 -1
137 731 -1
137 737 -1
137 739 -1
137 750 1
137 751 1
137 752 1
137 753 1
137 754 1
137 755 1
137 756 1
138 666 -1
138 686 -1
138 698 -1
138 743 -1
138 757 1
138 758 1
138 759 1
138 760 1
138 761 1
139 687 -1
139 744 -1
139 757 -1
139 762 1
139 763 1
139 764 1
140 675 -1
140 688 -1
140 693 -1
140 702 -1
140 745 -1
140 750 -1
140 762 -1
140 765 1
140 766 1
140 767 1
140 768 1
140 769 1
140 770 1
140 771 1
141 694 -1
141 751 -1
141 765 -1
141 772 1
141 773 1
141 774 1
142 681 -1
142 695 -1
142 706 -1
142 752 -1
142 772 -1
142 775 1
142 776 1
142 777 1
142 778 1
143 689 -1
143 699 -1
143 703 -1
143 758 -1
143 763 -1
143 766 -1
143 779 1
143 780 1
143 781 1
144 696 -1
144 704 -1
144 707 -1
144 767 -1
144 773 -1
144 775 -1
144 782 1
144 783 1
144 784 1
145 633 -1
145 712 -1
145 723 -1
145 785 1
145 786 1
145 787 1
145 788 1
145 789 1
145 790 1
146 641 -1
146 713 -1
146 718 -1
146 732 -1
146 785 -1
146 791 1
146 792 1
146 793 1
146 794 1
146 795 1
146 796 1
146 797 1
146 798 1
147 646 -1
147 719 -1
147 740 -1
147 791 -1
147 799 1
147 800 1
147 801 1
147 802 1
147 803 1
148 714 -1
148 724 -1
148 728 -1
148 733 -1
148 746 -1
148 786 -1
148 792 -1
148 804 1
148 805 1
148 806 1
148 807 1
148 808 1
148 809 1
148 810 1
149 720 -1
149 734 -1
149 738 -1
149 741 -1
149 753 -1
149 793 -1
149 799 -1
149 811 1
149 812 1
149 813 1
149 814 1
149 815 1
149 816 1
149 817 1
150 667 -1
150 725 -1
150 747 -1
150 759 -1
150 787 -1
150 804 -1
150 818 1
150 819 1
150 820 1
150 821 1
150 822 1
150 823 1
150 824 1
151 676 -1
151 735 -1
151 748 -1
151 754 -1
151 768 -1
151 794 -1
151 805 -1
151 811 -1
151 818 -1
151 825 1
151 826 1
151 827 1
151 828 1
151 829 1
151 830 1
151 831 1
151 832 1
151 833 1
152 682 -1
152 742 -1
152 755 -1
152 776 -1
152 800 -1
152 812 -1
152 825 -1
152 834 1
152 835 1
152 836 1
152 837 1
152 838 1
152 839 1
153 749 -1
153 760 -1
153 764 -1
153 769 -1
153 779 -1
153 819 -1
153 826 -1
153 840 1
153 841 1
153 842 1
153 843 1
153 844 1
153 845 1
153 846 1
154 756 -1
154 770 -1
154 774 -1
154 777 -1
154 782 -1
154 827 -1
154 834 -1
154 847 1
154 848 1
154 849 1
154 850 1
154 851 1
154 852 1
154 853 1
155 700 -1
155 761 -1
155 780 -1
155 820 -1
155 840 -1
155 854 1
155 855 1
155 856 1
155 857 1
156 705 -1
156 771 -1
156 781 -1
156 783 -1
156 828 -1
156 841 -1
156 847 -1
156 854 -1
156 858 1
156 859 1
156 860 1
156 861 1
156 862 1
157 708 -1
157 778 -1
157 784 -1
157 835 -1
157 848 -1
157 858 -1
157 863 1
157 864 1
157 865 1
158 788 -1
158 795 -1
158 806 -1
158 866 1
158 867 1
158 868 1
158 869 1
158 870 1
158 871 1
159 796 -1
159 801 -1
159 813 -1
159 872 1
159 873 1
159 874 1
159 875 1
159 876 1
159 877 1
160 789 -1
160 807 -1
160 821 -1
160 866 -1
160 878 1
160 879 1
160 880 1
160 881 1
160 882 1
161 808 -1
161 867 -1
161 878 -1
161 883 1
161 884 1
161 885 1
162 797 -1
162 809 -1
162 814 -1
162 829 -1
162 868 -1
162 872 -1
162 883 -1
162 886 1
162 887 1
162 888 1
162 889 1
162 890 1
162 891 1
162 892 1
163 815 -1
163 873 -1
163 886 -1
163 893 1
163 894 1
163 895 1
164 802 -1
164 816 -1
164 836 -1
164 874 -1
164 893 -1
164 896 1
164 897 1
164 898 1
164 899 1
165 810 -1
165 822 -1
165 830 -1
165 842 -1
165 879 -1
165 884 -1
165 887 -1
165 900 1
165 901 1
165 902 1
165 903 1
165 904 1
165 905 1
165 906 1
166 817 -1
166 831 -1
166 837 -1
166 849 -1
166 888 -1
166 894 -1
166 896 -1
166 907 1
166 908 1
166 909 1
166 910 1
166 911 1
166 912 1
166 913 1
167 823 -1
167 843 -1
167 855 -1
167 900 -1
167 914 1
167 915 1
167 916 1
167 917 1
167 918 1
168 844 -1
168 901 -1
168 914 -1
168 919 1
168 920 1
168 921 1
169 832 -1
169 845 -1
169 850 -1
169 859 -1
169 902 -1
169 907 -1
169 919 -1
169 922 1
169 923 1
169 924 1
169 925 1
169 926 1
169 927 1
169 928 1
170 851 -1
170 908 -1
170 922 -1
170 929 1
170 930 1
170 931 1
171 838 -1
171 852 -1
171 863 -1
171 909 -1
171 929 -1
171 932 1
171 933 1
171 934 1
171 935 1
172 846 -1
172 856 -1
172 860 -1
172 915 -1
172 920 -1
172 923 -1
172 936 1
172 937 1
172 938 1
173 853 -1
173 861 -1
173 864 -1
173 924 -1
173 930 -1
173 932 -1
173 939 1
173 940 1
173 941 1
174 790 -1
174 869 -1
174 880 -1
174 942 1
174 943 1
174 944 1
174 945 1
174 946 1
174 947 1
175 798 -1
175 870 -1
175 875 -1
175 889 -1
175 942 -1
175 948 1
175 949 1
175 950 1
175 951 1
175 952 1
175 953 1
175 954 1
175 955 1
176 803 -1
176 876 -1
176 897 -1
176 948 -1
176 956 1
176 957 1
176 958 1
176 959 1
176 960 1
177 871 -1
177 881 -1
177 885 -1
177 890 -1
177 903 -1
177 943 -1
177 949 -1
177 961 1
177 962 1
177 963 1
177 964 1
177 965 1
177 966 1
177 967 1
178 877 -1
178 891 -1
178 895 -1
178 898 -1
178 910 -1
178 950 -1
178 956 -1
178 968 1
178 969 1
178 970 1
178 971 1
178 972 1
178 973 1
178 974 1
179 824 -1
179 882 -1
179 904 -1
179 916 -1
179 944 -1
179 961 -1
179 975 1
179 976 1
179 977 1
179 978 1
179 979 1
179 980 1
179 981 1
180 833 -1
180 892 -1
180 905 -1
180 911 -1
180 925 -1
180 951 -1
180 962 -1
180 968 -1
180 975 -1
180 982 1
180 983 1
180 984 1
180 985 1
180 986 1
180 987 1
180 988 1
180 989 1
180 990 1
181 839 -1
181 899 -1
181 912 -1
181 933 -1
181 957 -1
181 969 -1
181 982 -1
181 991 1
181 992 1
181 993 1
181 994 1
181 995 1
181 996 1
182 906 -1
182 917 -1
182 921 -1
182 926 -1
182 936 -1
182 976 -1
182 983 -1
182 997 1
182 998 1
182 999 1
182 1000 1
182 1001 1
182 1002 1
182 1003 1
183 913 -1
183 927 -1
183 931 -1
183 934 -1
183 939 -1
183 984 -1
183 991 -1
183 1004 1
183 1005 1
183 1006 1
183 1007 1
183 1008 1
183 1009 1
183 1010 1
184 857 -1
184 918 -1
184 937 -1
184 977 -1
184 997 -1
184 1011 1
184 1012 1
184 1013 1
184 1014 1
185 862 -1
185 928 -1
185 938 -1
185 940 -1
185 985 -1
185 998 -1
185 1004 -1
185 1011 -1
185 1015 1
185 1016 1
185 1017 1
185 1018 1
185 1019 1
186 865 -1
186 935 -1
186 941 -1
186 992 -1
186 1005 -1
186 1015 -1
186 1020 1
186 1021 1
186 1022 1
187 945 -1
187 952 -1
187 963 -1
187 1023 1
187 1024 1
187 1025 1
187 1026 1
187 1027 1
187 1028 1
188 953 -1
188 958 -1
188 970 -1
188 1029 1
188 1030 1
188 1031 1
188 1032 1
188 1033 1
188 1034 1
189 946 -1
189 964 -1
189 978 -1
189 1023 -1
189 1035 1
189 1036 1
189 1037 1
189 1038 1
189 1039 1
190 965 -1
190 1024 -1
190 1035 -1
190 1040 1
190 1041 1
190 1042 1
191 954 -1
191 966 -1
191 971 -1
191 986 -1
191 1025 -1
191 1029 -1
191 1040 -1
191 1043 1
191 1044 1
191 1045 1
191 1046 1
191 1047 1
191 1048 1
191 1049 1
192 972 -1
192 1030 -1
192 1043 -1
192 1050 1
192 1051 1
192 1052 1
193 959 -1
193 973 -1
193 993 -1
193 1031 -1
193 1050 -1
193 1053 1
193 1054 1
193 1055 1
193 1056 1
194 967 -1
194 979 -1
194 987 -1
194 999 -1
194 1036 -1
194 1041 -1
194 1044 -1
194 1057 1
194 1058 1
194 1059 1
194 1060 1
194 1061 1
194 1062 1
194 1063 1
195 974 -1
195 988 -1
195 994 -1
195 1006 -1
195 1045 -1
195 1051 -1
195 1053 -1
195 1064 1
195 1065 1
195 1066 1
195 1067 1
195 1068 1
195 1069 1
195 1070 1
196 980 -1
196 1000 -1
196 1012 -1
196 1057 -1
196 1071 1
196 1072 1
196 1073 1
196 1074 1
196 1075 1
197 1001 -1
197 1058 -1
197 1071 -1
197 1076 1
197 1077 1
197 1078 1
198 989 -1
198 1002 -1
198 1007 -1
198 1016 -1
198 1059 -1
198 1064 -1
198 1076 -1
198 1079 1
198 1080 1
198 1081 1
198 1082 1
198 1083 1
198 1084 1
198 1085 1
199 1008 -1
199 1065 -1
199 1079 -1
199 1086 1
199 1087 1
199 1088 1
200 995 -1
200 1009 -1
200 1020 -1
200 1066 -1
200 1086 -1
200 1089 1
200 1090 1
200 1091 1
200 1092 1
201 1003 -1
201 1013 -1
201 1017 -1
201 1072 -1
201 1077 -1
201 1080 -1
201 1093 1
201 1094 1
201 1095 1
202 1010 -1
202 1018 -1
202 1021 -1
202 1081 -1
202 1087 -1
202 1089 -1
202 1096 1
202 1097 1
202 1098 1
203 947 -1
203 1026 -1
203 1037 -1
203 1099 1
203 1100 1
203 1101 1
203 1102 1
203 1103 1
203 1104 1
204 955 -1
204 1027 -1
204 1032 -1
204 1046 -1
204 1099 -1
204 1105 1
204 1106 1
204 1107 1
204 1108 1
204 1109 1
204 1110 1
204 1111 1
204 1112 1
205 960 -1
205 1033 -1
205 1054 -1
205 1105 -1
205 1113 1
205 1114 1
205 1115 1
205 1116 1
205 1117 1
206 1028 -1
206 1038 -1
206 1042 -1
206 1047 -1
206 1060 -1
206 1100 -1
206 1106 -1
206 1118 1
206 1119 1
206 1120 1
206 1121 1
206 1122 1
206 1123 1
206 1124 1
207 1034 -1
207 1048 -1
207 1052 -1
207 1055 -1
207 1067 -1
207 1107 -1
207 1113 -1
207 1125 1
207 1126 1
207 1127 1
207 1128 1
207 1129 1
207 1130 1
207 1131 1
208 981 -1
208 1039 -1
208 1061 -1
208 1073 -1
208 1101 -1
208 1118 -1
208 1132 1
208 1133 1
208 1134 1
208 1135 1
208 1136 1
208 1137 1
208 1138 1
209 990 -1
209 1049 -1
209 1062 -1
209 1068 -1
209 1082 -1
209 1108 -1
209 1119 -1
209 1125 -1
209 1132 -1
209 1139 1
209 1140 1
209 1141 1
209 1142 1
209 1143 1
209 1144 1
209 1145 1
209 1146 1
209 1147 1
210 996 -1
210 1056 -1
210 1069 -1
210 1090 -1
210 1114 -1
210 1126 -1
210 1139 -1
210 1148 1
210 1149 1
210 1150 1
210 1151 1
210 1152 1
210 1153 1
211 1063 -1
211 1074 -1
211 1078 -1
211 1083 -1
211 1093 -1
211 1133 -1
211 1140 -1
211 1154 1
211 1155 1
211 1156 1
211 1157 1
211 1158 1
211 1159 1
211 1160 1
212 1070 -1
212 1084 -1
212 1088 -1
212 1091 -1
212 1096 -1
212 1141 -1
212 1148 -1
212 1161 1
212 1162 1
212 1163 1
212 1164 1
212 1165 1
212 1166 1
212 1167 1
213 1014 -1
213 1075 -1
213 1094 -1
213 1134 -1
213 1154 -1
213 1168 1
213 1169 1
213 1170 1
213 1171 1
214 1019 -1
214 1085 -1
214 1095 -1
214 1097 -1
214 1142 -1
214 1155 -1
214 1161 -1
214 1168 -1
214 1172 1
214 1173 1
214 1174 1
214 1175 1
214 1176 1
215 1022 -1
215 1092 -1
215 1098 -1
215 1149 -1
215 1162 -1
215 1172 -1
215 1177 1
215 1178 1
215 1179 1
216 1102 -1
216 1109 -1
216 1120 -1
216 1180 1
216 1181 1
216 1182 1
216 1183 1
216 1184 1
216 1185 1
217 1110 -1
217 1115 -1
217 1127 -1
217 1186 1
217 1187 1
217 1188 1
217 1189 1
217 1190 1
217 1191 1
218 1103 -1
218 1121 -1
218 1135 -1
218 1180 -1
218 1192 1
218 1193 1
218 1194 1
218 1195 1
218 1196 1
219 1122 -1
219 1181 -1
219 1192 -1
219 1197 1
219 1198 1
219 1199 1
220 1111 -1
220 1123 -1
220 1128 -1
220 1143 -1
220 1182 -1
220 1186 -1
220 1197 -1
220 1200 1
220 1201 1
220 1202 1
220 1203 1
220 1204 1
220 1205 1
220 1206 1
221 1129 -1
221 1187 -1
221 1200 -1
221 1207 1
221 1208 1
221 1209 1
222 1116 -1
222 1130 -1
222 1150 -1
222 1188 -1
222 1207 -1
222 1210 1
222 1211 1
222 1212 1
222 1213 1
223 1124 -1
223 1136 -1
223 1144 -1
223 1156 -1
223 1193 -1
223 1198 -1
223 1201 -1
223 1214 1
223 1215 1
223 1216 1
223 1217 1
223 1218 1
223 1219 1
223 1220 1
224 1131 -1
224 1145 -1
224 1151 -1
224 1163 -1
224 1202 -1
224 1208 -1
224 1210 -1
224 1221 1
224 1222 1
224 1223 1
224 1224 1
224 1225 1
224 1226 1
224 1227 1
225 1137 -1
225 1157 -1
225 1169 -1
225 1214 -1
225 1228 1
225 1229 1
225 1230 1
225 1231 1
225 1232 1
226 1158 -1
226 1215 -1
226 1228 -1
226 1233 1
226 1234 1
226 1235 1
227 1146 -1
227 1159 -1
227 1164 -1
227 1173 -1
227 1216 -1
227 1221 -1
227 1233 -1
227 1236 1
227 1237 1
227 1238 1
227 1239 1
227 1240 1
227 1241 1
227 1242 1
228 1165 -1
228 1222 -1
228 1236 -1
228 1243 1
228 1244 1
228 1245 1
229 1152 -1
229 1166 -1
229 1177 -1
229 1223 -1
229 1243 -1
229 1246 1
229 1247 1
229 1248 1
229 1249 1
230 1160 -1
230 1170 -1
230 1174 -1
230 1229 -1
230 1234 -1
230 1237 -1
230 1250 1
230 1251 1
230 1252 1
231 1167 -1
231 1175 -1
231 1178 -1
231 1238 -1
231 1244 -1
231 1246 -1
231 1253 1
231 1254 1
231 1255 1
232 1104 -1
232 1183 -1
232 1194 -1
232 1256 1
232 1257 1
232 1258 1
233 1112 -1
233 1184 -1
233 1189 -1
233 1203 -1
233 1256 -1
233 1259 1
233 1260 1
233 1261 1
233 1262 1
234 1117 -1
234 1190 -1
234 1211 -1
234 1259 -1
234 1263 1
234 1264 1
235 1185 -1
235 1195 -1
235 1199 -1
235 1204 -1
235 1217 -1
235 1257 -1
235 1260 -1
235 1265 1
235 1266 1
236 1191 -1
236 1205 -1
236 1209 -1
236 1212 -1
236 1224 -1
236 1261 -1
236 1263 -1
236 1267 1
236 1268 1
237 1138 -1
237 1196 -1
237 1218 -1
237 1230 -1
237 1258 -1
237 1265 -1
237 1269 1
237 1270 1
237 1271 1
238 1147 -1
238 1206 -1
238 1219 -1
238 1225 -1
238 1239 -1
238 1262 -1
238 1266 -1
238 1267 -1
238 1269 -1
238 1272 1
238 1273 1
238 1274 1
238 1275 1
239 1153 -1
239 1213 -1
239 1226 -1
239 1247 -1
239 1264 -1
239 1268 -1
239 1272 -1
239 1276 1
239 1277 1
240 1220 -1
240 1231 -1
240 1235 -1
240 1240 -1
240 1250 -1
240 1270 -1
240 1273 -1
240 1278 1
240 1279 1
241 1227 -1
241 1241 -1
241 1245 -1
241 1248 -1
241 1253 -1
241 1274 -1
241 1276 -1
241 1280 1
241 1281 1
242 1171 -1
242 1232 -1
242 1251 -1
242 1271 -1
242 1278 -1
242 1282 1
243 1176 -1
243 1242 -1
243 1252 -1
243 1254 -1
243 1275 -1
243 1279 -1
243 1280 -1
243 1282 -1
243 1283 1
244 1179 -1
244 1249 -1
244 1255 -1
244 1277 -1
244 1281 -1
244 1283 -1
