0 0 1
0 1 1
1 0 -1
1 2 1
1 3 1
1 4 1
2 2 -1
2 5 1
3 1 -1
3 3 -1
3 6 1
3 7 1
4 4 -1
4 5 -1
4 6 -1
4 8 1
5 7 -1
5 8 -1
6 9 1
6 10 1
7 0 1
7 11 1
7 12 1
7 13 1
8 9 -1
8 14 1
8 15 1
8 16 1
9 11 -1
9 14 -1
9 17 1
10 1 1
10 12 -1
10 18 1
10 19 1
11 10 -1
11 15 -1
11 20 1
11 21 1
12 13 -1
12 16 -1
12 17 -1
12 18 -1
12 20 -1
12 22 1
13 19 -1
13 21 -1
13 22 -1
14 9 1
14 23 1
14 24 1
14 25 1
15 23 -1
15 26 1
16 10 1
16 24 -1
16 27 1
16 28 1
17 25 -1
17 26 -1
17 27 -1
17 29 1
18 28 -1
18 29 -1
19 2 1
19 30 1
19 31 1
19 32 1
20 11 1
20 30 -1
20 33 1
20 34 1
21 3 1
21 12 1
21 35 1
21 36 1
21 37 1
22 4 1
22 31 -1
22 35 -1
22 38 1
22 39 1
23 36 -1
23 38 -1
23 40 1
23 41 1
24 13 1
24 33 -1
24 37 -1
24 40 -1
24 42 1
25 32 -1
25 34 -1
25 39 -1
25 41 -1
25 42 -1
26 14 1
26 43 1
26 44 1
26 45 1
27 23 1
27 43 -1
27 46 1
27 47 1
28 15 1
28 24 1
28 48 1
28 49 1
28 50 1
29 16 1
29 44 -1
29 48 -1
29 51 1
29 52 1
30 49 -1
30 51 -1
30 53 1
30 54 1
31 25 1
31 46 -1
31 50 -1
31 53 -1
31 55 1
32 45 -1
32 47 -1
32 52 -1
32 54 -1
32 55 -1
33 30 1
33 56 1
33 57 1
34 56 -1
34 58 1
34 59 1
34 60 1
35 58 -1
35 61 1
36 5 1
36 31 1
36 62 1
36 63 1
37 32 1
37 57 -1
37 59 -1
37 62 -1
37 64 1
37 65 1
38 60 -1
38 61 -1
38 64 -1
38 66 1
39 63 -1
39 65 -1
39 66 -1
40 43 1
40 67 1
40 68 1
41 56 1
41 69 1
41 70 1
41 71 1
42 67 -1
42 72 1
42 73 1
42 74 1
43 69 -1
43 72 -1
43 75 1
44 17 1
44 33 1
44 44 1
44 76 1
44 77 1
44 78 1
45 34 1
45 57 1
45 70 -1
45 76 -1
45 79 1
45 80 1
46 45 1
46 68 -1
46 73 -1
46 77 -1
46 81 1
46 82 1
47 71 -1
47 74 -1
47 75 -1
47 79 -1
47 81 -1
47 83 1
48 78 -1
48 80 -1
48 82 -1
48 83 -1
49 67 1
49 84 1
49 85 1
49 86 1
50 84 -1
50 87 1
51 26 1
51 46 1
51 88 1
51 89 1
52 47 1
52 68 1
52 85 -1
52 88 -1
52 90 1
52 91 1
53 86 -1
53 87 -1
53 90 -1
53 92 1
54 89 -1
54 91 -1
54 92 -1
55 58 1
55 93 1
55 94 1
55 95 1
56 69 1
56 93 -1
56 96 1
56 97 1
57 59 1
57 70 1
57 98 1
57 99 1
57 100 1
58 60 1
58 94 -1
58 98 -1
58 101 1
58 102 1
59 99 -1
59 101 -1
59 103 1
59 104 1
60 71 1
60 96 -1
60 100 -1
60 103 -1
60 105 1
61 95 -1
61 97 -1
61 102 -1
61 104 -1
61 105 -1
62 72 1
62 106 1
62 107 1
62 108 1
63 84 1
63 106 -1
63 109 1
63 110 1
64 73 1
64 85 1
64 111 1
64 112 1
64 113 1
65 74 1
65 107 -1
65 111 -1
65 114 1
65 115 1
66 112 -1
66 114 -1
66 116 1
66 117 1
67 86 1
67 109 -1
67 113 -1
67 116 -1
67 118 1
68 108 -1
68 110 -1
68 115 -1
68 117 -1
68 118 -1
69 93 1
69 119 1
70 61 1
70 94 1
70 120 1
70 121 1
71 95 1
71 119 -1
71 120 -1
71 122 1
72 121 -1
72 122 -1
73 106 1
73 123 1
74 75 1
74 96 1
74 107 1
74 124 1
74 125 1
74 126 1
75 97 1
75 119 1
75 124 -1
75 127 1
76 108 1
76 123 -1
76 125 -1
76 128 1
77 126 -1
77 127 -1
77 128 -1
78 87 1
78 109 1
78 129 1
78 130 1
79 110 1
79 123 1
79 129 -1
79 131 1
80 130 -1
80 131 -1
81 6 1
81 35 1
81 132 1
81 133 1
81 134 1
82 36 1
82 132 -1
82 135 1
82 136 1
83 18 1
83 37 1
83 135 -1
83 137 1
83 138 1
84 7 1
84 133 -1
84 139 1
84 140 1
85 19 1
85 137 -1
85 139 -1
85 141 1
86 134 -1
86 136 -1
86 138 -1
86 140 -1
86 141 -1
87 20 1
87 48 1
87 142 1
87 143 1
87 144 1
88 49 1
88 142 -1
88 145 1
88 146 1
89 27 1
89 50 1
89 145 -1
89 147 1
89 148 1
90 21 1
90 143 -1
90 149 1
90 150 1
91 28 1
91 147 -1
91 149 -1
91 151 1
92 144 -1
92 146 -1
92 148 -1
92 150 -1
92 151 -1
93 38 1
93 132 1
93 152 1
93 153 1
94 39 1
94 62 1
94 152 -1
94 154 1
94 155 1
95 8 1
95 133 1
95 156 1
95 157 1
96 134 1
96 153 -1
96 154 -1
96 156 -1
96 158 1
97 63 1
97 155 -1
97 157 -1
97 158 -1
98 40 1
98 135 1
98 159 1
98 160 1
99 41 1
99 152 1
99 159 -1
99 161 1
100 136 1
100 153 1
100 160 -1
100 161 -1
101 51 1
101 142 1
101 162 1
101 163 1
102 42 1
102 76 1
102 159 1
102 164 1
102 165 1
103 52 1
103 77 1
103 162 -1
103 166 1
103 167 1
104 22 1
104 137 1
104 143 1
104 168 1
104 169 1
104 170 1
105 138 1
105 160 1
105 164 -1
105 168 -1
105 171 1
106 144 1
106 163 -1
106 166 -1
106 169 -1
106 172 1
107 78 1
107 165 -1
107 167 -1
107 170 -1
107 171 -1
107 172 -1
108 53 1
108 145 1
108 173 1
108 174 1
109 54 1
109 162 1
109 173 -1
109 175 1
110 146 1
110 163 1
110 174 -1
110 175 -1
111 55 1
111 88 1
111 173 1
111 176 1
111 177 1
112 29 1
112 147 1
112 178 1
112 179 1
113 148 1
113 174 1
113 176 -1
113 178 -1
113 180 1
114 89 1
114 177 -1
114 179 -1
114 180 -1
115 64 1
115 98 1
115 181 1
115 182 1
115 183 1
116 99 1
116 181 -1
116 184 1
116 185 1
117 79 1
117 100 1
117 184 -1
117 186 1
117 187 1
118 154 1
118 161 1
118 164 1
118 188 1
118 189 1
119 65 1
119 155 1
119 182 -1
119 188 -1
119 190 1
119 191 1
120 80 1
120 165 1
120 186 -1
120 189 -1
120 190 -1
120 192 1
121 183 -1
121 185 -1
121 187 -1
121 191 -1
121 192 -1
122 81 1
122 111 1
122 193 1
122 194 1
122 195 1
123 112 1
123 193 -1
123 196 1
123 197 1
124 90 1
124 113 1
124 196 -1
124 198 1
124 199 1
125 166 1
125 175 1
125 176 1
125 200 1
125 201 1
126 82 1
126 167 1
126 194 -1
126 200 -1
126 202 1
126 203 1
127 91 1
127 177 1
127 198 -1
127 201 -1
127 202 -1
127 204 1
128 195 -1
128 197 -1
128 199 -1
128 203 -1
128 204 -1
129 101 1
129 181 1
129 205 1
129 206 1
130 102 1
130 120 1
130 205 -1
130 207 1
130 208 1
131 66 1
131 182 1
131 209 1
131 210 1
132 183 1
132 206 -1
132 207 -1
132 209 -1
132 211 1
133 121 1
133 208 -1
133 210 -1
133 211 -1
134 103 1
134 184 1
134 212 1
134 213 1
135 104 1
135 205 1
135 212 -1
135 214 1
136 185 1
136 206 1
136 213 -1
136 214 -1
137 114 1
137 193 1
137 215 1
137 216 1
138 105 1
138 124 1
138 212 1
138 217 1
138 218 1
139 115 1
139 125 1
139 215 -1
139 219 1
139 220 1
140 83 1
140 186 1
140 194 1
140 221 1
140 222 1
140 223 1
141 187 1
141 213 1
141 217 -1
141 221 -1
141 224 1
142 195 1
142 216 -1
142 219 -1
142 222 -1
142 225 1
143 126 1
143 218 -1
143 220 -1
143 223 -1
143 224 -1
143 225 -1
144 116 1
144 196 1
144 226 1
144 227 1
145 117 1
145 215 1
145 226 -1
145 228 1
146 197 1
146 216 1
146 227 -1
146 228 -1
147 118 1
147 129 1
147 226 1
147 229 1
147 230 1
148 92 1
148 198 1
148 231 1
148 232 1
149 199 1
149 227 1
149 229 -1
149 231 -1
149 233 1
150 130 1
150 230 -1
150 232 -1
150 233 -1
151 207 1
151 214 1
151 217 1
151 234 1
151 235 1
152 122 1
152 208 1
152 234 -1
152 236 1
153 127 1
153 218 1
153 235 -1
153 236 -1
154 219 1
154 228 1
154 229 1
154 237 1
154 238 1
155 128 1
155 220 1
155 237 -1
155 239 1
156 131 1
156 230 1
156 238 -1
156 239 -1
157 139 1
157 240 1
157 241 1
158 140 1
158 156 1
158 240 -1
158 242 1
158 243 1
158 244 1
159 157 1
159 242 -1
159 245 1
160 241 -1
160 243 -1
160 246 1
160 247 1
161 244 -1
161 245 -1
161 246 -1
161 248 1
162 247 -1
162 248 -1
163 149 1
163 249 1
163 250 1
164 141 1
164 168 1
164 240 1
164 251 1
164 252 1
164 253 1
165 150 1
165 169 1
165 249 -1
165 254 1
165 255 1
165 256 1
166 170 1
166 251 -1
166 254 -1
166 257 1
167 241 1
167 252 -1
167 258 1
167 259 1
168 250 -1
168 255 -1
168 260 1
168 261 1
169 253 -1
169 256 -1
169 257 -1
169 258 -1
169 260 -1
169 262 1
170 259 -1
170 261 -1
170 262 -1
171 151 1
171 178 1
171 249 1
171 263 1
171 264 1
171 265 1
172 179 1
172 263 -1
172 266 1
173 250 1
173 264 -1
173 267 1
173 268 1
174 265 -1
174 266 -1
174 267 -1
174 269 1
175 268 -1
175 269 -1
176 158 1
176 188 1
176 242 1
176 270 1
176 271 1
176 272 1
177 171 1
177 189 1
177 251 1
177 270 -1
177 273 1
177 274 1
178 243 1
178 252 1
178 275 1
178 276 1
178 277 1
179 244 1
179 271 -1
179 275 -1
179 278 1
179 279 1
180 276 -1
180 278 -1
180 280 1
180 281 1
181 253 1
181 273 -1
181 277 -1
181 280 -1
181 282 1
182 272 -1
182 274 -1
182 279 -1
182 281 -1
182 282 -1
183 172 1
183 200 1
183 254 1
183 283 1
183 284 1
183 285 1
184 180 1
184 201 1
184 263 1
184 283 -1
184 286 1
184 287 1
185 255 1
185 264 1
185 288 1
185 289 1
185 290 1
186 256 1
186 284 -1
186 288 -1
186 291 1
186 292 1
187 289 -1
187 291 -1
187 293 1
187 294 1
188 265 1
188 286 -1
188 290 -1
188 293 -1
188 295 1
189 285 -1
189 287 -1
189 292 -1
189 294 -1
189 295 -1
190 190 1
190 270 1
190 296 1
190 297 1
191 191 1
191 209 1
191 296 -1
191 298 1
191 299 1
191 300 1
192 210 1
192 298 -1
192 301 1
193 245 1
193 271 1
193 302 1
193 303 1
194 272 1
194 297 -1
194 299 -1
194 302 -1
194 304 1
194 305 1
195 300 -1
195 301 -1
195 304 -1
195 306 1
196 303 -1
196 305 -1
196 306 -1
197 202 1
197 283 1
197 307 1
197 308 1
198 192 1
198 221 1
198 296 1
198 309 1
198 310 1
198 311 1
199 203 1
199 222 1
199 307 -1
199 312 1
199 313 1
199 314 1
200 223 1
200 309 -1
200 312 -1
200 315 1
201 257 1
201 273 1
201 284 1
201 316 1
201 317 1
201 318 1
202 274 1
202 297 1
202 310 -1
202 316 -1
202 319 1
202 320 1
203 285 1
203 308 -1
203 313 -1
203 317 -1
203 321 1
203 322 1
204 311 -1
204 314 -1
204 315 -1
204 319 -1
204 321 -1
204 323 1
205 318 -1
205 320 -1
205 322 -1
205 323 -1
206 204 1
206 231 1
206 307 1
206 324 1
206 325 1
206 326 1
207 232 1
207 324 -1
207 327 1
208 266 1
208 286 1
208 328 1
208 329 1
209 287 1
209 308 1
209 325 -1
209 328 -1
209 330 1
209 331 1
210 326 -1
210 327 -1
210 330 -1
210 332 1
211 329 -1
211 331 -1
211 332 -1
212 211 1
212 234 1
212 298 1
212 333 1
212 334 1
212 335 1
213 224 1
213 235 1
213 309 1
213 333 -1
213 336 1
213 337 1
214 299 1
214 310 1
214 338 1
214 339 1
214 340 1
215 300 1
215 334 -1
215 338 -1
215 341 1
215 342 1
216 339 -1
216 341 -1
216 343 1
216 344 1
217 311 1
217 336 -1
217 340 -1
217 343 -1
217 345 1
218 335 -1
218 337 -1
218 342 -1
218 344 -1
218 345 -1
219 225 1
219 237 1
219 312 1
219 346 1
219 347 1
219 348 1
220 233 1
220 238 1
220 324 1
220 346 -1
220 349 1
220 350 1
221 313 1
221 325 1
221 351 1
221 352 1
221 353 1
222 314 1
222 347 -1
222 351 -1
222 354 1
222 355 1
223 352 -1
223 354 -1
223 356 1
223 357 1
224 326 1
224 349 -1
224 353 -1
224 356 -1
224 358 1
225 348 -1
225 350 -1
225 355 -1
225 357 -1
225 358 -1
226 236 1
226 333 1
226 359 1
227 301 1
227 334 1
227 360 1
227 361 1
228 335 1
228 359 -1
228 360 -1
228 362 1
229 361 -1
229 362 -1
230 239 1
230 346 1
230 363 1
231 315 1
231 336 1
231 347 1
231 364 1
231 365 1
231 366 1
232 337 1
232 359 1
232 364 -1
232 367 1
233 348 1
233 363 -1
233 365 -1
233 368 1
234 366 -1
234 367 -1
234 368 -1
235 327 1
235 349 1
235 369 1
235 370 1
236 350 1
236 363 1
236 369 -1
236 371 1
237 370 -1
237 371 -1
238 246 1
238 275 1
238 372 1
238 373 1
238 374 1
239 276 1
239 372 -1
239 375 1
239 376 1
240 258 1
240 277 1
240 375 -1
240 377 1
240 378 1
241 247 1
241 373 -1
241 379 1
241 380 1
242 259 1
242 377 -1
242 379 -1
242 381 1
243 374 -1
243 376 -1
243 378 -1
243 380 -1
243 381 -1
244 260 1
244 288 1
244 382 1
244 383 1
244 384 1
245 289 1
245 382 -1
245 385 1
245 386 1
246 267 1
246 290 1
246 385 -1
246 387 1
246 388 1
247 261 1
247 383 -1
247 389 1
247 390 1
248 268 1
248 387 -1
248 389 -1
248 391 1
249 384 -1
249 386 -1
249 388 -1
249 390 -1
249 391 -1
250 278 1
250 372 1
250 392 1
250 393 1
251 279 1
251 302 1
251 392 -1
251 394 1
251 395 1
252 248 1
252 373 1
252 396 1
252 397 1
253 374 1
253 393 -1
253 394 -1
253 396 -1
253 398 1
254 303 1
254 395 -1
254 397 -1
254 398 -1
255 280 1
255 375 1
255 399 1
255 400 1
256 281 1
256 392 1
256 399 -1
256 401 1
257 376 1
257 393 1
257 400 -1
257 401 -1
258 291 1
258 382 1
258 402 1
258 403 1
259 282 1
259 316 1
259 399 1
259 404 1
259 405 1
260 292 1
260 317 1
260 402 -1
260 406 1
260 407 1
261 262 1
261 377 1
261 383 1
261 408 1
261 409 1
261 410 1
262 378 1
262 400 1
262 404 -1
262 408 -1
262 411 1
263 384 1
263 403 -1
263 406 -1
263 409 -1
263 412 1
264 318 1
264 405 -1
264 407 -1
264 410 -1
264 411 -1
264 412 -1
265 293 1
265 385 1
265 413 1
265 414 1
266 294 1
266 402 1
266 413 -1
266 415 1
267 386 1
267 403 1
267 414 -1
267 415 -1
268 295 1
268 328 1
268 413 1
268 416 1
268 417 1
269 269 1
269 387 1
269 418 1
269 419 1
270 388 1
270 414 1
270 416 -1
270 418 -1
270 420 1
271 329 1
271 417 -1
271 419 -1
271 420 -1
272 304 1
272 338 1
272 421 1
272 422 1
272 423 1
273 339 1
273 421 -1
273 424 1
273 425 1
274 319 1
274 340 1
274 424 -1
274 426 1
274 427 1
275 394 1
275 401 1
275 404 1
275 428 1
275 429 1
276 305 1
276 395 1
276 422 -1
276 428 -1
276 430 1
276 431 1
277 320 1
277 405 1
277 426 -1
277 429 -1
277 430 -1
277 432 1
278 423 -1
278 425 -1
278 427 -1
278 431 -1
278 432 -1
279 321 1
279 351 1
279 433 1
279 434 1
279 435 1
280 352 1
280 433 -1
280 436 1
280 437 1
281 330 1
281 353 1
281 436 -1
281 438 1
281 439 1
282 406 1
282 415 1
282 416 1
282 440 1
282 441 1
283 322 1
283 407 1
283 434 -1
283 440 -1
283 442 1
283 443 1
284 331 1
284 417 1
284 438 -1
284 441 -1
284 442 -1
284 444 1
285 435 -1
285 437 -1
285 439 -1
285 443 -1
285 444 -1
286 341 1
286 421 1
286 445 1
286 446 1
287 342 1
287 360 1
287 445 -1
287 447 1
287 448 1
288 306 1
288 422 1
288 449 1
288 450 1
289 423 1
289 446 -1
289 447 -1
289 449 -1
289 451 1
290 361 1
290 448 -1
290 450 -1
290 451 -1
291 343 1
291 424 1
291 452 1
291 453 1
292 344 1
292 445 1
292 452 -1
292 454 1
293 425 1
293 446 1
293 453 -1
293 454 -1
294 354 1
294 433 1
294 455 1
294 456 1
295 345 1
295 364 1
295 452 1
295 457 1
295 458 1
296 355 1
296 365 1
296 455 -1
296 459 1
296 460 1
297 323 1
297 426 1
297 434 1
297 461 1
297 462 1
297 463 1
298 427 1
298 453 1
298 457 -1
298 461 -1
298 464 1
299 435 1
299 456 -1
299 459 -1
299 462 -1
299 465 1
300 366 1
300 458 -1
300 460 -1
300 463 -1
300 464 -1
300 465 -1
301 356 1
301 436 1
301 466 1
301 467 1
302 357 1
302 455 1
302 466 -1
302 468 1
303 437 1
303 456 1
303 467 -1
303 468 -1
304 358 1
304 369 1
304 466 1
304 469 1
304 470 1
305 332 1
305 438 1
305 471 1
305 472 1
306 439 1
306 467 1
306 469 -1
306 471 -1
306 473 1
307 370 1
307 470 -1
307 472 -1
307 473 -1
308 447 1
308 454 1
308 457 1
308 474 1
308 475 1
309 362 1
309 448 1
309 474 -1
309 476 1
310 367 1
310 458 1
310 475 -1
310 476 -1
311 459 1
311 468 1
311 469 1
311 477 1
311 478 1
312 368 1
312 460 1
312 477 -1
312 479 1
313 371 1
313 470 1
313 478 -1
313 479 -1
314 379 1
314 480 1
314 481 1
315 380 1
315 396 1
315 480 -1
315 482 1
315 483 1
315 484 1
316 397 1
316 482 -1
316 485 1
317 481 -1
317 483 -1
317 486 1
317 487 1
318 484 -1
318 485 -1
318 486 -1
318 488 1
319 487 -1
319 488 -1
320 389 1
320 489 1
320 490 1
321 381 1
321 408 1
321 480 1
321 491 1
321 492 1
321 493 1
322 390 1
322 409 1
322 489 -1
322 494 1
322 495 1
322 496 1
323 410 1
323 491 -1
323 494 -1
323 497 1
324 481 1
324 492 -1
324 498 1
324 499 1
325 490 -1
325 495 -1
325 500 1
325 501 1
326 493 -1
326 496 -1
326 497 -1
326 498 -1
326 500 -1
326 502 1
327 499 -1
327 501 -1
327 502 -1
328 391 1
328 418 1
328 489 1
328 503 1
328 504 1
328 505 1
329 419 1
329 503 -1
329 506 1
330 490 1
330 504 -1
330 507 1
330 508 1
331 505 -1
331 506 -1
331 507 -1
331 509 1
332 508 -1
332 509 -1
333 398 1
333 428 1
333 482 1
333 510 1
333 511 1
333 512 1
334 411 1
334 429 1
334 491 1
334 510 -1
334 513 1
334 514 1
335 483 1
335 492 1
335 515 1
335 516 1
335 517 1
336 484 1
336 511 -1
336 515 -1
336 518 1
336 519 1
337 516 -1
337 518 -1
337 520 1
337 521 1
338 493 1
338 513 -1
338 517 -1
338 520 -1
338 522 1
339 512 -1
339 514 -1
339 519 -1
339 521 -1
339 522 -1
340 412 1
340 440 1
340 494 1
340 523 1
340 524 1
340 525 1
341 420 1
341 441 1
341 503 1
341 523 -1
341 526 1
341 527 1
342 495 1
342 504 1
342 528 1
342 529 1
342 530 1
343 496 1
343 524 -1
343 528 -1
343 531 1
343 532 1
344 529 -1
344 531 -1
344 533 1
344 534 1
345 505 1
345 526 -1
345 530 -1
345 533 -1
345 535 1
346 525 -1
346 527 -1
346 532 -1
346 534 -1
346 535 -1
347 430 1
347 510 1
347 536 1
347 537 1
348 431 1
348 449 1
348 536 -1
348 538 1
348 539 1
348 540 1
349 450 1
349 538 -1
349 541 1
350 485 1
350 511 1
350 542 1
350 543 1
351 512 1
351 537 -1
351 539 -1
351 542 -1
351 544 1
351 545 1
352 540 -1
352 541 -1
352 544 -1
352 546 1
353 543 -1
353 545 -1
353 546 -1
354 442 1
354 523 1
354 547 1
354 548 1
355 432 1
355 461 1
355 536 1
355 549 1
355 550 1
355 551 1
356 443 1
356 462 1
356 547 -1
356 552 1
356 553 1
356 554 1
357 463 1
357 549 -1
357 552 -1
357 555 1
358 497 1
358 513 1
358 524 1
358 556 1
358 557 1
358 558 1
359 514 1
359 537 1
359 550 -1
359 556 -1
359 559 1
359 560 1
360 525 1
360 548 -1
360 553 -1
360 557 -1
360 561 1
360 562 1
361 551 -1
361 554 -1
361 555 -1
361 559 -1
361 561 -1
361 563 1
362 558 -1
362 560 -1
362 562 -1
362 563 -1
363 444 1
363 471 1
363 547 1
363 564 1
363 565 1
363 566 1
364 472 1
364 564 -1
364 567 1
365 506 1
365 526 1
365 568 1
365 569 1
366 527 1
366 548 1
366 565 -1
366 568 -1
366 570 1
366 571 1
367 566 -1
367 567 -1
367 570 -1
367 572 1
368 569 -1
368 571 -1
368 572 -1
369 451 1
369 474 1
369 538 1
369 573 1
369 574 1
369 575 1
370 464 1
370 475 1
370 549 1
370 573 -1
370 576 1
370 577 1
371 539 1
371 550 1
371 578 1
371 579 1
371 580 1
372 540 1
372 574 -1
372 578 -1
372 581 1
372 582 1
373 579 -1
373 581 -1
373 583 1
373 584 1
374 551 1
374 576 -1
374 580 -1
374 583 -1
374 585 1
375 575 -1
375 577 -1
375 582 -1
375 584 -1
375 585 -1
376 465 1
376 477 1
376 552 1
376 586 1
376 587 1
376 588 1
377 473 1
377 478 1
377 564 1
377 586 -1
377 589 1
377 590 1
378 553 1
378 565 1
378 591 1
378 592 1
378 593 1
379 554 1
379 587 -1
379 591 -1
379 594 1
379 595 1
380 592 -1
380 594 -1
380 596 1
380 597 1
381 566 1
381 589 -1
381 593 -1
381 596 -1
381 598 1
382 588 -1
382 590 -1
382 595 -1
382 597 -1
382 598 -1
383 476 1
383 573 1
383 599 1
384 541 1
384 574 1
384 600 1
384 601 1
385 575 1
385 599 -1
385 600 -1
385 602 1
386 601 -1
386 602 -1
387 479 1
387 586 1
387 603 1
388 555 1
388 576 1
388 587 1
388 604 1
388 605 1
388 606 1
389 577 1
389 599 1
389 604 -1
389 607 1
390 588 1
390 603 -1
390 605 -1
390 608 1
391 606 -1
391 607 -1
391 608 -1
392 567 1
392 589 1
392 609 1
392 610 1
393 590 1
393 603 1
393 609 -1
393 611 1
394 610 -1
394 611 -1
395 486 1
395 515 1
395 612 1
395 613 1
395 614 1
396 516 1
396 612 -1
396 615 1
396 616 1
397 498 1
397 517 1
397 615 -1
397 617 1
397 618 1
398 487 1
398 613 -1
398 619 1
398 620 1
399 499 1
399 617 -1
399 619 -1
399 621 1
400 614 -1
400 616 -1
400 618 -1
400 620 -1
400 621 -1
401 500 1
401 528 1
401 622 1
401 623 1
401 624 1
402 529 1
402 622 -1
402 625 1
402 626 1
403 507 1
403 530 1
403 625 -1
403 627 1
403 628 1
404 501 1
404 623 -1
404 629 1
404 630 1
405 508 1
405 627 -1
405 629 -1
405 631 1
406 624 -1
406 626 -1
406 628 -1
406 630 -1
406 631 -1
407 518 1
407 612 1
407 632 1
407 633 1
408 519 1
408 542 1
408 632 -1
408 634 1
408 635 1
409 488 1
409 613 1
409 636 1
409 637 1
410 614 1
410 633 -1
410 634 -1
410 636 -1
410 638 1
411 543 1
411 635 -1
411 637 -1
411 638 -1
412 520 1
412 615 1
412 639 1
412 640 1
413 521 1
413 632 1
413 639 -1
413 641 1
414 616 1
414 633 1
414 640 -1
414 641 -1
415 531 1
415 622 1
415 642 1
415 643 1
416 522 1
416 556 1
416 639 1
416 644 1
416 645 1
417 532 1
417 557 1
417 642 -1
417 646 1
417 647 1
418 502 1
418 617 1
418 623 1
418 648 1
418 649 1
418 650 1
419 618 1
419 640 1
419 644 -1
419 648 -1
419 651 1
420 624 1
420 643 -1
420 646 -1
420 649 -1
420 652 1
421 558 1
421 645 -1
421 647 -1
421 650 -1
421 651 -1
421 652 -1
422 533 1
422 625 1
422 653 1
422 654 1
423 534 1
423 642 1
423 653 -1
423 655 1
424 626 1
424 643 1
424 654 -1
424 655 -1
425 535 1
425 568 1
425 653 1
425 656 1
425 657 1
426 509 1
426 627 1
426 658 1
426 659 1
427 628 1
427 654 1
427 656 -1
427 658 -1
427 660 1
428 569 1
428 657 -1
428 659 -1
428 660 -1
429 544 1
429 578 1
429 661 1
429 662 1
429 663 1
430 579 1
430 661 -1
430 664 1
430 665 1
431 559 1
431 580 1
431 664 -1
431 666 1
431 667 1
432 634 1
432 641 1
432 644 1
432 668 1
432 669 1
433 545 1
433 635 1
433 662 -1
433 668 -1
433 670 1
433 671 1
434 560 1
434 645 1
434 666 -1
434 669 -1
434 670 -1
434 672 1
435 663 -1
435 665 -1
435 667 -1
435 671 -1
435 672 -1
436 561 1
436 591 1
436 673 1
436 674 1
436 675 1
437 592 1
437 673 -1
437 676 1
437 677 1
438 570 1
438 593 1
438 676 -1
438 678 1
438 679 1
439 646 1
439 655 1
439 656 1
439 680 1
439 681 1
440 562 1
440 647 1
440 674 -1
440 680 -1
440 682 1
440 683 1
441 571 1
441 657 1
441 678 -1
441 681 -1
441 682 -1
441 684 1
442 675 -1
442 677 -1
442 679 -1
442 683 -1
442 684 -1
443 581 1
443 661 1
443 685 1
443 686 1
444 582 1
444 600 1
444 685 -1
444 687 1
444 688 1
445 546 1
445 662 1
445 689 1
445 690 1
446 663 1
446 686 -1
446 687 -1
446 689 -1
446 691 1
447 601 1
447 688 -1
447 690 -1
447 691 -1
448 583 1
448 664 1
448 692 1
448 693 1
449 584 1
449 685 1
449 692 -1
449 694 1
450 665 1
450 686 1
450 693 -1
450 694 -1
451 594 1
451 673 1
451 695 1
451 696 1
452 585 1
452 604 1
452 692 1
452 697 1
452 698 1
453 595 1
453 605 1
453 695 -1
453 699 1
453 700 1
454 563 1
454 666 1
454 674 1
454 701 1
454 702 1
454 703 1
455 667 1
455 693 1
455 697 -1
455 701 -1
455 704 1
456 675 1
456 696 -1
456 699 -1
456 702 -1
456 705 1
457 606 1
457 698 -1
457 700 -1
457 703 -1
457 704 -1
457 705 -1
458 596 1
458 676 1
458 706 1
458 707 1
459 597 1
459 695 1
459 706 -1
459 708 1
460 677 1
460 696 1
460 707 -1
460 708 -1
461 598 1
461 609 1
461 706 1
461 709 1
461 710 1
462 572 1
462 678 1
462 711 1
462 712 1
463 679 1
463 707 1
463 709 -1
463 711 -1
463 713 1
464 610 1
464 710 -1
464 712 -1
464 713 -1
465 687 1
465 694 1
465 697 1
465 714 1
465 715 1
466 602 1
466 688 1
466 714 -1
466 716 1
467 607 1
467 698 1
467 715 -1
467 716 -1
468 699 1
468 708 1
468 709 1
468 717 1
468 718 1
469 608 1
469 700 1
469 717 -1
469 719 1
470 611 1
470 710 1
470 718 -1
470 719 -1
471 619 1
471 720 1
471 721 1
472 620 1
472 636 1
472 720 -1
472 722 1
472 723 1
472 724 1
473 637 1
473 722 -1
473 725 1
474 721 -1
474 723 -1
474 726 1
474 727 1
475 724 -1
475 725 -1
475 726 -1
475 728 1
476 727 -1
476 728 -1
477 629 1
477 729 1
477 730 1
478 621 1
478 648 1
478 720 1
478 731 1
478 732 1
478 733 1
479 630 1
479 649 1
479 729 -1
479 734 1
479 735 1
479 736 1
480 650 1
480 731 -1
480 734 -1
480 737 1
481 721 1
481 732 -1
481 738 1
481 739 1
482 730 -1
482 735 -1
482 740 1
482 741 1
483 733 -1
483 736 -1
483 737 -1
483 738 -1
483 740 -1
483 742 1
484 739 -1
484 741 -1
484 742 -1
485 631 1
485 658 1
485 729 1
485 743 1
485 744 1
485 745 1
486 659 1
486 743 -1
486 746 1
487 730 1
487 744 -1
487 747 1
487 748 1
488 745 -1
488 746 -1
488 747 -1
488 749 1
489 748 -1
489 749 -1
490 638 1
490 668 1
490 722 1
490 750 1
490 751 1
490 752 1
491 651 1
491 669 1
491 731 1
491 750 -1
491 753 1
491 754 1
492 723 1
492 732 1
492 755 1
492 756 1
492 757 1
493 724 1
493 751 -1
493 755 -1
493 758 1
493 759 1
494 756 -1
494 758 -1
494 760 1
494 761 1
495 733 1
495 753 -1
495 757 -1
495 760 -1
495 762 1
496 752 -1
496 754 -1
496 759 -1
496 761 -1
496 762 -1
497 652 1
497 680 1
497 734 1
497 763 1
497 764 1
497 765 1
498 660 1
498 681 1
498 743 1
498 763 -1
498 766 1
498 767 1
499 735 1
499 744 1
499 768 1
499 769 1
499 770 1
500 736 1
500 764 -1
500 768 -1
500 771 1
500 772 1
501 769 -1
501 771 -1
501 773 1
501 774 1
502 745 1
502 766 -1
502 770 -1
502 773 -1
502 775 1
503 765 -1
503 767 -1
503 772 -1
503 774 -1
503 775 -1
504 670 1
504 750 1
504 776 1
504 777 1
505 671 1
505 689 1
505 776 -1
505 778 1
505 779 1
505 780 1
506 690 1
506 778 -1
506 781 1
507 725 1
507 751 1
507 782 1
507 783 1
508 752 1
508 777 -1
508 779 -1
508 782 -1
508 784 1
508 785 1
509 780 -1
509 781 -1
509 784 -1
509 786 1
510 783 -1
510 785 -1
510 786 -1
511 682 1
511 763 1
511 787 1
511 788 1
512 672 1
512 701 1
512 776 1
512 789 1
512 790 1
512 791 1
513 683 1
513 702 1
513 787 -1
513 792 1
513 793 1
513 794 1
514 703 1
514 789 -1
514 792 -1
514 795 1
515 737 1
515 753 1
515 764 1
515 796 1
515 797 1
515 798 1
516 754 1
516 777 1
516 790 -1
516 796 -1
516 799 1
516 800 1
517 765 1
517 788 -1
517 793 -1
517 797 -1
517 801 1
517 802 1
518 791 -1
518 794 -1
518 795 -1
518 799 -1
518 801 -1
518 803 1
519 798 -1
519 800 -1
519 802 -1
519 803 -1
520 684 1
520 711 1
520 787 1
520 804 1
520 805 1
520 806 1
521 712 1
521 804 -1
521 807 1
522 746 1
522 766 1
522 808 1
522 809 1
523 767 1
523 788 1
523 805 -1
523 808 -1
523 810 1
523 811 1
524 806 -1
524 807 -1
524 810 -1
524 812 1
525 809 -1
525 811 -1
525 812 -1
526 691 1
526 714 1
526 778 1
526 813 1
526 814 1
526 815 1
527 704 1
527 715 1
527 789 1
527 813 -1
527 816 1
527 817 1
528 779 1
528 790 1
528 818 1
528 819 1
528 820 1
529 780 1
529 814 -1
529 818 -1
529 821 1
529 822 1
530 819 -1
530 821 -1
530 823 1
530 824 1
531 791 1
531 816 -1
531 820 -1
531 823 -1
531 825 1
532 815 -1
532 817 -1
532 822 -1
532 824 -1
532 825 -1
533 705 1
533 717 1
533 792 1
533 826 1
533 827 1
533 828 1
534 713 1
534 718 1
534 804 1
534 826 -1
534 829 1
534 830 1
535 793 1
535 805 1
535 831 1
535 832 1
535 833 1
536 794 1
536 827 -1
536 831 -1
536 834 1
536 835 1
537 832 -1
537 834 -1
537 836 1
537 837 1
538 806 1
538 829 -1
538 833 -1
538 836 -1
538 838 1
539 828 -1
539 830 -1
539 835 -1
539 837 -1
539 838 -1
540 716 1
540 813 1
540 839 1
541 781 1
541 814 1
541 840 1
541 841 1
542 815 1
542 839 -1
542 840 -1
542 842 1
543 841 -1
543 842 -1
544 719 1
544 826 1
544 843 1
545 795 1
545 816 1
545 827 1
545 844 1
545 845 1
545 846 1
546 817 1
546 839 1
546 844 -1
546 847 1
547 828 1
547 843 -1
547 845 -1
547 848 1
548 846 -1
548 847 -1
548 848 -1
549 807 1
549 829 1
549 849 1
549 850 1
550 830 1
550 843 1
550 849 -1
550 851 1
551 850 -1
551 851 -1
552 726 1
552 755 1
552 852 1
552 853 1
552 854 1
553 756 1
553 852 -1
553 855 1
553 856 1
554 738 1
554 757 1
554 855 -1
554 857 1
554 858 1
555 727 1
555 853 -1
555 859 1
555 860 1
556 739 1
556 857 -1
556 859 -1
556 861 1
557 854 -1
557 856 -1
557 858 -1
557 860 -1
557 861 -1
558 740 1
558 768 1
558 862 1
558 863 1
558 864 1
559 769 1
559 862 -1
559 865 1
559 866 1
560 747 1
560 770 1
560 865 -1
560 867 1
560 868 1
561 741 1
561 863 -1
561 869 1
561 870 1
562 748 1
562 867 -1
562 869 -1
562 871 1
563 864 -1
563 866 -1
563 868 -1
563 870 -1
563 871 -1
564 758 1
564 852 1
564 872 1
564 873 1
565 759 1
565 782 1
565 872 -1
565 874 1
565 875 1
566 728 1
566 853 1
566 876 1
566 877 1
567 854 1
567 873 -1
567 874 -1
567 876 -1
567 878 1
568 783 1
568 875 -1
568 877 -1
568 878 -1
569 760 1
569 855 1
569 879 1
569 880 1
570 761 1
570 872 1
570 879 -1
570 881 1
571 856 1
571 873 1
571 880 -1
571 881 -1
572 771 1
572 862 1
572 882 1
572 883 1
573 762 1
573 796 1
573 879 1
573 884 1
573 885 1
574 772 1
574 797 1
574 882 -1
574 886 1
574 887 1
575 742 1
575 857 1
575 863 1
575 888 1
575 889 1
575 890 1
576 858 1
576 880 1
576 884 -1
576 888 -1
576 891 1
577 864 1
577 883 -1
577 886 -1
577 889 -1
577 892 1
578 798 1
578 885 -1
578 887 -1
578 890 -1
578 891 -1
578 892 -1
579 773 1
579 865 1
579 893 1
579 894 1
580 774 1
580 882 1
580 893 -1
580 895 1
581 866 1
581 883 1
581 894 -1
581 895 -1
582 775 1
582 808 1
582 893 1
582 896 1
582 897 1
583 749 1
583 867 1
583 898 1
583 899 1
584 868 1
584 894 1
584 896 -1
584 898 -1
584 900 1
585 809 1
585 897 -1
585 899 -1
585 900 -1
586 784 1
586 818 1
586 901 1
586 902 1
586 903 1
587 819 1
587 901 -1
587 904 1
587 905 1
588 799 1
588 820 1
588 904 -1
588 906 1
588 907 1
589 874 1
589 881 1
589 884 1
589 908 1
589 909 1
590 785 1
590 875 1
590 902 -1
590 908 -1
590 910 1
590 911 1
591 800 1
591 885 1
591 906 -1
591 909 -1
591 910 -1
591 912 1
592 903 -1
592 905 -1
592 907 -1
592 911 -1
592 912 -1
593 801 1
593 831 1
593 913 1
593 914 1
593 915 1
594 832 1
594 913 -1
594 916 1
594 917 1
595 810 1
595 833 1
595 916 -1
595 918 1
595 919 1
596 886 1
596 895 1
596 896 1
596 920 1
596 921 1
597 802 1
597 887 1
597 914 -1
597 920 -1
597 922 1
597 923 1
598 811 1
598 897 1
598 918 -1
598 921 -1
598 922 -1
598 924 1
599 915 -1
599 917 -1
599 919 -1
599 923 -1
599 924 -1
600 821 1
600 901 1
600 925 1
600 926 1
601 822 1
601 840 1
601 925 -1
601 927 1
601 928 1
602 786 1
602 902 1
602 929 1
602 930 1
603 903 1
603 926 -1
603 927 -1
603 929 -1
603 931 1
604 841 1
604 928 -1
604 930 -1
604 931 -1
605 823 1
605 904 1
605 932 1
605 933 1
606 824 1
606 925 1
606 932 -1
606 934 1
607 905 1
607 926 1
607 933 -1
607 934 -1
608 834 1
608 913 1
608 935 1
608 936 1
609 825 1
609 844 1
609 932 1
609 937 1
609 938 1
610 835 1
610 845 1
610 935 -1
610 939 1
610 940 1
611 803 1
611 906 1
611 914 1
611 941 1
611 942 1
611 943 1
612 907 1
612 933 1
612 937 -1
612 941 -1
612 944 1
613 915 1
613 936 -1
613 939 -1
613 942 -1
613 945 1
614 846 1
614 938 -1
614 940 -1
614 943 -1
614 944 -1
614 945 -1
615 836 1
615 916 1
615 946 1
615 947 1
616 837 1
616 935 1
616 946 -1
616 948 1
617 917 1
617 936 1
617 947 -1
617 948 -1
618 838 1
618 849 1
618 946 1
618 949 1
618 950 1
619 812 1
619 918 1
619 951 1
619 952 1
620 919 1
620 947 1
620 949 -1
620 951 -1
620 953 1
621 850 1
621 950 -1
621 952 -1
621 953 -1
622 927 1
622 934 1
622 937 1
622 954 1
622 955 1
623 842 1
623 928 1
623 954 -1
623 956 1
624 847 1
624 938 1
624 955 -1
624 956 -1
625 939 1
625 948 1
625 949 1
625 957 1
625 958 1
626 848 1
626 940 1
626 957 -1
626 959 1
627 851 1
627 950 1
627 958 -1
627 959 -1
628 859 1
628 960 1
628 961 1
629 860 1
629 876 1
629 960 -1
629 962 1
629 963 1
629 964 1
630 877 1
630 962 -1
630 965 1
631 961 -1
631 963 -1
631 966 1
631 967 1
632 964 -1
632 965 -1
632 966 -1
632 968 1
633 967 -1
633 968 -1
634 869 1
634 969 1
634 970 1
635 861 1
635 888 1
635 960 1
635 971 1
635 972 1
635 973 1
636 870 1
636 889 1
636 969 -1
636 974 1
636 975 1
636 976 1
637 890 1
637 971 -1
637 974 -1
637 977 1
638 961 1
638 972 -1
638 978 1
638 979 1
639 970 -1
639 975 -1
639 980 1
639 981 1
640 973 -1
640 976 -1
640 977 -1
640 978 -1
640 980 -1
640 982 1
641 979 -1
641 981 -1
641 982 -1
642 871 1
642 898 1
642 969 1
642 983 1
642 984 1
642 985 1
643 899 1
643 983 -1
643 986 1
644 970 1
644 984 -1
644 987 1
644 988 1
645 985 -1
645 986 -1
645 987 -1
645 989 1
646 988 -1
646 989 -1
647 878 1
647 908 1
647 962 1
647 990 1
647 991 1
647 992 1
648 891 1
648 909 1
648 971 1
648 990 -1
648 993 1
648 994 1
649 963 1
649 972 1
649 995 1
649 996 1
649 997 1
650 964 1
650 991 -1
650 995 -1
650 998 1
650 999 1
651 996 -1
651 998 -1
651 1000 1
651 1001 1
652 973 1
652 993 -1
652 997 -1
652 1000 -1
652 1002 1
653 992 -1
653 994 -1
653 999 -1
653 1001 -1
653 1002 -1
654 892 1
654 920 1
654 974 1
654 1003 1
654 1004 1
654 1005 1
655 900 1
655 921 1
655 983 1
655 1003 -1
655 1006 1
655 1007 1
656 975 1
656 984 1
656 1008 1
656 1009 1
656 1010 1
657 976 1
657 1004 -1
657 1008 -1
657 1011 1
657 1012 1
658 1009 -1
658 1011 -1
658 1013 1
658 1014 1
659 985 1
659 1006 -1
659 1010 -1
659 1013 -1
659 1015 1
660 1005 -1
660 1007 -1
660 1012 -1
660 1014 -1
660 1015 -1
661 910 1
661 990 1
661 1016 1
661 1017 1
662 911 1
662 929 1
662 1016 -1
662 1018 1
662 1019 1
662 1020 1
663 930 1
663 1018 -1
663 1021 1
664 965 1
664 991 1
664 1022 1
664 1023 1
665 992 1
665 1017 -1
665 1019 -1
665 1022 -1
665 1024 1
665 1025 1
666 1020 -1
666 1021 -1
666 1024 -1
666 1026 1
667 1023 -1
667 1025 -1
667 1026 -1
668 922 1
668 1003 1
668 1027 1
668 1028 1
669 912 1
669 941 1
669 1016 1
669 1029 1
669 1030 1
669 1031 1
670 923 1
670 942 1
670 1027 -1
670 1032 1
670 1033 1
670 1034 1
671 943 1
671 1029 -1
671 1032 -1
671 1035 1
672 977 1
672 993 1
672 1004 1
672 1036 1
672 1037 1
672 1038 1
673 994 1
673 1017 1
673 1030 -1
673 1036 -1
673 1039 1
673 1040 1
674 1005 1
674 1028 -1
674 1033 -1
674 1037 -1
674 1041 1
674 1042 1
675 1031 -1
675 1034 -1
675 1035 -1
675 1039 -1
675 1041 -1
675 1043 1
676 1038 -1
676 1040 -1
676 1042 -1
676 1043 -1
677 924 1
677 951 1
677 1027 1
677 1044 1
677 1045 1
677 1046 1
678 952 1
678 1044 -1
678 1047 1
679 986 1
679 1006 1
679 1048 1
679 1049 1
680 1007 1
680 1028 1
680 1045 -1
680 1048 -1
680 1050 1
680 1051 1
681 1046 -1
681 1047 -1
681 1050 -1
681 1052 1
682 1049 -1
682 1051 -1
682 1052 -1
683 931 1
683 954 1
683 1018 1
683 1053 1
683 1054 1
683 1055 1
684 944 1
684 955 1
684 1029 1
684 1053 -1
684 1056 1
684 1057 1
685 1019 1
685 1030 1
685 1058 1
685 1059 1
685 1060 1
686 1020 1
686 1054 -1
686 1058 -1
686 1061 1
686 1062 1
687 1059 -1
687 1061 -1
687 1063 1
687 1064 1
688 1031 1
688 1056 -1
688 1060 -1
688 1063 -1
688 1065 1
689 1055 -1
689 1057 -1
689 1062 -1
689 1064 -1
689 1065 -1
690 945 1
690 957 1
690 1032 1
690 1066 1
690 1067 1
690 1068 1
691 953 1
691 958 1
691 1044 1
691 1066 -1
691 1069 1
691 1070 1
692 1033 1
692 1045 1
692 1071 1
692 1072 1
692 1073 1
693 1034 1
693 1067 -1
693 1071 -1
693 1074 1
693 1075 1
694 1072 -1
694 1074 -1
694 1076 1
694 1077 1
695 1046 1
695 1069 -1
695 1073 -1
695 1076 -1
695 1078 1
696 1068 -1
696 1070 -1
696 1075 -1
696 1077 -1
696 1078 -1
697 956 1
697 1053 1
697 1079 1
698 1021 1
698 1054 1
698 1080 1
698 1081 1
699 1055 1
699 1079 -1
699 1080 -1
699 1082 1
700 1081 -1
700 1082 -1
701 959 1
701 1066 1
701 1083 1
702 1035 1
702 1056 1
702 1067 1
702 1084 1
702 1085 1
702 1086 1
703 1057 1
703 1079 1
703 1084 -1
703 1087 1
704 1068 1
704 1083 -1
704 1085 -1
704 1088 1
705 1086 -1
705 1087 -1
705 1088 -1
706 1047 1
706 1069 1
706 1089 1
706 1090 1
707 1070 1
707 1083 1
707 1089 -1
707 1091 1
708 1090 -1
708 1091 -1
709 966 1
709 995 1
709 1092 1
709 1093 1
709 1094 1
710 996 1
710 1092 -1
710 1095 1
710 1096 1
711 978 1
711 997 1
711 1095 -1
711 1097 1
711 1098 1
712 967 1
712 1093 -1
712 1099 1
712 1100 1
713 979 1
713 1097 -1
713 1099 -1
713 1101 1
714 1094 -1
714 1096 -1
714 1098 -1
714 1100 -1
714 1101 -1
715 980 1
715 1008 1
715 1102 1
715 1103 1
715 1104 1
716 1009 1
716 1102 -1
716 1105 1
716 1106 1
717 987 1
717 1010 1
717 1105 -1
717 1107 1
717 1108 1
718 981 1
718 1103 -1
718 1109 1
718 1110 1
719 988 1
719 1107 -1
719 1109 -1
719 1111 1
720 1104 -1
720 1106 -1
720 1108 -1
720 1110 -1
720 1111 -1
721 998 1
721 1092 1
721 1112 1
721 1113 1
722 999 1
722 1022 1
722 1112 -1
722 1114 1
722 1115 1
723 968 1
723 1093 1
723 1116 1
723 1117 1
724 1094 1
724 1113 -1
724 1114 -1
724 1116 -1
724 1118 1
725 1023 1
725 1115 -1
725 1117 -1
725 1118 -1
726 1000 1
726 1095 1
726 1119 1
726 1120 1
727 1001 1
727 1112 1
727 1119 -1
727 1121 1
728 1096 1
728 1113 1
728 1120 -1
728 1121 -1
729 1011 1
729 1102 1
729 1122 1
729 1123 1
730 1002 1
730 1036 1
730 1119 1
730 1124 1
730 1125 1
731 1012 1
731 1037 1
731 1122 -1
731 1126 1
731 1127 1
732 982 1
732 1097 1
732 1103 1
732 1128 1
732 1129 1
732 1130 1
733 1098 1
733 1120 1
733 1124 -1
733 1128 -1
733 1131 1
734 1104 1
734 1123 -1
734 1126 -1
734 1129 -1
734 1132 1
735 1038 1
735 1125 -1
735 1127 -1
735 1130 -1
735 1131 -1
735 1132 -1
736 1013 1
736 1105 1
736 1133 1
736 1134 1
737 1014 1
737 1122 1
737 1133 -1
737 1135 1
738 1106 1
738 1123 1
738 1134 -1
738 1135 -1
739 1015 1
739 1048 1
739 1133 1
739 1136 1
739 1137 1
740 989 1
740 1107 1
740 1138 1
740 1139 1
741 1108 1
741 1134 1
741 1136 -1
741 1138 -1
741 1140 1
742 1049 1
742 1137 -1
742 1139 -1
742 1140 -1
743 1024 1
743 1058 1
743 1141 1
743 1142 1
743 1143 1
744 1059 1
744 1141 -1
744 1144 1
744 1145 1
745 1039 1
745 1060 1
745 1144 -1
745 1146 1
745 1147 1
746 1114 1
746 1121 1
746 1124 1
746 1148 1
746 1149 1
747 1025 1
747 1115 1
747 1142 -1
747 1148 -1
747 1150 1
747 1151 1
748 1040 1
748 1125 1
748 1146 -1
748 1149 -1
748 1150 -1
748 1152 1
749 1143 -1
749 1145 -1
749 1147 -1
749 1151 -1
749 1152 -1
750 1041 1
750 1071 1
750 1153 1
750 1154 1
750 1155 1
751 1072 1
751 1153 -1
751 1156 1
751 1157 1
752 1050 1
752 1073 1
752 1156 -1
752 1158 1
752 1159 1
753 1126 1
753 1135 1
753 1136 1
753 1160 1
753 1161 1
754 1042 1
754 1127 1
754 1154 -1
754 1160 -1
754 1162 1
754 1163 1
755 1051 1
755 1137 1
755 1158 -1
755 1161 -1
755 1162 -1
755 1164 1
756 1155 -1
756 1157 -1
756 1159 -1
756 1163 -1
756 1164 -1
757 1061 1
757 1141 1
757 1165 1
757 1166 1
758 1062 1
758 1080 1
758 1165 -1
758 1167 1
758 1168 1
759 1026 1
759 1142 1
759 1169 1
759 1170 1
760 1143 1
760 1166 -1
760 1167 -1
760 1169 -1
760 1171 1
761 1081 1
761 1168 -1
761 1170 -1
761 1171 -1
762 1063 1
762 1144 1
762 1172 1
762 1173 1
763 1064 1
763 1165 1
763 1172 -1
763 1174 1
764 1145 1
764 1166 1
764 1173 -1
764 1174 -1
765 1074 1
765 1153 1
765 1175 1
765 1176 1
766 1065 1
766 1084 1
766 1172 1
766 1177 1
766 1178 1
767 1075 1
767 1085 1
767 1175 -1
767 1179 1
767 1180 1
768 1043 1
768 1146 1
768 1154 1
768 1181 1
768 1182 1
768 1183 1
769 1147 1
769 1173 1
769 1177 -1
769 1181 -1
769 1184 1
770 1155 1
770 1176 -1
770 1179 -1
770 1182 -1
770 1185 1
771 1086 1
771 1178 -1
771 1180 -1
771 1183 -1
771 1184 -1
771 1185 -1
772 1076 1
772 1156 1
772 1186 1
772 1187 1
773 1077 1
773 1175 1
773 1186 -1
773 1188 1
774 1157 1
774 1176 1
774 1187 -1
774 1188 -1
775 1078 1
775 1089 1
775 1186 1
775 1189 1
775 1190 1
776 1052 1
776 1158 1
776 1191 1
776 1192 1
777 1159 1
777 1187 1
777 1189 -1
777 1191 -1
777 1193 1
778 1090 1
778 1190 -1
778 1192 -1
778 1193 -1
779 1167 1
779 1174 1
779 1177 1
779 1194 1
779 1195 1
780 1082 1
780 1168 1
780 1194 -1
780 1196 1
781 1087 1
781 1178 1
781 1195 -1
781 1196 -1
782 1179 1
782 1188 1
782 1189 1
782 1197 1
782 1198 1
783 1088 1
783 1180 1
783 1197 -1
783 1199 1
784 1091 1
784 1190 1
784 1198 -1
784 1199 -1
785 1099 1
785 1200 1
785 1201 1
786 1100 1
786 1116 1
786 1200 -1
786 1202 1
786 1203 1
786 1204 1
787 1117 1
787 1202 -1
787 1205 1
788 1201 -1
788 1203 -1
788 1206 1
788 1207 1
789 1204 -1
789 1205 -1
789 1206 -1
789 1208 1
790 1207 -1
790 1208 -1
791 1109 1
791 1209 1
791 1210 1
792 1101 1
792 1128 1
792 1200 1
792 1211 1
792 1212 1
792 1213 1
793 1110 1
793 1129 1
793 1209 -1
793 1214 1
793 1215 1
793 1216 1
794 1130 1
794 1211 -1
794 1214 -1
794 1217 1
795 1201 1
795 1212 -1
795 1218 1
795 1219 1
796 1210 -1
796 1215 -1
796 1220 1
796 1221 1
797 1213 -1
797 1216 -1
797 1217 -1
797 1218 -1
797 1220 -1
797 1222 1
798 1219 -1
798 1221 -1
798 1222 -1
799 1111 1
799 1138 1
799 1209 1
799 1223 1
799 1224 1
799 1225 1
800 1139 1
800 1223 -1
800 1226 1
801 1210 1
801 1224 -1
801 1227 1
801 1228 1
802 1225 -1
802 1226 -1
802 1227 -1
802 1229 1
803 1228 -1
803 1229 -1
804 1118 1
804 1148 1
804 1202 1
804 1230 1
804 1231 1
804 1232 1
805 1131 1
805 1149 1
805 1211 1
805 1230 -1
805 1233 1
805 1234 1
806 1203 1
806 1212 1
806 1235 1
806 1236 1
806 1237 1
807 1204 1
807 1231 -1
807 1235 -1
807 1238 1
807 1239 1
808 1236 -1
808 1238 -1
808 1240 1
808 1241 1
809 1213 1
809 1233 -1
809 1237 -1
809 1240 -1
809 1242 1
810 1232 -1
810 1234 -1
810 1239 -1
810 1241 -1
810 1242 -1
811 1132 1
811 1160 1
811 1214 1
811 1243 1
811 1244 1
811 1245 1
812 1140 1
812 1161 1
812 1223 1
812 1243 -1
812 1246 1
812 1247 1
813 1215 1
813 1224 1
813 1248 1
813 1249 1
813 1250 1
814 1216 1
814 1244 -1
814 1248 -1
814 1251 1
814 1252 1
815 1249 -1
815 1251 -1
815 1253 1
815 1254 1
816 1225 1
816 1246 -1
816 1250 -1
816 1253 -1
816 1255 1
817 1245 -1
817 1247 -1
817 1252 -1
817 1254 -1
817 1255 -1
818 1150 1
818 1230 1
818 1256 1
818 1257 1
819 1151 1
819 1169 1
819 1256 -1
819 1258 1
819 1259 1
819 1260 1
820 1170 1
820 1258 -1
820 1261 1
821 1205 1
821 1231 1
821 1262 1
821 1263 1
822 1232 1
822 1257 -1
822 1259 -1
822 1262 -1
822 1264 1
822 1265 1
823 1260 -1
823 1261 -1
823 1264 -1
823 1266 1
824 1263 -1
824 1265 -1
824 1266 -1
825 1162 1
825 1243 1
825 1267 1
825 1268 1
826 1152 1
826 1181 1
826 1256 1
826 1269 1
826 1270 1
826 1271 1
827 1163 1
827 1182 1
827 1267 -1
827 1272 1
827 1273 1
827 1274 1
828 1183 1
828 1269 -1
828 1272 -1
828 1275 1
829 1217 1
829 1233 1
829 1244 1
829 1276 1
829 1277 1
829 1278 1
830 1234 1
830 1257 1
830 1270 -1
830 1276 -1
830 1279 1
830 1280 1
831 1245 1
831 1268 -1
831 1273 -1
831 1277 -1
831 1281 1
831 1282 1
832 1271 -1
832 1274 -1
832 1275 -1
832 1279 -1
832 1281 -1
832 1283 1
833 1278 -1
833 1280 -1
833 1282 -1
833 1283 -1
834 1164 1
834 1191 1
834 1267 1
834 1284 1
834 1285 1
834 1286 1
835 1192 1
835 1284 -1
835 1287 1
836 1226 1
836 1246 1
836 1288 1
836 1289 1
837 1247 1
837 1268 1
837 1285 -1
837 1288 -1
837 1290 1
837 1291 1
838 1286 -1
838 1287 -1
838 1290 -1
838 1292 1
839 1289 -1
839 1291 -1
839 1292 -1
840 1171 1
840 1194 1
840 1258 1
840 1293 1
840 1294 1
840 1295 1
841 1184 1
841 1195 1
841 1269 1
841 1293 -1
841 1296 1
841 1297 1
842 1259 1
842 1270 1
842 1298 1
842 1299 1
842 1300 1
843 1260 1
843 1294 -1
843 1298 -1
843 1301 1
843 1302 1
844 1299 -1
844 1301 -1
844 1303 1
844 1304 1
845 1271 1
845 1296 -1
845 1300 -1
845 1303 -1
845 1305 1
846 1295 -1
846 1297 -1
846 1302 -1
846 1304 -1
846 1305 -1
847 1185 1
847 1197 1
847 1272 1
847 1306 1
847 1307 1
847 1308 1
848 1193 1
848 1198 1
848 1284 1
848 1306 -1
848 1309 1
848 1310 1
849 1273 1
849 1285 1
849 1311 1
849 1312 1
849 1313 1
850 1274 1
850 1307 -1
850 1311 -1
850 1314 1
850 1315 1
851 1312 -1
851 1314 -1
851 1316 1
851 1317 1
852 1286 1
852 1309 -1
852 1313 -1
852 1316 -1
852 1318 1
853 1308 -1
853 1310 -1
853 1315 -1
853 1317 -1
853 1318 -1
854 1196 1
854 1293 1
854 1319 1
855 1261 1
855 1294 1
855 1320 1
855 1321 1
856 1295 1
856 1319 -1
856 1320 -1
856 1322 1
857 1321 -1
857 1322 -1
858 1199 1
858 1306 1
858 1323 1
859 1275 1
859 1296 1
859 1307 1
859 1324 1
859 1325 1
859 1326 1
860 1297 1
860 1319 1
860 1324 -1
860 1327 1
861 1308 1
861 1323 -1
861 1325 -1
861 1328 1
862 1326 -1
862 1327 -1
862 1328 -1
863 1287 1
863 1309 1
863 1329 1
863 1330 1
864 1310 1
864 1323 1
864 1329 -1
864 1331 1
865 1330 -1
865 1331 -1
866 1206 1
866 1235 1
866 1332 1
866 1333 1
866 1334 1
867 1236 1
867 1332 -1
867 1335 1
867 1336 1
868 1218 1
868 1237 1
868 1335 -1
868 1337 1
868 1338 1
869 1207 1
869 1333 -1
869 1339 1
869 1340 1
870 1219 1
870 1337 -1
870 1339 -1
870 1341 1
871 1334 -1
871 1336 -1
871 1338 -1
871 1340 -1
871 1341 -1
872 1220 1
872 1248 1
872 1342 1
872 1343 1
872 1344 1
873 1249 1
873 1342 -1
873 1345 1
873 1346 1
874 1227 1
874 1250 1
874 1345 -1
874 1347 1
874 1348 1
875 1221 1
875 1343 -1
875 1349 1
875 1350 1
876 1228 1
876 1347 -1
876 1349 -1
876 1351 1
877 1344 -1
877 1346 -1
877 1348 -1
877 1350 -1
877 1351 -1
878 1238 1
878 1332 1
878 1352 1
878 1353 1
879 1239 1
879 1262 1
879 1352 -1
879 1354 1
879 1355 1
880 1208 1
880 1333 1
880 1356 1
880 1357 1
881 1334 1
881 1353 -1
881 1354 -1
881 1356 -1
881 1358 1
882 1263 1
882 1355 -1
882 1357 -1
882 1358 -1
883 1240 1
883 1335 1
883 1359 1
883 1360 1
884 1241 1
884 1352 1
884 1359 -1
884 1361 1
885 1336 1
885 1353 1
885 1360 -1
885 1361 -1
886 1251 1
886 1342 1
886 1362 1
886 1363 1
887 1242 1
887 1276 1
887 1359 1
887 1364 1
887 1365 1
888 1252 1
888 1277 1
888 1362 -1
888 1366 1
888 1367 1
889 1222 1
889 1337 1
889 1343 1
889 1368 1
889 1369 1
889 1370 1
890 1338 1
890 1360 1
890 1364 -1
890 1368 -1
890 1371 1
891 1344 1
891 1363 -1
891 1366 -1
891 1369 -1
891 1372 1
892 1278 1
892 1365 -1
892 1367 -1
892 1370 -1
892 1371 -1
892 1372 -1
893 1253 1
893 1345 1
893 1373 1
893 1374 1
894 1254 1
894 1362 1
894 1373 -1
894 1375 1
895 1346 1
895 1363 1
895 1374 -1
895 1375 -1
896 1255 1
896 1288 1
896 1373 1
896 1376 1
896 1377 1
897 1229 1
897 1347 1
897 1378 1
897 1379 1
898 1348 1
898 1374 1
898 1376 -1
898 1378 -1
898 1380 1
899 1289 1
899 1377 -1
899 1379 -1
899 1380 -1
900 1264 1
900 1298 1
900 1381 1
900 1382 1
900 1383 1
901 1299 1
901 1381 -1
901 1384 1
901 1385 1
902 1279 1
902 1300 1
902 1384 -1
902 1386 1
902 1387 1
903 1354 1
903 1361 1
903 1364 1
903 1388 1
903 1389 1
904 1265 1
904 1355 1
904 1382 -1
904 1388 -1
904 1390 1
904 1391 1
905 1280 1
905 1365 1
905 1386 -1
905 1389 -1
905 1390 -1
905 1392 1
906 1383 -1
906 1385 -1
906 1387 -1
906 1391 -1
906 1392 -1
907 1281 1
907 1311 1
907 1393 1
907 1394 1
907 1395 1
908 1312 1
908 1393 -1
908 1396 1
908 1397 1
909 1290 1
909 1313 1
909 1396 -1
909 1398 1
909 1399 1
910 1366 1
910 1375 1
910 1376 1
910 1400 1
910 1401 1
911 1282 1
911 1367 1
911 1394 -1
911 1400 -1
911 1402 1
911 1403 1
912 1291 1
912 1377 1
912 1398 -1
912 1401 -1
912 1402 -1
912 1404 1
913 1395 -1
913 1397 -1
913 1399 -1
913 1403 -1
913 1404 -1
914 1301 1
914 1381 1
914 1405 1
914 1406 1
915 1302 1
915 1320 1
915 1405 -1
915 1407 1
915 1408 1
916 1266 1
916 1382 1
916 1409 1
916 1410 1
917 1383 1
917 1406 -1
917 1407 -1
917 1409 -1
917 1411 1
918 1321 1
918 1408 -1
918 1410 -1
918 1411 -1
919 1303 1
919 1384 1
919 1412 1
919 1413 1
920 1304 1
920 1405 1
920 1412 -1
920 1414 1
921 1385 1
921 1406 1
921 1413 -1
921 1414 -1
922 1314 1
922 1393 1
922 1415 1
922 1416 1
923 1305 1
923 1324 1
923 1412 1
923 1417 1
923 1418 1
924 1315 1
924 1325 1
924 1415 -1
924 1419 1
924 1420 1
925 1283 1
925 1386 1
925 1394 1
925 1421 1
925 1422 1
925 1423 1
926 1387 1
926 1413 1
926 1417 -1
926 1421 -1
926 1424 1
927 1395 1
927 1416 -1
927 1419 -1
927 1422 -1
927 1425 1
928 1326 1
928 1418 -1
928 1420 -1
928 1423 -1
928 1424 -1
928 1425 -1
929 1316 1
929 1396 1
929 1426 1
929 1427 1
930 1317 1
930 1415 1
930 1426 -1
930 1428 1
931 1397 1
931 1416 1
931 1427 -1
931 1428 -1
932 1318 1
932 1329 1
932 1426 1
932 1429 1
932 1430 1
933 1292 1
933 1398 1
933 1431 1
933 1432 1
934 1399 1
934 1427 1
934 1429 -1
934 1431 -1
934 1433 1
935 1330 1
935 1430 -1
935 1432 -1
935 1433 -1
936 1407 1
936 1414 1
936 1417 1
936 1434 1
936 1435 1
937 1322 1
937 1408 1
937 1434 -1
937 1436 1
938 1327 1
938 1418 1
938 1435 -1
938 1436 -1
939 1419 1
939 1428 1
939 1429 1
939 1437 1
939 1438 1
940 1328 1
940 1420 1
940 1437 -1
940 1439 1
941 1331 1
941 1430 1
941 1438 -1
941 1439 -1
942 1339 1
942 1440 1
942 1441 1
943 1340 1
943 1356 1
943 1440 -1
943 1442 1
943 1443 1
943 1444 1
944 1357 1
944 1442 -1
944 1445 1
945 1441 -1
945 1443 -1
945 1446 1
945 1447 1
946 1444 -1
946 1445 -1
946 1446 -1
946 1448 1
947 1447 -1
947 1448 -1
948 1349 1
948 1449 1
948 1450 1
949 1341 1
949 1368 1
949 1440 1
949 1451 1
949 1452 1
949 1453 1
950 1350 1
950 1369 1
950 1449 -1
950 1454 1
950 1455 1
950 1456 1
951 1370 1
951 1451 -1
951 1454 -1
951 1457 1
952 1441 1
952 1452 -1
952 1458 1
952 1459 1
953 1450 -1
953 1455 -1
953 1460 1
953 1461 1
954 1453 -1
954 1456 -1
954 1457 -1
954 1458 -1
954 1460 -1
954 1462 1
955 1459 -1
955 1461 -1
955 1462 -1
956 1351 1
956 1378 1
956 1449 1
956 1463 1
956 1464 1
956 1465 1
957 1379 1
957 1463 -1
957 1466 1
958 1450 1
958 1464 -1
958 1467 1
958 1468 1
959 1465 -1
959 1466 -1
959 1467 -1
959 1469 1
960 1468 -1
960 1469 -1
961 1358 1
961 1388 1
961 1442 1
961 1470 1
961 1471 1
961 1472 1
962 1371 1
962 1389 1
962 1451 1
962 1470 -1
962 1473 1
962 1474 1
963 1443 1
963 1452 1
963 1475 1
963 1476 1
963 1477 1
964 1444 1
964 1471 -1
964 1475 -1
964 1478 1
964 1479 1
965 1476 -1
965 1478 -1
965 1480 1
965 1481 1
966 1453 1
966 1473 -1
966 1477 -1
966 1480 -1
966 1482 1
967 1472 -1
967 1474 -1
967 1479 -1
967 1481 -1
967 1482 -1
968 1372 1
968 1400 1
968 1454 1
968 1483 1
968 1484 1
968 1485 1
969 1380 1
969 1401 1
969 1463 1
969 1483 -1
969 1486 1
969 1487 1
970 1455 1
970 1464 1
970 1488 1
970 1489 1
970 1490 1
971 1456 1
971 1484 -1
971 1488 -1
971 1491 1
971 1492 1
972 1489 -1
972 1491 -1
972 1493 1
972 1494 1
973 1465 1
973 1486 -1
973 1490 -1
973 1493 -1
973 1495 1
974 1485 -1
974 1487 -1
974 1492 -1
974 1494 -1
974 1495 -1
975 1390 1
975 1470 1
975 1496 1
975 1497 1
976 1391 1
976 1409 1
976 1496 -1
976 1498 1
976 1499 1
976 1500 1
977 1410 1
977 1498 -1
977 1501 1
978 1445 1
978 1471 1
978 1502 1
978 1503 1
979 1472 1
979 1497 -1
979 1499 -1
979 1502 -1
979 1504 1
979 1505 1
980 1500 -1
980 1501 -1
980 1504 -1
980 1506 1
981 1503 -1
981 1505 -1
981 1506 -1
982 1402 1
982 1483 1
982 1507 1
982 1508 1
983 1392 1
983 1421 1
983 1496 1
983 1509 1
983 1510 1
983 1511 1
984 1403 1
984 1422 1
984 1507 -1
984 1512 1
984 1513 1
984 1514 1
985 1423 1
985 1509 -1
985 1512 -1
985 1515 1
986 1457 1
986 1473 1
986 1484 1
986 1516 1
986 1517 1
986 1518 1
987 1474 1
987 1497 1
987 1510 -1
987 1516 -1
987 1519 1
987 1520 1
988 1485 1
988 1508 -1
988 1513 -1
988 1517 -1
988 1521 1
988 1522 1
989 1511 -1
989 1514 -1
989 1515 -1
989 1519 -1
989 1521 -1
989 1523 1
990 1518 -1
990 1520 -1
990 1522 -1
990 1523 -1
991 1404 1
991 1431 1
991 1507 1
991 1524 1
991 1525 1
991 1526 1
992 1432 1
992 1524 -1
992 1527 1
993 1466 1
993 1486 1
993 1528 1
993 1529 1
994 1487 1
994 1508 1
994 1525 -1
994 1528 -1
994 1530 1
994 1531 1
995 1526 -1
995 1527 -1
995 1530 -1
995 1532 1
996 1529 -1
996 1531 -1
996 1532 -1
997 1411 1
997 1434 1
997 1498 1
997 1533 1
997 1534 1
997 1535 1
998 1424 1
998 1435 1
998 1509 1
998 1533 -1
998 1536 1
998 1537 1
999 1499 1
999 1510 1
999 1538 1
999 1539 1
999 1540 1
1000 1500 1
1000 1534 -1
1000 1538 -1
1000 1541 1
1000 1542 1
1001 1539 -1
1001 1541 -1
1001 1543 1
1001 1544 1
1002 1511 1
1002 1536 -1
1002 1540 -1
1002 1543 -1
1002 1545 1
1003 1535 -1
1003 1537 -1
1003 1542 -1
1003 1544 -1
1003 1545 -1
1004 1425 1
1004 1437 1
1004 1512 1
1004 1546 1
1004 1547 1
1004 1548 1
1005 1433 1
1005 1438 1
1005 1524 1
1005 1546 -1
1005 1549 1
1005 1550 1
1006 1513 1
1006 1525 1
1006 1551 1
1006 1552 1
1006 1553 1
1007 1514 1
1007 1547 -1
1007 1551 -1
1007 1554 1
1007 1555 1
1008 1552 -1
1008 1554 -1
1008 1556 1
1008 1557 1
1009 1526 1
1009 1549 -1
1009 1553 -1
1009 1556 -1
1009 1558 1
1010 1548 -1
1010 1550 -1
1010 1555 -1
1010 1557 -1
1010 1558 -1
1011 1436 1
1011 1533 1
1011 1559 1
1012 1501 1
1012 1534 1
1012 1560 1
1012 1561 1
1013 1535 1
1013 1559 -1
1013 1560 -1
1013 1562 1
1014 1561 -1
1014 1562 -1
1015 1439 1
1015 1546 1
1015 1563 1
1016 1515 1
1016 1536 1
1016 1547 1
1016 1564 1
1016 1565 1
1016 1566 1
1017 1537 1
1017 1559 1
1017 1564 -1
1017 1567 1
1018 1548 1
1018 1563 -1
1018 1565 -1
1018 1568 1
1019 1566 -1
1019 1567 -1
1019 1568 -1
1020 1527 1
1020 1549 1
1020 1569 1
1020 1570 1
1021 1550 1
1021 1563 1
1021 1569 -1
1021 1571 1
1022 1570 -1
1022 1571 -1
1023 1446 1
1023 1475 1
1023 1572 1
1023 1573 1
1023 1574 1
1024 1476 1
1024 1572 -1
1024 1575 1
1024 1576 1
1025 1458 1
1025 1477 1
1025 1575 -1
1025 1577 1
1025 1578 1
1026 1447 1
1026 1573 -1
1026 1579 1
1026 1580 1
1027 1459 1
1027 1577 -1
1027 1579 -1
1027 1581 1
1028 1574 -1
1028 1576 -1
1028 1578 -1
1028 1580 -1
1028 1581 -1
1029 1460 1
1029 1488 1
1029 1582 1
1029 1583 1
1029 1584 1
1030 1489 1
1030 1582 -1
1030 1585 1
1030 1586 1
1031 1467 1
1031 1490 1
1031 1585 -1
1031 1587 1
1031 1588 1
1032 1461 1
1032 1583 -1
1032 1589 1
1032 1590 1
1033 1468 1
1033 1587 -1
1033 1589 -1
1033 1591 1
1034 1584 -1
1034 1586 -1
1034 1588 -1
1034 1590 -1
1034 1591 -1
1035 1478 1
1035 1572 1
1035 1592 1
1035 1593 1
1036 1479 1
1036 1502 1
1036 1592 -1
1036 1594 1
1036 1595 1
1037 1448 1
1037 1573 1
1037 1596 1
1037 1597 1
1038 1574 1
1038 1593 -1
1038 1594 -1
1038 1596 -1
1038 1598 1
1039 1503 1
1039 1595 -1
1039 1597 -1
1039 1598 -1
1040 1480 1
1040 1575 1
1040 1599 1
1040 1600 1
1041 1481 1
1041 1592 1
1041 1599 -1
1041 1601 1
1042 1576 1
1042 1593 1
1042 1600 -1
1042 1601 -1
1043 1491 1
1043 1582 1
1043 1602 1
1043 1603 1
1044 1482 1
1044 1516 1
1044 1599 1
1044 1604 1
1044 1605 1
1045 1492 1
1045 1517 1
1045 1602 -1
1045 1606 1
1045 1607 1
1046 1462 1
1046 1577 1
1046 1583 1
1046 1608 1
1046 1609 1
1046 1610 1
1047 1578 1
1047 1600 1
1047 1604 -1
1047 1608 -1
1047 1611 1
1048 1584 1
1048 1603 -1
1048 1606 -1
1048 1609 -1
1048 1612 1
1049 1518 1
1049 1605 -1
1049 1607 -1
1049 1610 -1
1049 1611 -1
1049 1612 -1
1050 1493 1
1050 1585 1
1050 1613 1
1050 1614 1
1051 1494 1
1051 1602 1
1051 1613 -1
1051 1615 1
1052 1586 1
1052 1603 1
1052 1614 -1
1052 1615 -1
1053 1495 1
1053 1528 1
1053 1613 1
1053 1616 1
1053 1617 1
1054 1469 1
1054 1587 1
1054 1618 1
1054 1619 1
1055 1588 1
1055 1614 1
1055 1616 -1
1055 1618 -1
1055 1620 1
1056 1529 1
1056 1617 -1
1056 1619 -1
1056 1620 -1
1057 1504 1
1057 1538 1
1057 1621 1
1057 1622 1
1057 1623 1
1058 1539 1
1058 1621 -1
1058 1624 1
1058 1625 1
1059 1519 1
1059 1540 1
1059 1624 -1
1059 1626 1
1059 1627 1
1060 1594 1
1060 1601 1
1060 1604 1
1060 1628 1
1060 1629 1
1061 1505 1
1061 1595 1
1061 1622 -1
1061 1628 -1
1061 1630 1
1061 1631 1
1062 1520 1
1062 1605 1
1062 1626 -1
1062 1629 -1
1062 1630 -1
1062 1632 1
1063 1623 -1
1063 1625 -1
1063 1627 -1
1063 1631 -1
1063 1632 -1
1064 1521 1
1064 1551 1
1064 1633 1
1064 1634 1
1064 1635 1
1065 1552 1
1065 1633 -1
1065 1636 1
1065 1637 1
1066 1530 1
1066 1553 1
1066 1636 -1
1066 1638 1
1066 1639 1
1067 1606 1
1067 1615 1
1067 1616 1
1067 1640 1
1067 1641 1
1068 1522 1
1068 1607 1
1068 1634 -1
1068 1640 -1
1068 1642 1
1068 1643 1
1069 1531 1
1069 1617 1
1069 1638 -1
1069 1641 -1
1069 1642 -1
1069 1644 1
1070 1635 -1
1070 1637 -1
1070 1639 -1
1070 1643 -1
1070 1644 -1
1071 1541 1
1071 1621 1
1071 1645 1
1071 1646 1
1072 1542 1
1072 1560 1
1072 1645 -1
1072 1647 1
1072 1648 1
1073 1506 1
1073 1622 1
1073 1649 1
1073 1650 1
1074 1623 1
1074 1646 -1
1074 1647 -1
1074 1649 -1
1074 1651 1
1075 1561 1
1075 1648 -1
1075 1650 -1
1075 1651 -1
1076 1543 1
1076 1624 1
1076 1652 1
1076 1653 1
1077 1544 1
1077 1645 1
1077 1652 -1
1077 1654 1
1078 1625 1
1078 1646 1
1078 1653 -1
1078 1654 -1
1079 1554 1
1079 1633 1
1079 1655 1
1079 1656 1
1080 1545 1
1080 1564 1
1080 1652 1
1080 1657 1
1080 1658 1
1081 1555 1
1081 1565 1
1081 1655 -1
1081 1659 1
1081 1660 1
1082 1523 1
1082 1626 1
1082 1634 1
1082 1661 1
1082 1662 1
1082 1663 1
1083 1627 1
1083 1653 1
1083 1657 -1
1083 1661 -1
1083 1664 1
1084 1635 1
1084 1656 -1
1084 1659 -1
1084 1662 -1
1084 1665 1
1085 1566 1
1085 1658 -1
1085 1660 -1
1085 1663 -1
1085 1664 -1
1085 1665 -1
1086 1556 1
1086 1636 1
1086 1666 1
1086 1667 1
1087 1557 1
1087 1655 1
1087 1666 -1
1087 1668 1
1088 1637 1
1088 1656 1
1088 1667 -1
1088 1668 -1
1089 1558 1
1089 1569 1
1089 1666 1
1089 1669 1
1089 1670 1
1090 1532 1
1090 1638 1
1090 1671 1
1090 1672 1
1091 1639 1
1091 1667 1
1091 1669 -1
1091 1671 -1
1091 1673 1
1092 1570 1
1092 1670 -1
1092 1672 -1
1092 1673 -1
1093 1647 1
1093 1654 1
1093 1657 1
1093 1674 1
1093 1675 1
1094 1562 1
1094 1648 1
1094 1674 -1
1094 1676 1
1095 1567 1
1095 1658 1
1095 1675 -1
1095 1676 -1
1096 1659 1
1096 1668 1
1096 1669 1
1096 1677 1
1096 1678 1
1097 1568 1
1097 1660 1
1097 1677 -1
1097 1679 1
1098 1571 1
1098 1670 1
1098 1678 -1
1098 1679 -1
1099 1579 1
1099 1680 1
1099 1681 1
1100 1580 1
1100 1596 1
1100 1680 -1
1100 1682 1
1100 1683 1
1100 1684 1
1101 1597 1
1101 1682 -1
1101 1685 1
1102 1681 -1
1102 1683 -1
1102 1686 1
1102 1687 1
1103 1684 -1
1103 1685 -1
1103 1686 -1
1103 1688 1
1104 1687 -1
1104 1688 -1
1105 1589 1
1105 1689 1
1105 1690 1
1106 1581 1
1106 1608 1
1106 1680 1
1106 1691 1
1106 1692 1
1106 1693 1
1107 1590 1
1107 1609 1
1107 1689 -1
1107 1694 1
1107 1695 1
1107 1696 1
1108 1610 1
1108 1691 -1
1108 1694 -1
1108 1697 1
1109 1681 1
1109 1692 -1
1109 1698 1
1109 1699 1
1110 1690 -1
1110 1695 -1
1110 1700 1
1110 1701 1
1111 1693 -1
1111 1696 -1
1111 1697 -1
1111 1698 -1
1111 1700 -1
1111 1702 1
1112 1699 -1
1112 1701 -1
1112 1702 -1
1113 1591 1
1113 1618 1
1113 1689 1
1113 1703 1
1113 1704 1
1113 1705 1
1114 1619 1
1114 1703 -1
1114 1706 1
1115 1690 1
1115 1704 -1
1115 1707 1
1115 1708 1
1116 1705 -1
1116 1706 -1
1116 1707 -1
1116 1709 1
1117 1708 -1
1117 1709 -1
1118 1598 1
1118 1628 1
1118 1682 1
1118 1710 1
1118 1711 1
1118 1712 1
1119 1611 1
1119 1629 1
1119 1691 1
1119 1710 -1
1119 1713 1
1119 1714 1
1120 1683 1
1120 1692 1
1120 1715 1
1120 1716 1
1120 1717 1
1121 1684 1
1121 1711 -1
1121 1715 -1
1121 1718 1
1121 1719 1
1122 1716 -1
1122 1718 -1
1122 1720 1
1122 1721 1
1123 1693 1
1123 1713 -1
1123 1717 -1
1123 1720 -1
1123 1722 1
1124 1712 -1
1124 1714 -1
1124 1719 -1
1124 1721 -1
1124 1722 -1
1125 1612 1
1125 1640 1
1125 1694 1
1125 1723 1
1125 1724 1
1125 1725 1
1126 1620 1
1126 1641 1
1126 1703 1
1126 1723 -1
1126 1726 1
1126 1727 1
1127 1695 1
1127 1704 1
1127 1728 1
1127 1729 1
1127 1730 1
1128 1696 1
1128 1724 -1
1128 1728 -1
1128 1731 1
1128 1732 1
1129 1729 -1
1129 1731 -1
1129 1733 1
1129 1734 1
1130 1705 1
1130 1726 -1
1130 1730 -1
1130 1733 -1
1130 1735 1
1131 1725 -1
1131 1727 -1
1131 1732 -1
1131 1734 -1
1131 1735 -1
1132 1630 1
1132 1710 1
1132 1736 1
1132 1737 1
1133 1631 1
1133 1649 1
1133 1736 -1
1133 1738 1
1133 1739 1
1133 1740 1
1134 1650 1
1134 1738 -1
1134 1741 1
1135 1685 1
1135 1711 1
1135 1742 1
1135 1743 1
1136 1712 1
1136 1737 -1
1136 1739 -1
1136 1742 -1
1136 1744 1
1136 1745 1
1137 1740 -1
1137 1741 -1
1137 1744 -1
1137 1746 1
1138 1743 -1
1138 1745 -1
1138 1746 -1
1139 1642 1
1139 1723 1
1139 1747 1
1139 1748 1
1140 1632 1
1140 1661 1
1140 1736 1
1140 1749 1
1140 1750 1
1140 1751 1
1141 1643 1
1141 1662 1
1141 1747 -1
1141 1752 1
1141 1753 1
1141 1754 1
1142 1663 1
1142 1749 -1
1142 1752 -1
1142 1755 1
1143 1697 1
1143 1713 1
1143 1724 1
1143 1756 1
1143 1757 1
1143 1758 1
1144 1714 1
1144 1737 1
1144 1750 -1
1144 1756 -1
1144 1759 1
1144 1760 1
1145 1725 1
1145 1748 -1
1145 1753 -1
1145 1757 -1
1145 1761 1
1145 1762 1
1146 1751 -1
1146 1754 -1
1146 1755 -1
1146 1759 -1
1146 1761 -1
1146 1763 1
1147 1758 -1
1147 1760 -1
1147 1762 -1
1147 1763 -1
1148 1644 1
1148 1671 1
1148 1747 1
1148 1764 1
1148 1765 1
1148 1766 1
1149 1672 1
1149 1764 -1
1149 1767 1
1150 1706 1
1150 1726 1
1150 1768 1
1150 1769 1
1151 1727 1
1151 1748 1
1151 1765 -1
1151 1768 -1
1151 1770 1
1151 1771 1
1152 1766 -1
1152 1767 -1
1152 1770 -1
1152 1772 1
1153 1769 -1
1153 1771 -1
1153 1772 -1
1154 1651 1
1154 1674 1
1154 1738 1
1154 1773 1
1154 1774 1
1154 1775 1
1155 1664 1
1155 1675 1
1155 1749 1
1155 1773 -1
1155 1776 1
1155 1777 1
1156 1739 1
1156 1750 1
1156 1778 1
1156 1779 1
1156 1780 1
1157 1740 1
1157 1774 -1
1157 1778 -1
1157 1781 1
1157 1782 1
1158 1779 -1
1158 1781 -1
1158 1783 1
1158 1784 1
1159 1751 1
1159 1776 -1
1159 1780 -1
1159 1783 -1
1159 1785 1
1160 1775 -1
1160 1777 -1
1160 1782 -1
1160 1784 -1
1160 1785 -1
1161 1665 1
1161 1677 1
1161 1752 1
1161 1786 1
1161 1787 1
1161 1788 1
1162 1673 1
1162 1678 1
1162 1764 1
1162 1786 -1
1162 1789 1
1162 1790 1
1163 1753 1
1163 1765 1
1163 1791 1
1163 1792 1
1163 1793 1
1164 1754 1
1164 1787 -1
1164 1791 -1
1164 1794 1
1164 1795 1
1165 1792 -1
1165 1794 -1
1165 1796 1
1165 1797 1
1166 1766 1
1166 1789 -1
1166 1793 -1
1166 1796 -1
1166 1798 1
1167 1788 -1
1167 1790 -1
1167 1795 -1
1167 1797 -1
1167 1798 -1
1168 1676 1
1168 1773 1
1168 1799 1
1169 1741 1
1169 1774 1
1169 1800 1
1169 1801 1
1170 1775 1
1170 1799 -1
1170 1800 -1
1170 1802 1
1171 1801 -1
1171 1802 -1
1172 1679 1
1172 1786 1
1172 1803 1
1173 1755 1
1173 1776 1
1173 1787 1
1173 1804 1
1173 1805 1
1173 1806 1
1174 1777 1
1174 1799 1
1174 1804 -1
1174 1807 1
1175 1788 1
1175 1803 -1
1175 1805 -1
1175 1808 1
1176 1806 -1
1176 1807 -1
1176 1808 -1
1177 1767 1
1177 1789 1
1177 1809 1
1177 1810 1
1178 1790 1
1178 1803 1
1178 1809 -1
1178 1811 1
1179 1810 -1
1179 1811 -1
1180 1686 1
1180 1715 1
1180 1812 1
1180 1813 1
1180 1814 1
1181 1716 1
1181 1812 -1
1181 1815 1
1181 1816 1
1182 1698 1
1182 1717 1
1182 1815 -1
1182 1817 1
1182 1818 1
1183 1687 1
1183 1813 -1
1183 1819 1
1183 1820 1
1184 1699 1
1184 1817 -1
1184 1819 -1
1184 1821 1
1185 1814 -1
1185 1816 -1
1185 1818 -1
1185 1820 -1
1185 1821 -1
1186 1700 1
1186 1728 1
1186 1822 1
1186 1823 1
1186 1824 1
1187 1729 1
1187 1822 -1
1187 1825 1
1187 1826 1
1188 1707 1
1188 1730 1
1188 1825 -1
1188 1827 1
1188 1828 1
1189 1701 1
1189 1823 -1
1189 1829 1
1189 1830 1
1190 1708 1
1190 1827 -1
1190 1829 -1
1190 1831 1
1191 1824 -1
1191 1826 -1
1191 1828 -1
1191 1830 -1
1191 1831 -1
1192 1718 1
1192 1812 1
1192 1832 1
1192 1833 1
1193 1719 1
1193 1742 1
1193 1832 -1
1193 1834 1
1193 1835 1
1194 1688 1
1194 1813 1
1194 1836 1
1194 1837 1
1195 1814 1
1195 1833 -1
1195 1834 -1
1195 1836 -1
1195 1838 1
1196 1743 1
1196 1835 -1
1196 1837 -1
1196 1838 -1
1197 1720 1
1197 1815 1
1197 1839 1
1197 1840 1
1198 1721 1
1198 1832 1
1198 1839 -1
1198 1841 1
1199 1816 1
1199 1833 1
1199 1840 -1
1199 1841 -1
1200 1731 1
1200 1822 1
1200 1842 1
1200 1843 1
1201 1722 1
1201 1756 1
1201 1839 1
1201 1844 1
1201 1845 1
1202 1732 1
1202 1757 1
1202 1842 -1
1202 1846 1
1202 1847 1
1203 1702 1
1203 1817 1
1203 1823 1
1203 1848 1
1203 1849 1
1203 1850 1
1204 1818 1
1204 1840 1
1204 1844 -1
1204 1848 -1
1204 1851 1
1205 1824 1
1205 1843 -1
1205 1846 -1
1205 1849 -1
1205 1852 1
1206 1758 1
1206 1845 -1
1206 1847 -1
1206 1850 -1
1206 1851 -1
1206 1852 -1
1207 1733 1
1207 1825 1
1207 1853 1
1207 1854 1
1208 1734 1
1208 1842 1
1208 1853 -1
1208 1855 1
1209 1826 1
1209 1843 1
1209 1854 -1
1209 1855 -1
1210 1735 1
1210 1768 1
1210 1853 1
1210 1856 1
1210 1857 1
1211 1709 1
1211 1827 1
1211 1858 1
1211 1859 1
1212 1828 1
1212 1854 1
1212 1856 -1
1212 1858 -1
1212 1860 1
1213 1769 1
1213 1857 -1
1213 1859 -1
1213 1860 -1
1214 1744 1
1214 1778 1
1214 1861 1
1214 1862 1
1214 1863 1
1215 1779 1
1215 1861 -1
1215 1864 1
1215 1865 1
1216 1759 1
1216 1780 1
1216 1864 -1
1216 1866 1
1216 1867 1
1217 1834 1
1217 1841 1
1217 1844 1
1217 1868 1
1217 1869 1
1218 1745 1
1218 1835 1
1218 1862 -1
1218 1868 -1
1218 1870 1
1218 1871 1
1219 1760 1
1219 1845 1
1219 1866 -1
1219 1869 -1
1219 1870 -1
1219 1872 1
1220 1863 -1
1220 1865 -1
1220 1867 -1
1220 1871 -1
1220 1872 -1
1221 1761 1
1221 1791 1
1221 1873 1
1221 1874 1
1221 1875 1
1222 1792 1
1222 1873 -1
1222 1876 1
1222 1877 1
1223 1770 1
1223 1793 1
1223 1876 -1
1223 1878 1
1223 1879 1
1224 1846 1
1224 1855 1
1224 1856 1
1224 1880 1
1224 1881 1
1225 1762 1
1225 1847 1
1225 1874 -1
1225 1880 -1
1225 1882 1
1225 1883 1
1226 1771 1
1226 1857 1
1226 1878 -1
1226 1881 -1
1226 1882 -1
1226 1884 1
1227 1875 -1
1227 1877 -1
1227 1879 -1
1227 1883 -1
1227 1884 -1
1228 1781 1
1228 1861 1
1228 1885 1
1228 1886 1
1229 1782 1
1229 1800 1
1229 1885 -1
1229 1887 1
1229 1888 1
1230 1746 1
1230 1862 1
1230 1889 1
1230 1890 1
1231 1863 1
1231 1886 -1
1231 1887 -1
1231 1889 -1
1231 1891 1
1232 1801 1
1232 1888 -1
1232 1890 -1
1232 1891 -1
1233 1783 1
1233 1864 1
1233 1892 1
1233 1893 1
1234 1784 1
1234 1885 1
1234 1892 -1
1234 1894 1
1235 1865 1
1235 1886 1
1235 1893 -1
1235 1894 -1
1236 1794 1
1236 1873 1
1236 1895 1
1236 1896 1
1237 1785 1
1237 1804 1
1237 1892 1
1237 1897 1
1237 1898 1
1238 1795 1
1238 1805 1
1238 1895 -1
1238 1899 1
1238 1900 1
1239 1763 1
1239 1866 1
1239 1874 1
1239 1901 1
1239 1902 1
1239 1903 1
1240 1867 1
1240 1893 1
1240 1897 -1
1240 1901 -1
1240 1904 1
1241 1875 1
1241 1896 -1
1241 1899 -1
1241 1902 -1
1241 1905 1
1242 1806 1
1242 1898 -1
1242 1900 -1
1242 1903 -1
1242 1904 -1
1242 1905 -1
1243 1796 1
1243 1876 1
1243 1906 1
1243 1907 1
1244 1797 1
1244 1895 1
1244 1906 -1
1244 1908 1
1245 1877 1
1245 1896 1
1245 1907 -1
1245 1908 -1
1246 1798 1
1246 1809 1
1246 1906 1
1246 1909 1
1246 1910 1
1247 1772 1
1247 1878 1
1247 1911 1
1247 1912 1
1248 1879 1
1248 1907 1
1248 1909 -1
1248 1911 -1
1248 1913 1
1249 1810 1
1249 1910 -1
1249 1912 -1
1249 1913 -1
1250 1887 1
1250 1894 1
1250 1897 1
1250 1914 1
1250 1915 1
1251 1802 1
1251 1888 1
1251 1914 -1
1251 1916 1
1252 1807 1
1252 1898 1
1252 1915 -1
1252 1916 -1
1253 1899 1
1253 1908 1
1253 1909 1
1253 1917 1
1253 1918 1
1254 1808 1
1254 1900 1
1254 1917 -1
1254 1919 1
1255 1811 1
1255 1910 1
1255 1918 -1
1255 1919 -1
1256 1819 1
1256 1920 1
1257 1820 1
1257 1836 1
1257 1920 -1
1257 1921 1
1258 1837 1
1258 1921 -1
1259 1829 1
1259 1922 1
1260 1821 1
1260 1848 1
1260 1920 1
1260 1923 1
1261 1830 1
1261 1849 1
1261 1922 -1
1261 1924 1
1262 1850 1
1262 1923 -1
1262 1924 -1
1263 1831 1
1263 1858 1
1263 1922 1
1263 1925 1
1264 1859 1
1264 1925 -1
1265 1838 1
1265 1868 1
1265 1921 1
1265 1926 1
1266 1851 1
1266 1869 1
1266 1923 1
1266 1926 -1
1267 1852 1
1267 1880 1
1267 1924 1
1267 1927 1
1268 1860 1
1268 1881 1
1268 1925 1
1268 1927 -1
1269 1870 1
1269 1926 1
1269 1928 1
1270 1871 1
1270 1889 1
1270 1928 -1
1270 1929 1
1271 1890 1
1271 1929 -1
1272 1882 1
1272 1927 1
1272 1930 1
1273 1872 1
1273 1901 1
1273 1928 1
1273 1931 1
1274 1883 1
1274 1902 1
1274 1930 -1
1274 1932 1
1275 1903 1
1275 1931 -1
1275 1932 -1
1276 1884 1
1276 1911 1
1276 1930 1
1276 1933 1
1277 1912 1
1277 1933 -1
1278 1891 1
1278 1914 1
1278 1929 1
1278 1934 1
1279 1904 1
1279 1915 1
1279 1931 1
1279 1934 -1
1280 1905 1
1280 1917 1
1280 1932 1
1280 1935 1
1281 1913 1
1281 1918 1
1281 1933 1
1281 1935 -1
1282 1916 1
1282 1934 1
1283 1919 1
1283 1935 1
