0 0 1
1 0 1
2 1 -1
3 0 -1
3 2 1
4 1 1
4 2 -1
5 1 -1
6 2 1
6 3 -1
7 3 1
8 3 -1
9 4 -1
10 4 1
11 5 1
12 0 1
12 6 -1
13 5 -1
13 6 1
14 7 -1
15 4 -1
15 8 1
16 7 1
16 8 -1
17 5 1
17 7 -1
18 6 -1
18 9 1
19 9 -1
20 8 1
20 10 -1
21 10 1
22 9 1
22 10 -1
23 11 1
24 4 1
24 12 -1
25 11 -1
25 12 1
26 11 1
27 12 -1
27 13 1
28 13 -1
29 13 1
30 14 1
31 1 1
31 15 -1
32 14 -1
32 15 1
33 5 -1
33 16 1
34 14 1
34 16 -1
35 2 -1
35 17 1
36 17 -1
36 18 1
37 6 1
37 18 -1
38 17 1
38 19 -1
39 15 -1
39 19 1
40 18 1
40 20 -1
41 19 -1
41 20 1
42 16 1
42 20 -1
43 21 1
44 7 1
44 22 -1
45 21 -1
45 22 1
46 11 -1
46 23 1
47 21 1
47 23 -1
48 8 -1
48 24 1
49 24 -1
49 25 1
50 12 1
50 25 -1
51 24 1
51 26 -1
52 22 -1
52 26 1
53 25 1
53 27 -1
54 26 -1
54 27 1
55 23 1
55 27 -1
56 28 -1
57 14 -1
57 28 1
58 29 -1
59 28 -1
59 30 1
60 29 1
60 30 -1
61 29 -1
62 15 1
62 31 -1
63 31 1
64 30 1
64 32 -1
65 31 -1
65 32 1
66 32 -1
67 33 -1
68 21 -1
68 33 1
69 34 1
70 28 1
70 35 -1
71 34 -1
71 35 1
72 36 -1
73 33 -1
73 37 1
74 36 1
74 37 -1
75 34 1
75 36 -1
76 16 -1
76 38 1
77 22 1
77 39 -1
78 38 -1
78 39 1
79 35 -1
79 40 1
80 38 1
80 40 -1
81 37 1
81 41 -1
82 39 -1
82 41 1
83 40 1
83 41 -1
84 42 1
85 33 1
85 43 -1
86 42 -1
86 43 1
87 42 1
88 23 -1
88 44 1
89 44 -1
90 43 -1
90 45 1
91 44 1
91 45 -1
92 45 1
93 46 1
94 29 1
94 47 -1
95 46 -1
95 47 1
96 34 -1
96 48 1
97 46 1
97 48 -1
98 30 -1
98 49 1
99 49 -1
99 50 1
100 35 1
100 50 -1
101 49 1
101 51 -1
102 47 -1
102 51 1
103 50 1
103 52 -1
104 51 -1
104 52 1
105 48 1
105 52 -1
106 53 1
107 36 1
107 54 -1
108 53 -1
108 54 1
109 42 -1
109 55 1
110 53 1
110 55 -1
111 37 -1
111 56 1
112 56 -1
112 57 1
113 43 1
113 57 -1
114 56 1
114 58 -1
115 54 -1
115 58 1
116 57 1
116 59 -1
117 58 -1
117 59 1
118 55 1
118 59 -1
119 46 -1
120 47 1
120 60 -1
121 60 1
122 60 -1
123 53 -1
124 48 -1
124 61 1
125 54 1
125 62 -1
126 61 -1
126 62 1
127 61 1
128 62 -1
129 55 -1
129 63 1
130 63 -1
131 63 1
132 17 -1
132 64 1
133 3 1
133 65 -1
134 64 -1
134 65 1
135 18 -1
135 66 1
136 64 1
136 66 -1
137 9 -1
137 67 1
138 66 1
138 67 -1
139 68 -1
140 65 -1
140 68 1
141 67 1
141 68 -1
142 24 -1
142 69 1
143 10 1
143 70 -1
144 69 -1
144 70 1
145 25 -1
145 71 1
146 69 1
146 71 -1
147 13 -1
147 72 1
148 71 1
148 72 -1
149 73 -1
150 70 -1
150 73 1
151 72 1
151 73 -1
152 19 1
152 74 -1
153 64 -1
153 74 1
154 74 -1
154 75 1
155 31 1
155 75 -1
156 65 1
156 76 -1
157 76 1
158 75 1
158 76 -1
159 20 1
159 77 -1
160 66 -1
160 77 1
161 74 1
161 77 -1
162 26 1
162 78 -1
163 69 -1
163 78 1
164 77 1
164 79 -1
165 38 -1
165 79 1
166 78 -1
166 80 1
167 39 1
167 80 -1
168 67 -1
168 81 1
169 70 1
169 82 -1
170 81 -1
170 82 1
171 79 -1
171 81 1
172 80 1
172 82 -1
173 27 1
173 83 -1
174 71 -1
174 83 1
175 78 1
175 83 -1
176 83 1
176 84 -1
177 44 -1
177 84 1
178 72 -1
178 85 1
179 85 -1
180 84 -1
180 85 1
181 49 -1
181 86 1
182 32 1
182 87 -1
183 86 -1
183 87 1
184 50 -1
184 88 1
185 86 1
185 88 -1
186 40 -1
186 89 1
187 88 1
187 89 -1
188 75 -1
188 90 1
189 79 1
189 90 -1
190 90 1
190 91 -1
191 87 -1
191 91 1
192 89 1
192 91 -1
193 56 -1
193 92 1
194 41 1
194 93 -1
195 92 -1
195 93 1
196 57 -1
196 94 1
197 92 1
197 94 -1
198 45 -1
198 95 1
199 94 1
199 95 -1
200 80 -1
200 96 1
201 84 1
201 96 -1
202 96 1
202 97 -1
203 93 -1
203 97 1
204 95 1
204 97 -1
205 51 1
205 98 -1
206 86 -1
206 98 1
207 98 -1
207 99 1
208 60 1
208 99 -1
209 87 1
209 100 -1
210 100 1
211 99 1
211 100 -1
212 52 1
212 101 -1
213 88 -1
213 101 1
214 98 1
214 101 -1
215 58 1
215 102 -1
216 92 -1
216 102 1
217 101 1
217 103 -1
218 61 -1
218 103 1
219 102 -1
219 104 1
220 62 1
220 104 -1
221 89 -1
221 105 1
222 93 1
222 106 -1
223 105 -1
223 106 1
224 103 -1
224 105 1
225 104 1
225 106 -1
226 59 1
226 107 -1
227 94 -1
227 107 1
228 102 1
228 107 -1
229 107 1
229 108 -1
230 63 -1
230 108 1
231 95 -1
231 109 1
232 109 -1
233 108 -1
233 109 1
234 99 -1
234 110 1
235 103 1
235 110 -1
236 110 1
237 104 -1
237 111 1
238 108 1
238 111 -1
239 111 1
240 68 1
240 112 -1
241 112 1
242 76 1
242 113 -1
243 112 -1
243 114 1
244 113 1
244 114 -1
245 113 -1
246 114 1
246 115 -1
247 115 1
248 115 -1
249 73 1
249 116 -1
250 116 1
251 81 -1
251 117 1
252 112 1
252 118 -1
253 117 -1
253 118 1
254 82 1
254 119 -1
255 116 -1
255 120 1
256 119 1
256 120 -1
257 117 1
257 119 -1
258 118 -1
258 121 1
259 121 -1
260 120 1
260 122 -1
261 122 1
262 121 1
262 122 -1
263 85 -1
263 123 1
264 116 1
264 124 -1
265 123 -1
265 124 1
266 123 1
267 124 -1
267 125 1
268 125 -1
269 125 1
270 90 -1
270 126 1
271 113 1
271 127 -1
272 126 -1
272 127 1
273 117 -1
273 128 1
274 126 1
274 128 -1
275 114 -1
275 129 1
276 129 -1
276 130 1
277 118 1
277 130 -1
278 129 1
278 131 -1
279 127 -1
279 131 1
280 130 1
280 132 -1
281 131 -1
281 132 1
282 128 1
282 132 -1
283 96 -1
283 133 1
284 119 1
284 134 -1
285 133 -1
285 134 1
286 123 -1
286 135 1
287 133 1
287 135 -1
288 120 -1
288 136 1
289 136 -1
289 137 1
290 124 1
290 137 -1
291 136 1
291 138 -1
292 134 -1
292 138 1
293 137 1
293 139 -1
294 138 -1
294 139 1
295 135 1
295 139 -1
296 91 1
296 140 -1
297 126 -1
297 140 1
298 100 1
298 141 -1
299 140 -1
299 142 1
300 141 1
300 142 -1
301 141 -1
302 127 1
302 143 -1
303 143 1
304 142 1
304 144 -1
305 143 -1
305 144 1
306 144 -1
307 97 1
307 145 -1
308 133 -1
308 145 1
309 105 -1
309 146 1
310 140 1
310 147 -1
311 146 -1
311 147 1
312 106 1
312 148 -1
313 145 -1
313 149 1
314 148 1
314 149 -1
315 146 1
315 148 -1
316 128 -1
316 150 1
317 134 1
317 151 -1
318 150 -1
318 151 1
319 147 -1
319 152 1
320 150 1
320 152 -1
321 149 1
321 153 -1
322 151 -1
322 153 1
323 152 1
323 153 -1
324 109 -1
324 154 1
325 145 1
325 155 -1
326 154 -1
326 155 1
327 154 1
328 135 -1
328 156 1
329 156 -1
330 155 -1
330 157 1
331 156 1
331 157 -1
332 157 1
333 110 -1
333 158 1
334 141 1
334 159 -1
335 158 -1
335 159 1
336 146 -1
336 160 1
337 158 1
337 160 -1
338 142 -1
338 161 1
339 161 -1
339 162 1
340 147 1
340 162 -1
341 161 1
341 163 -1
342 159 -1
342 163 1
343 162 1
343 164 -1
344 163 -1
344 164 1
345 160 1
345 164 -1
346 111 -1
346 165 1
347 148 1
347 166 -1
348 165 -1
348 166 1
349 154 -1
349 167 1
350 165 1
350 167 -1
351 149 -1
351 168 1
352 168 -1
352 169 1
353 155 1
353 169 -1
354 168 1
354 170 -1
355 166 -1
355 170 1
356 169 1
356 171 -1
357 170 -1
357 171 1
358 167 1
358 171 -1
359 158 -1
360 159 1
360 172 -1
361 172 1
362 172 -1
363 165 -1
364 160 -1
364 173 1
365 166 1
365 174 -1
366 173 -1
366 174 1
367 173 1
368 174 -1
369 167 -1
369 175 1
370 175 -1
371 175 1
372 129 -1
372 176 1
373 115 1
373 177 -1
374 176 -1
374 177 1
375 130 -1
375 178 1
376 176 1
376 178 -1
377 121 -1
377 179 1
378 178 1
378 179 -1
379 180 -1
380 177 -1
380 180 1
381 179 1
381 180 -1
382 136 -1
382 181 1
383 122 1
383 182 -1
384 181 -1
384 182 1
385 137 -1
385 183 1
386 181 1
386 183 -1
387 125 -1
387 184 1
388 183 1
388 184 -1
389 185 -1
390 182 -1
390 185 1
391 184 1
391 185 -1
392 131 1
392 186 -1
393 176 -1
393 186 1
394 186 -1
394 187 1
395 143 1
395 187 -1
396 177 1
396 188 -1
397 188 1
398 187 1
398 188 -1
399 132 1
399 189 -1
400 178 -1
400 189 1
401 186 1
401 189 -1
402 138 1
402 190 -1
403 181 -1
403 190 1
404 189 1
404 191 -1
405 150 -1
405 191 1
406 190 -1
406 192 1
407 151 1
407 192 -1
408 179 -1
408 193 1
409 182 1
409 194 -1
410 193 -1
410 194 1
411 191 -1
411 193 1
412 192 1
412 194 -1
413 139 1
413 195 -1
414 183 -1
414 195 1
415 190 1
415 195 -1
416 195 1
416 196 -1
417 156 -1
417 196 1
418 184 -1
418 197 1
419 197 -1
420 196 -1
420 197 1
421 161 -1
421 198 1
422 144 1
422 199 -1
423 198 -1
423 199 1
424 162 -1
424 200 1
425 198 1
425 200 -1
426 152 -1
426 201 1
427 200 1
427 201 -1
428 187 -1
428 202 1
429 191 1
429 202 -1
430 202 1
430 203 -1
431 199 -1
431 203 1
432 201 1
432 203 -1
433 168 -1
433 204 1
434 153 1
434 205 -1
435 204 -1
435 205 1
436 169 -1
436 206 1
437 204 1
437 206 -1
438 157 -1
438 207 1
439 206 1
439 207 -1
440 192 -1
440 208 1
441 196 1
441 208 -1
442 208 1
442 209 -1
443 205 -1
443 209 1
444 207 1
444 209 -1
445 163 1
445 210 -1
446 198 -1
446 210 1
447 210 -1
447 211 1
448 172 1
448 211 -1
449 199 1
449 212 -1
450 212 1
451 211 1
451 212 -1
452 164 1
452 213 -1
453 200 -1
453 213 1
454 210 1
454 213 -1
455 170 1
455 214 -1
456 204 -1
456 214 1
457 213 1
457 215 -1
458 173 -1
458 215 1
459 214 -1
459 216 1
460 174 1
460 216 -1
461 201 -1
461 217 1
462 205 1
462 218 -1
463 217 -1
463 218 1
464 215 -1
464 217 1
465 216 1
465 218 -1
466 171 1
466 219 -1
467 206 -1
467 219 1
468 214 1
468 219 -1
469 219 1
469 220 -1
470 175 -1
470 220 1
471 207 -1
471 221 1
472 221 -1
473 220 -1
473 221 1
474 211 -1
474 222 1
475 215 1
475 222 -1
476 222 1
477 216 -1
477 223 1
478 220 1
478 223 -1
479 223 1
480 180 1
480 224 -1
481 224 1
482 188 1
482 225 -1
483 224 -1
483 226 1
484 225 1
484 226 -1
485 225 -1
486 226 1
486 227 -1
487 227 1
488 227 -1
489 185 1
489 228 -1
490 228 1
491 193 -1
491 229 1
492 224 1
492 230 -1
493 229 -1
493 230 1
494 194 1
494 231 -1
495 228 -1
495 232 1
496 231 1
496 232 -1
497 229 1
497 231 -1
498 230 -1
498 233 1
499 233 -1
500 232 1
500 234 -1
501 234 1
502 233 1
502 234 -1
503 197 -1
503 235 1
504 228 1
504 236 -1
505 235 -1
505 236 1
506 235 1
507 236 -1
507 237 1
508 237 -1
509 237 1
510 202 -1
510 238 1
511 225 1
511 239 -1
512 238 -1
512 239 1
513 229 -1
513 240 1
514 238 1
514 240 -1
515 226 -1
515 241 1
516 241 -1
516 242 1
517 230 1
517 242 -1
518 241 1
518 243 -1
519 239 -1
519 243 1
520 242 1
520 244 -1
521 243 -1
521 244 1
522 240 1
522 244 -1
523 208 -1
523 245 1
524 231 1
524 246 -1
525 245 -1
525 246 1
526 235 -1
526 247 1
527 245 1
527 247 -1
528 232 -1
528 248 1
529 248 -1
529 249 1
530 236 1
530 249 -1
531 248 1
531 250 -1
532 246 -1
532 250 1
533 249 1
533 251 -1
534 250 -1
534 251 1
535 247 1
535 251 -1
536 203 1
536 252 -1
537 238 -1
537 252 1
538 212 1
538 253 -1
539 252 -1
539 254 1
540 253 1
540 254 -1
541 253 -1
542 239 1
542 255 -1
543 255 1
544 254 1
544 256 -1
545 255 -1
545 256 1
546 256 -1
547 209 1
547 257 -1
548 245 -1
548 257 1
549 217 -1
549 258 1
550 252 1
550 259 -1
551 258 -1
551 259 1
552 218 1
552 260 -1
553 257 -1
553 261 1
554 260 1
554 261 -1
555 258 1
555 260 -1
556 240 -1
556 262 1
557 246 1
557 263 -1
558 262 -1
558 263 1
559 259 -1
559 264 1
560 262 1
560 264 -1
561 261 1
561 265 -1
562 263 -1
562 265 1
563 264 1
563 265 -1
564 221 -1
564 266 1
565 257 1
565 267 -1
566 266 -1
566 267 1
567 266 1
568 247 -1
568 268 1
569 268 -1
570 267 -1
570 269 1
571 268 1
571 269 -1
572 269 1
573 222 -1
573 270 1
574 253 1
574 271 -1
575 270 -1
575 271 1
576 258 -1
576 272 1
577 270 1
577 272 -1
578 254 -1
578 273 1
579 273 -1
579 274 1
580 259 1
580 274 -1
581 273 1
581 275 -1
582 271 -1
582 275 1
583 274 1
583 276 -1
584 275 -1
584 276 1
585 272 1
585 276 -1
586 223 -1
586 277 1
587 260 1
587 278 -1
588 277 -1
588 278 1
589 266 -1
589 279 1
590 277 1
590 279 -1
591 261 -1
591 280 1
592 280 -1
592 281 1
593 267 1
593 281 -1
594 280 1
594 282 -1
595 278 -1
595 282 1
596 281 1
596 283 -1
597 282 -1
597 283 1
598 279 1
598 283 -1
599 270 -1
600 271 1
600 284 -1
601 284 1
602 284 -1
603 277 -1
604 272 -1
604 285 1
605 278 1
605 286 -1
606 285 -1
606 286 1
607 285 1
608 286 -1
609 279 -1
609 287 1
610 287 -1
611 287 1
612 241 -1
612 288 1
613 227 1
613 289 -1
614 288 -1
614 289 1
615 242 -1
615 290 1
616 288 1
616 290 -1
617 233 -1
617 291 1
618 290 1
618 291 -1
619 292 -1
620 289 -1
620 292 1
621 291 1
621 292 -1
622 248 -1
622 293 1
623 234 1
623 294 -1
624 293 -1
624 294 1
625 249 -1
625 295 1
626 293 1
626 295 -1
627 237 -1
627 296 1
628 295 1
628 296 -1
629 297 -1
630 294 -1
630 297 1
631 296 1
631 297 -1
632 243 1
632 298 -1
633 288 -1
633 298 1
634 298 -1
634 299 1
635 255 1
635 299 -1
636 289 1
636 300 -1
637 300 1
638 299 1
638 300 -1
639 244 1
639 301 -1
640 290 -1
640 301 1
641 298 1
641 301 -1
642 250 1
642 302 -1
643 293 -1
643 302 1
644 301 1
644 303 -1
645 262 -1
645 303 1
646 302 -1
646 304 1
647 263 1
647 304 -1
648 291 -1
648 305 1
649 294 1
649 306 -1
650 305 -1
650 306 1
651 303 -1
651 305 1
652 304 1
652 306 -1
653 251 1
653 307 -1
654 295 -1
654 307 1
655 302 1
655 307 -1
656 307 1
656 308 -1
657 268 -1
657 308 1
658 296 -1
658 309 1
659 309 -1
660 308 -1
660 309 1
661 273 -1
661 310 1
662 256 1
662 311 -1
663 310 -1
663 311 1
664 274 -1
664 312 1
665 310 1
665 312 -1
666 264 -1
666 313 1
667 312 1
667 313 -1
668 299 -1
668 314 1
669 303 1
669 314 -1
670 314 1
670 315 -1
671 311 -1
671 315 1
672 313 1
672 315 -1
673 280 -1
673 316 1
674 265 1
674 317 -1
675 316 -1
675 317 1
676 281 -1
676 318 1
677 316 1
677 318 -1
678 269 -1
678 319 1
679 318 1
679 319 -1
680 304 -1
680 320 1
681 308 1
681 320 -1
682 320 1
682 321 -1
683 317 -1
683 321 1
684 319 1
684 321 -1
685 275 1
685 322 -1
686 310 -1
686 322 1
687 322 -1
687 323 1
688 284 1
688 323 -1
689 311 1
689 324 -1
690 324 1
691 323 1
691 324 -1
692 276 1
692 325 -1
693 312 -1
693 325 1
694 322 1
694 325 -1
695 282 1
695 326 -1
696 316 -1
696 326 1
697 325 1
697 327 -1
698 285 -1
698 327 1
699 326 -1
699 328 1
700 286 1
700 328 -1
701 313 -1
701 329 1
702 317 1
702 330 -1
703 329 -1
703 330 1
704 327 -1
704 329 1
705 328 1
705 330 -1
706 283 1
706 331 -1
707 318 -1
707 331 1
708 326 1
708 331 -1
709 331 1
709 332 -1
710 287 -1
710 332 1
711 319 -1
711 333 1
712 333 -1
713 332 -1
713 333 1
714 323 -1
714 334 1
715 327 1
715 334 -1
716 334 1
717 328 -1
717 335 1
718 332 1
718 335 -1
719 335 1
720 292 1
720 336 -1
721 336 1
722 300 1
722 337 -1
723 336 -1
723 338 1
724 337 1
724 338 -1
725 337 -1
726 338 1
726 339 -1
727 339 1
728 339 -1
729 297 1
729 340 -1
730 340 1
731 305 -1
731 341 1
732 336 1
732 342 -1
733 341 -1
733 342 1
734 306 1
734 343 -1
735 340 -1
735 344 1
736 343 1
736 344 -1
737 341 1
737 343 -1
738 342 -1
738 345 1
739 345 -1
740 344 1
740 346 -1
741 346 1
742 345 1
742 346 -1
743 309 -1
743 347 1
744 340 1
744 348 -1
745 347 -1
745 348 1
746 347 1
747 348 -1
747 349 1
748 349 -1
749 349 1
750 314 -1
750 350 1
751 337 1
751 351 -1
752 350 -1
752 351 1
753 341 -1
753 352 1
754 350 1
754 352 -1
755 338 -1
755 353 1
756 353 -1
756 354 1
757 342 1
757 354 -1
758 353 1
758 355 -1
759 351 -1
759 355 1
760 354 1
760 356 -1
761 355 -1
761 356 1
762 352 1
762 356 -1
763 320 -1
763 357 1
764 343 1
764 358 -1
765 357 -1
765 358 1
766 347 -1
766 359 1
767 357 1
767 359 -1
768 344 -1
768 360 1
769 360 -1
769 361 1
770 348 1
770 361 -1
771 360 1
771 362 -1
772 358 -1
772 362 1
773 361 1
773 363 -1
774 362 -1
774 363 1
775 359 1
775 363 -1
776 315 1
776 364 -1
777 350 -1
777 364 1
778 324 1
778 365 -1
779 364 -1
779 366 1
780 365 1
780 366 -1
781 365 -1
782 351 1
782 367 -1
783 367 1
784 366 1
784 368 -1
785 367 -1
785 368 1
786 368 -1
787 321 1
787 369 -1
788 357 -1
788 369 1
789 329 -1
789 370 1
790 364 1
790 371 -1
791 370 -1
791 371 1
792 330 1
792 372 -1
793 369 -1
793 373 1
794 372 1
794 373 -1
795 370 1
795 372 -1
796 352 -1
796 374 1
797 358 1
797 375 -1
798 374 -1
798 375 1
799 371 -1
799 376 1
800 374 1
800 376 -1
801 373 1
801 377 -1
802 375 -1
802 377 1
803 376 1
803 377 -1
804 333 -1
804 378 1
805 369 1
805 379 -1
806 378 -1
806 379 1
807 378 1
808 359 -1
808 380 1
809 380 -1
810 379 -1
810 381 1
811 380 1
811 381 -1
812 381 1
813 334 -1
813 382 1
814 365 1
814 383 -1
815 382 -1
815 383 1
816 370 -1
816 384 1
817 382 1
817 384 -1
818 366 -1
818 385 1
819 385 -1
819 386 1
820 371 1
820 386 -1
821 385 1
821 387 -1
822 383 -1
822 387 1
823 386 1
823 388 -1
824 387 -1
824 388 1
825 384 1
825 388 -1
826 335 -1
826 389 1
827 372 1
827 390 -1
828 389 -1
828 390 1
829 378 -1
829 391 1
830 389 1
830 391 -1
831 373 -1
831 392 1
832 392 -1
832 393 1
833 379 1
833 393 -1
834 392 1
834 394 -1
835 390 -1
835 394 1
836 393 1
836 395 -1
837 394 -1
837 395 1
838 391 1
838 395 -1
839 382 -1
840 383 1
840 396 -1
841 396 1
842 396 -1
843 389 -1
844 384 -1
844 397 1
845 390 1
845 398 -1
846 397 -1
846 398 1
847 397 1
848 398 -1
849 391 -1
849 399 1
850 399 -1
851 399 1
852 353 -1
852 400 1
853 339 1
853 401 -1
854 400 -1
854 401 1
855 354 -1
855 402 1
856 400 1
856 402 -1
857 345 -1
857 403 1
858 402 1
858 403 -1
859 404 -1
860 401 -1
860 404 1
861 403 1
861 404 -1
862 360 -1
862 405 1
863 346 1
863 406 -1
864 405 -1
864 406 1
865 361 -1
865 407 1
866 405 1
866 407 -1
867 349 -1
867 408 1
868 407 1
868 408 -1
869 409 -1
870 406 -1
870 409 1
871 408 1
871 409 -1
872 355 1
872 410 -1
873 400 -1
873 410 1
874 410 -1
874 411 1
875 367 1
875 411 -1
876 401 1
876 412 -1
877 412 1
878 411 1
878 412 -1
879 356 1
879 413 -1
880 402 -1
880 413 1
881 410 1
881 413 -1
882 362 1
882 414 -1
883 405 -1
883 414 1
884 413 1
884 415 -1
885 374 -1
885 415 1
886 414 -1
886 416 1
887 375 1
887 416 -1
888 403 -1
888 417 1
889 406 1
889 418 -1
890 417 -1
890 418 1
891 415 -1
891 417 1
892 416 1
892 418 -1
893 363 1
893 419 -1
894 407 -1
894 419 1
895 414 1
895 419 -1
896 419 1
896 420 -1
897 380 -1
897 420 1
898 408 -1
898 421 1
899 421 -1
900 420 -1
900 421 1
901 385 -1
901 422 1
902 368 1
902 423 -1
903 422 -1
903 423 1
904 386 -1
904 424 1
905 422 1
905 424 -1
906 376 -1
906 425 1
907 424 1
907 425 -1
908 411 -1
908 426 1
909 415 1
909 426 -1
910 426 1
910 427 -1
911 423 -1
911 427 1
912 425 1
912 427 -1
913 392 -1
913 428 1
914 377 1
914 429 -1
915 428 -1
915 429 1
916 393 -1
916 430 1
917 428 1
917 430 -1
918 381 -1
918 431 1
919 430 1
919 431 -1
920 416 -1
920 432 1
921 420 1
921 432 -1
922 432 1
922 433 -1
923 429 -1
923 433 1
924 431 1
924 433 -1
925 387 1
925 434 -1
926 422 -1
926 434 1
927 434 -1
927 435 1
928 396 1
928 435 -1
929 423 1
929 436 -1
930 436 1
931 435 1
931 436 -1
932 388 1
932 437 -1
933 424 -1
933 437 1
934 434 1
934 437 -1
935 394 1
935 438 -1
936 428 -1
936 438 1
937 437 1
937 439 -1
938 397 -1
938 439 1
939 438 -1
939 440 1
940 398 1
940 440 -1
941 425 -1
941 441 1
942 429 1
942 442 -1
943 441 -1
943 442 1
944 439 -1
944 441 1
945 440 1
945 442 -1
946 395 1
946 443 -1
947 430 -1
947 443 1
948 438 1
948 443 -1
949 443 1
949 444 -1
950 399 -1
950 444 1
951 431 -1
951 445 1
952 445 -1
953 444 -1
953 445 1
954 435 -1
954 446 1
955 439 1
955 446 -1
956 446 1
957 440 -1
957 447 1
958 444 1
958 447 -1
959 447 1
960 404 1
960 448 -1
961 448 1
962 412 1
962 449 -1
963 448 -1
963 450 1
964 449 1
964 450 -1
965 449 -1
966 450 1
966 451 -1
967 451 1
968 451 -1
969 409 1
969 452 -1
970 452 1
971 417 -1
971 453 1
972 448 1
972 454 -1
973 453 -1
973 454 1
974 418 1
974 455 -1
975 452 -1
975 456 1
976 455 1
976 456 -1
977 453 1
977 455 -1
978 454 -1
978 457 1
979 457 -1
980 456 1
980 458 -1
981 458 1
982 457 1
982 458 -1
983 421 -1
983 459 1
984 452 1
984 460 -1
985 459 -1
985 460 1
986 459 1
987 460 -1
987 461 1
988 461 -1
989 461 1
990 426 -1
990 462 1
991 449 1
991 463 -1
992 462 -1
992 463 1
993 453 -1
993 464 1
994 462 1
994 464 -1
995 450 -1
995 465 1
996 465 -1
996 466 1
997 454 1
997 466 -1
998 465 1
998 467 -1
999 463 -1
999 467 1
1000 466 1
1000 468 -1
1001 467 -1
1001 468 1
1002 464 1
1002 468 -1
1003 432 -1
1003 469 1
1004 455 1
1004 470 -1
1005 469 -1
1005 470 1
1006 459 -1
1006 471 1
1007 469 1
1007 471 -1
1008 456 -1
1008 472 1
1009 472 -1
1009 473 1
1010 460 1
1010 473 -1
1011 472 1
1011 474 -1
1012 470 -1
1012 474 1
1013 473 1
1013 475 -1
1014 474 -1
1014 475 1
1015 471 1
1015 475 -1
1016 427 1
1016 476 -1
1017 462 -1
1017 476 1
1018 436 1
1018 477 -1
1019 476 -1
1019 478 1
1020 477 1
1020 478 -1
1021 477 -1
1022 463 1
1022 479 -1
1023 479 1
1024 478 1
1024 480 -1
1025 479 -1
1025 480 1
1026 480 -1
1027 433 1
1027 481 -1
1028 469 -1
1028 481 1
1029 441 -1
1029 482 1
1030 476 1
1030 483 -1
1031 482 -1
1031 483 1
1032 442 1
1032 484 -1
1033 481 -1
1033 485 1
1034 484 1
1034 485 -1
1035 482 1
1035 484 -1
1036 464 -1
1036 486 1
1037 470 1
1037 487 -1
1038 486 -1
1038 487 1
1039 483 -1
1039 488 1
1040 486 1
1040 488 -1
1041 485 1
1041 489 -1
1042 487 -1
1042 489 1
1043 488 1
1043 489 -1
1044 445 -1
1044 490 1
1045 481 1
1045 491 -1
1046 490 -1
1046 491 1
1047 490 1
1048 471 -1
1048 492 1
1049 492 -1
1050 491 -1
1050 493 1
1051 492 1
1051 493 -1
1052 493 1
1053 446 -1
1053 494 1
1054 477 1
1054 495 -1
1055 494 -1
1055 495 1
1056 482 -1
1056 496 1
1057 494 1
1057 496 -1
1058 478 -1
1058 497 1
1059 497 -1
1059 498 1
1060 483 1
1060 498 -1
1061 497 1
1061 499 -1
1062 495 -1
1062 499 1
1063 498 1
1063 500 -1
1064 499 -1
1064 500 1
1065 496 1
1065 500 -1
1066 447 -1
1066 501 1
1067 484 1
1067 502 -1
1068 501 -1
1068 502 1
1069 490 -1
1069 503 1
1070 501 1
1070 503 -1
1071 485 -1
1071 504 1
1072 504 -1
1072 505 1
1073 491 1
1073 505 -1
1074 504 1
1074 506 -1
1075 502 -1
1075 506 1
1076 505 1
1076 507 -1
1077 506 -1
1077 507 1
1078 503 1
1078 507 -1
1079 494 -1
1080 495 1
1080 508 -1
1081 508 1
1082 508 -1
1083 501 -1
1084 496 -1
1084 509 1
1085 502 1
1085 510 -1
1086 509 -1
1086 510 1
1087 509 1
1088 510 -1
1089 503 -1
1089 511 1
1090 511 -1
1091 511 1
1092 465 -1
1092 512 1
1093 451 1
1093 513 -1
1094 512 -1
1094 513 1
1095 466 -1
1095 514 1
1096 512 1
1096 514 -1
1097 457 -1
1097 515 1
1098 514 1
1098 515 -1
1099 516 -1
1100 513 -1
1100 516 1
1101 515 1
1101 516 -1
1102 472 -1
1102 517 1
1103 458 1
1103 518 -1
1104 517 -1
1104 518 1
1105 473 -1
1105 519 1
1106 517 1
1106 519 -1
1107 461 -1
1107 520 1
1108 519 1
1108 520 -1
1109 521 -1
1110 518 -1
1110 521 1
1111 520 1
1111 521 -1
1112 467 1
1112 522 -1
1113 512 -1
1113 522 1
1114 522 -1
1114 523 1
1115 479 1
1115 523 -1
1116 513 1
1116 524 -1
1117 524 1
1118 523 1
1118 524 -1
1119 468 1
1119 525 -1
1120 514 -1
1120 525 1
1121 522 1
1121 525 -1
1122 474 1
1122 526 -1
1123 517 -1
1123 526 1
1124 525 1
1124 527 -1
1125 486 -1
1125 527 1
1126 526 -1
1126 528 1
1127 487 1
1127 528 -1
1128 515 -1
1128 529 1
1129 518 1
1129 530 -1
1130 529 -1
1130 530 1
1131 527 -1
1131 529 1
1132 528 1
1132 530 -1
1133 475 1
1133 531 -1
1134 519 -1
1134 531 1
1135 526 1
1135 531 -1
1136 531 1
1136 532 -1
1137 492 -1
1137 532 1
1138 520 -1
1138 533 1
1139 533 -1
1140 532 -1
1140 533 1
1141 497 -1
1141 534 1
1142 480 1
1142 535 -1
1143 534 -1
1143 535 1
1144 498 -1
1144 536 1
1145 534 1
1145 536 -1
1146 488 -1
1146 537 1
1147 536 1
1147 537 -1
1148 523 -1
1148 538 1
1149 527 1
1149 538 -1
1150 538 1
1150 539 -1
1151 535 -1
1151 539 1
1152 537 1
1152 539 -1
1153 504 -1
1153 540 1
1154 489 1
1154 541 -1
1155 540 -1
1155 541 1
1156 505 -1
1156 542 1
1157 540 1
1157 542 -1
1158 493 -1
1158 543 1
1159 542 1
1159 543 -1
1160 528 -1
1160 544 1
1161 532 1
1161 544 -1
1162 544 1
1162 545 -1
1163 541 -1
1163 545 1
1164 543 1
1164 545 -1
1165 499 1
1165 546 -1
1166 534 -1
1166 546 1
1167 546 -1
1167 547 1
1168 508 1
1168 547 -1
1169 535 1
1169 548 -1
1170 548 1
1171 547 1
1171 548 -1
1172 500 1
1172 549 -1
1173 536 -1
1173 549 1
1174 546 1
1174 549 -1
1175 506 1
1175 550 -1
1176 540 -1
1176 550 1
1177 549 1
1177 551 -1
1178 509 -1
1178 551 1
1179 550 -1
1179 552 1
1180 510 1
1180 552 -1
1181 537 -1
1181 553 1
1182 541 1
1182 554 -1
1183 553 -1
1183 554 1
1184 551 -1
1184 553 1
1185 552 1
1185 554 -1
1186 507 1
1186 555 -1
1187 542 -1
1187 555 1
1188 550 1
1188 555 -1
1189 555 1
1189 556 -1
1190 511 -1
1190 556 1
1191 543 -1
1191 557 1
1192 557 -1
1193 556 -1
1193 557 1
1194 547 -1
1194 558 1
1195 551 1
1195 558 -1
1196 558 1
1197 552 -1
1197 559 1
1198 556 1
1198 559 -1
1199 559 1
1200 516 1
1200 560 -1
1201 560 1
1202 524 1
1202 561 -1
1203 560 -1
1203 562 1
1204 561 1
1204 562 -1
1205 561 -1
1206 562 1
1206 563 -1
1207 563 1
1208 563 -1
1209 521 1
1209 564 -1
1210 564 1
1211 529 -1
1211 565 1
1212 560 1
1212 566 -1
1213 565 -1
1213 566 1
1214 530 1
1214 567 -1
1215 564 -1
1215 568 1
1216 567 1
1216 568 -1
1217 565 1
1217 567 -1
1218 566 -1
1218 569 1
1219 569 -1
1220 568 1
1220 570 -1
1221 570 1
1222 569 1
1222 570 -1
1223 533 -1
1223 571 1
1224 564 1
1224 572 -1
1225 571 -1
1225 572 1
1226 571 1
1227 572 -1
1227 573 1
1228 573 -1
1229 573 1
1230 538 -1
1230 574 1
1231 561 1
1231 575 -1
1232 574 -1
1232 575 1
1233 565 -1
1233 576 1
1234 574 1
1234 576 -1
1235 562 -1
1235 577 1
1236 577 -1
1236 578 1
1237 566 1
1237 578 -1
1238 577 1
1238 579 -1
1239 575 -1
1239 579 1
1240 578 1
1240 580 -1
1241 579 -1
1241 580 1
1242 576 1
1242 580 -1
1243 544 -1
1243 581 1
1244 567 1
1244 582 -1
1245 581 -1
1245 582 1
1246 571 -1
1246 583 1
1247 581 1
1247 583 -1
1248 568 -1
1248 584 1
1249 584 -1
1249 585 1
1250 572 1
1250 585 -1
1251 584 1
1251 586 -1
1252 582 -1
1252 586 1
1253 585 1
1253 587 -1
1254 586 -1
1254 587 1
1255 583 1
1255 587 -1
1256 539 1
1256 588 -1
1257 574 -1
1257 588 1
1258 548 1
1258 589 -1
1259 588 -1
1259 590 1
1260 589 1
1260 590 -1
1261 589 -1
1262 575 1
1262 591 -1
1263 591 1
1264 590 1
1264 592 -1
1265 591 -1
1265 592 1
1266 592 -1
1267 545 1
1267 593 -1
1268 581 -1
1268 593 1
1269 553 -1
1269 594 1
1270 588 1
1270 595 -1
1271 594 -1
1271 595 1
1272 554 1
1272 596 -1
1273 593 -1
1273 597 1
1274 596 1
1274 597 -1
1275 594 1
1275 596 -1
1276 576 -1
1276 598 1
1277 582 1
1277 599 -1
1278 598 -1
1278 599 1
1279 595 -1
1279 600 1
1280 598 1
1280 600 -1
1281 597 1
1281 601 -1
1282 599 -1
1282 601 1
1283 600 1
1283 601 -1
1284 557 -1
1284 602 1
1285 593 1
1285 603 -1
1286 602 -1
1286 603 1
1287 602 1
1288 583 -1
1288 604 1
1289 604 -1
1290 603 -1
1290 605 1
1291 604 1
1291 605 -1
1292 605 1
1293 558 -1
1293 606 1
1294 589 1
1294 607 -1
1295 606 -1
1295 607 1
1296 594 -1
1296 608 1
1297 606 1
1297 608 -1
1298 590 -1
1298 609 1
1299 609 -1
1299 610 1
1300 595 1
1300 610 -1
1301 609 1
1301 611 -1
1302 607 -1
1302 611 1
1303 610 1
1303 612 -1
1304 611 -1
1304 612 1
1305 608 1
1305 612 -1
1306 559 -1
1306 613 1
1307 596 1
1307 614 -1
1308 613 -1
1308 614 1
1309 602 -1
1309 615 1
1310 613 1
1310 615 -1
1311 597 -1
1311 616 1
1312 616 -1
1312 617 1
1313 603 1
1313 617 -1
1314 616 1
1314 618 -1
1315 614 -1
1315 618 1
1316 617 1
1316 619 -1
1317 618 -1
1317 619 1
1318 615 1
1318 619 -1
1319 606 -1
1320 607 1
1320 620 -1
1321 620 1
1322 620 -1
1323 613 -1
1324 608 -1
1324 621 1
1325 614 1
1325 622 -1
1326 621 -1
1326 622 1
1327 621 1
1328 622 -1
1329 615 -1
1329 623 1
1330 623 -1
1331 623 1
1332 577 -1
1332 624 1
1333 563 1
1333 625 -1
1334 624 -1
1334 625 1
1335 578 -1
1335 626 1
1336 624 1
1336 626 -1
1337 569 -1
1337 627 1
1338 626 1
1338 627 -1
1339 628 -1
1340 625 -1
1340 628 1
1341 627 1
1341 628 -1
1342 584 -1
1342 629 1
1343 570 1
1343 630 -1
1344 629 -1
1344 630 1
1345 585 -1
1345 631 1
1346 629 1
1346 631 -1
1347 573 -1
1347 632 1
1348 631 1
1348 632 -1
1349 633 -1
1350 630 -1
1350 633 1
1351 632 1
1351 633 -1
1352 579 1
1352 634 -1
1353 624 -1
1353 634 1
1354 634 -1
1354 635 1
1355 591 1
1355 635 -1
1356 625 1
1356 636 -1
1357 636 1
1358 635 1
1358 636 -1
1359 580 1
1359 637 -1
1360 626 -1
1360 637 1
1361 634 1
1361 637 -1
1362 586 1
1362 638 -1
1363 629 -1
1363 638 1
1364 637 1
1364 639 -1
1365 598 -1
1365 639 1
1366 638 -1
1366 640 1
1367 599 1
1367 640 -1
1368 627 -1
1368 641 1
1369 630 1
1369 642 -1
1370 641 -1
1370 642 1
1371 639 -1
1371 641 1
1372 640 1
1372 642 -1
1373 587 1
1373 643 -1
1374 631 -1
1374 643 1
1375 638 1
1375 643 -1
1376 643 1
1376 644 -1
1377 604 -1
1377 644 1
1378 632 -1
1378 645 1
1379 645 -1
1380 644 -1
1380 645 1
1381 609 -1
1381 646 1
1382 592 1
1382 647 -1
1383 646 -1
1383 647 1
1384 610 -1
1384 648 1
1385 646 1
1385 648 -1
1386 600 -1
1386 649 1
1387 648 1
1387 649 -1
1388 635 -1
1388 650 1
1389 639 1
1389 650 -1
1390 650 1
1390 651 -1
1391 647 -1
1391 651 1
1392 649 1
1392 651 -1
1393 616 -1
1393 652 1
1394 601 1
1394 653 -1
1395 652 -1
1395 653 1
1396 617 -1
1396 654 1
1397 652 1
1397 654 -1
1398 605 -1
1398 655 1
1399 654 1
1399 655 -1
1400 640 -1
1400 656 1
1401 644 1
1401 656 -1
1402 656 1
1402 657 -1
1403 653 -1
1403 657 1
1404 655 1
1404 657 -1
1405 611 1
1405 658 -1
1406 646 -1
1406 658 1
1407 658 -1
1407 659 1
1408 620 1
1408 659 -1
1409 647 1
1409 660 -1
1410 660 1
1411 659 1
1411 660 -1
1412 612 1
1412 661 -1
1413 648 -1
1413 661 1
1414 658 1
1414 661 -1
1415 618 1
1415 662 -1
1416 652 -1
1416 662 1
1417 661 1
1417 663 -1
1418 621 -1
1418 663 1
1419 662 -1
1419 664 1
1420 622 1
1420 664 -1
1421 649 -1
1421 665 1
1422 653 1
1422 666 -1
1423 665 -1
1423 666 1
1424 663 -1
1424 665 1
1425 664 1
1425 666 -1
1426 619 1
1426 667 -1
1427 654 -1
1427 667 1
1428 662 1
1428 667 -1
1429 667 1
1429 668 -1
1430 623 -1
1430 668 1
1431 655 -1
1431 669 1
1432 669 -1
1433 668 -1
1433 669 1
1434 659 -1
1434 670 1
1435 663 1
1435 670 -1
1436 670 1
1437 664 -1
1437 671 1
1438 668 1
1438 671 -1
1439 671 1
1440 628 1
1440 672 -1
1441 672 1
1442 636 1
1442 673 -1
1443 672 -1
1443 674 1
1444 673 1
1444 674 -1
1445 673 -1
1446 674 1
1446 675 -1
1447 675 1
1448 675 -1
1449 633 1
1449 676 -1
1450 676 1
1451 641 -1
1451 677 1
1452 672 1
1452 678 -1
1453 677 -1
1453 678 1
1454 642 1
1454 679 -1
1455 676 -1
1455 680 1
1456 679 1
1456 680 -1
1457 677 1
1457 679 -1
1458 678 -1
1458 681 1
1459 681 -1
1460 680 1
1460 682 -1
1461 682 1
1462 681 1
1462 682 -1
1463 645 -1
1463 683 1
1464 676 1
1464 684 -1
1465 683 -1
1465 684 1
1466 683 1
1467 684 -1
1467 685 1
1468 685 -1
1469 685 1
1470 650 -1
1470 686 1
1471 673 1
1471 687 -1
1472 686 -1
1472 687 1
1473 677 -1
1473 688 1
1474 686 1
1474 688 -1
1475 674 -1
1475 689 1
1476 689 -1
1476 690 1
1477 678 1
1477 690 -1
1478 689 1
1478 691 -1
1479 687 -1
1479 691 1
1480 690 1
1480 692 -1
1481 691 -1
1481 692 1
1482 688 1
1482 692 -1
1483 656 -1
1483 693 1
1484 679 1
1484 694 -1
1485 693 -1
1485 694 1
1486 683 -1
1486 695 1
1487 693 1
1487 695 -1
1488 680 -1
1488 696 1
1489 696 -1
1489 697 1
1490 684 1
1490 697 -1
1491 696 1
1491 698 -1
1492 694 -1
1492 698 1
1493 697 1
1493 699 -1
1494 698 -1
1494 699 1
1495 695 1
1495 699 -1
1496 651 1
1496 700 -1
1497 686 -1
1497 700 1
1498 660 1
1498 701 -1
1499 700 -1
1499 702 1
1500 701 1
1500 702 -1
1501 701 -1
1502 687 1
1502 703 -1
1503 703 1
1504 702 1
1504 704 -1
1505 703 -1
1505 704 1
1506 704 -1
1507 657 1
1507 705 -1
1508 693 -1
1508 705 1
1509 665 -1
1509 706 1
1510 700 1
1510 707 -1
1511 706 -1
1511 707 1
1512 666 1
1512 708 -1
1513 705 -1
1513 709 1
1514 708 1
1514 709 -1
1515 706 1
1515 708 -1
1516 688 -1
1516 710 1
1517 694 1
1517 711 -1
1518 710 -1
1518 711 1
1519 707 -1
1519 712 1
1520 710 1
1520 712 -1
1521 709 1
1521 713 -1
1522 711 -1
1522 713 1
1523 712 1
1523 713 -1
1524 669 -1
1524 714 1
1525 705 1
1525 715 -1
1526 714 -1
1526 715 1
1527 714 1
1528 695 -1
1528 716 1
1529 716 -1
1530 715 -1
1530 717 1
1531 716 1
1531 717 -1
1532 717 1
1533 670 -1
1533 718 1
1534 701 1
1534 719 -1
1535 718 -1
1535 719 1
1536 706 -1
1536 720 1
1537 718 1
1537 720 -1
1538 702 -1
1538 721 1
1539 721 -1
1539 722 1
1540 707 1
1540 722 -1
1541 721 1
1541 723 -1
1542 719 -1
1542 723 1
1543 722 1
1543 724 -1
1544 723 -1
1544 724 1
1545 720 1
1545 724 -1
1546 671 -1
1546 725 1
1547 708 1
1547 726 -1
1548 725 -1
1548 726 1
1549 714 -1
1549 727 1
1550 725 1
1550 727 -1
1551 709 -1
1551 728 1
1552 728 -1
1552 729 1
1553 715 1
1553 729 -1
1554 728 1
1554 730 -1
1555 726 -1
1555 730 1
1556 729 1
1556 731 -1
1557 730 -1
1557 731 1
1558 727 1
1558 731 -1
1559 718 -1
1560 719 1
1560 732 -1
1561 732 1
1562 732 -1
1563 725 -1
1564 720 -1
1564 733 1
1565 726 1
1565 734 -1
1566 733 -1
1566 734 1
1567 733 1
1568 734 -1
1569 727 -1
1569 735 1
1570 735 -1
1571 735 1
1572 689 -1
1572 736 1
1573 675 1
1573 737 -1
1574 736 -1
1574 737 1
1575 690 -1
1575 738 1
1576 736 1
1576 738 -1
1577 681 -1
1577 739 1
1578 738 1
1578 739 -1
1579 740 -1
1580 737 -1
1580 740 1
1581 739 1
1581 740 -1
1582 696 -1
1582 741 1
1583 682 1
1583 742 -1
1584 741 -1
1584 742 1
1585 697 -1
1585 743 1
1586 741 1
1586 743 -1
1587 685 -1
1587 744 1
1588 743 1
1588 744 -1
1589 745 -1
1590 742 -1
1590 745 1
1591 744 1
1591 745 -1
1592 691 1
1592 746 -1
1593 736 -1
1593 746 1
1594 746 -1
1594 747 1
1595 703 1
1595 747 -1
1596 737 1
1596 748 -1
1597 748 1
1598 747 1
1598 748 -1
1599 692 1
1599 749 -1
1600 738 -1
1600 749 1
1601 746 1
1601 749 -1
1602 698 1
1602 750 -1
1603 741 -1
1603 750 1
1604 749 1
1604 751 -1
1605 710 -1
1605 751 1
1606 750 -1
1606 752 1
1607 711 1
1607 752 -1
1608 739 -1
1608 753 1
1609 742 1
1609 754 -1
1610 753 -1
1610 754 1
1611 751 -1
1611 753 1
1612 752 1
1612 754 -1
1613 699 1
1613 755 -1
1614 743 -1
1614 755 1
1615 750 1
1615 755 -1
1616 755 1
1616 756 -1
1617 716 -1
1617 756 1
1618 744 -1
1618 757 1
1619 757 -1
1620 756 -1
1620 757 1
1621 721 -1
1621 758 1
1622 704 1
1622 759 -1
1623 758 -1
1623 759 1
1624 722 -1
1624 760 1
1625 758 1
1625 760 -1
1626 712 -1
1626 761 1
1627 760 1
1627 761 -1
1628 747 -1
1628 762 1
1629 751 1
1629 762 -1
1630 762 1
1630 763 -1
1631 759 -1
1631 763 1
1632 761 1
1632 763 -1
1633 728 -1
1633 764 1
1634 713 1
1634 765 -1
1635 764 -1
1635 765 1
1636 729 -1
1636 766 1
1637 764 1
1637 766 -1
1638 717 -1
1638 767 1
1639 766 1
1639 767 -1
1640 752 -1
1640 768 1
1641 756 1
1641 768 -1
1642 768 1
1642 769 -1
1643 765 -1
1643 769 1
1644 767 1
1644 769 -1
1645 723 1
1645 770 -1
1646 758 -1
1646 770 1
1647 770 -1
1647 771 1
1648 732 1
1648 771 -1
1649 759 1
1649 772 -1
1650 772 1
1651 771 1
1651 772 -1
1652 724 1
1652 773 -1
1653 760 -1
1653 773 1
1654 770 1
1654 773 -1
1655 730 1
1655 774 -1
1656 764 -1
1656 774 1
1657 773 1
1657 775 -1
1658 733 -1
1658 775 1
1659 774 -1
1659 776 1
1660 734 1
1660 776 -1
1661 761 -1
1661 777 1
1662 765 1
1662 778 -1
1663 777 -1
1663 778 1
1664 775 -1
1664 777 1
1665 776 1
1665 778 -1
1666 731 1
1666 779 -1
1667 766 -1
1667 779 1
1668 774 1
1668 779 -1
1669 779 1
1669 780 -1
1670 735 -1
1670 780 1
1671 767 -1
1671 781 1
1672 781 -1
1673 780 -1
1673 781 1
1674 771 -1
1674 782 1
1675 775 1
1675 782 -1
1676 782 1
1677 776 -1
1677 783 1
1678 780 1
1678 783 -1
1679 783 1
1680 740 1
1680 784 -1
1681 784 1
1682 748 1
1682 785 -1
1683 784 -1
1683 786 1
1684 785 1
1684 786 -1
1685 785 -1
1686 786 1
1686 787 -1
1687 787 1
1688 787 -1
1689 745 1
1689 788 -1
1690 788 1
1691 753 -1
1691 789 1
1692 784 1
1692 790 -1
1693 789 -1
1693 790 1
1694 754 1
1694 791 -1
1695 788 -1
1695 792 1
1696 791 1
1696 792 -1
1697 789 1
1697 791 -1
1698 790 -1
1698 793 1
1699 793 -1
1700 792 1
1700 794 -1
1701 794 1
1702 793 1
1702 794 -1
1703 757 -1
1703 795 1
1704 788 1
1704 796 -1
1705 795 -1
1705 796 1
1706 795 1
1707 796 -1
1707 797 1
1708 797 -1
1709 797 1
1710 762 -1
1710 798 1
1711 785 1
1711 799 -1
1712 798 -1
1712 799 1
1713 789 -1
1713 800 1
1714 798 1
1714 800 -1
1715 786 -1
1715 801 1
1716 801 -1
1716 802 1
1717 790 1
1717 802 -1
1718 801 1
1718 803 -1
1719 799 -1
1719 803 1
1720 802 1
1720 804 -1
1721 803 -1
1721 804 1
1722 800 1
1722 804 -1
1723 768 -1
1723 805 1
1724 791 1
1724 806 -1
1725 805 -1
1725 806 1
1726 795 -1
1726 807 1
1727 805 1
1727 807 -1
1728 792 -1
1728 808 1
1729 808 -1
1729 809 1
1730 796 1
1730 809 -1
1731 808 1
1731 810 -1
1732 806 -1
1732 810 1
1733 809 1
1733 811 -1
1734 810 -1
1734 811 1
1735 807 1
1735 811 -1
1736 763 1
1736 812 -1
1737 798 -1
1737 812 1
1738 772 1
1738 813 -1
1739 812 -1
1739 814 1
1740 813 1
1740 814 -1
1741 813 -1
1742 799 1
1742 815 -1
1743 815 1
1744 814 1
1744 816 -1
1745 815 -1
1745 816 1
1746 816 -1
1747 769 1
1747 817 -1
1748 805 -1
1748 817 1
1749 777 -1
1749 818 1
1750 812 1
1750 819 -1
1751 818 -1
1751 819 1
1752 778 1
1752 820 -1
1753 817 -1
1753 821 1
1754 820 1
1754 821 -1
1755 818 1
1755 820 -1
1756 800 -1
1756 822 1
1757 806 1
1757 823 -1
1758 822 -1
1758 823 1
1759 819 -1
1759 824 1
1760 822 1
1760 824 -1
1761 821 1
1761 825 -1
1762 823 -1
1762 825 1
1763 824 1
1763 825 -1
1764 781 -1
1764 826 1
1765 817 1
1765 827 -1
1766 826 -1
1766 827 1
1767 826 1
1768 807 -1
1768 828 1
1769 828 -1
1770 827 -1
1770 829 1
1771 828 1
1771 829 -1
1772 829 1
1773 782 -1
1773 830 1
1774 813 1
1774 831 -1
1775 830 -1
1775 831 1
1776 818 -1
1776 832 1
1777 830 1
1777 832 -1
1778 814 -1
1778 833 1
1779 833 -1
1779 834 1
1780 819 1
1780 834 -1
1781 833 1
1781 835 -1
1782 831 -1
1782 835 1
1783 834 1
1783 836 -1
1784 835 -1
1784 836 1
1785 832 1
1785 836 -1
1786 783 -1
1786 837 1
1787 820 1
1787 838 -1
1788 837 -1
1788 838 1
1789 826 -1
1789 839 1
1790 837 1
1790 839 -1
1791 821 -1
1791 840 1
1792 840 -1
1792 841 1
1793 827 1
1793 841 -1
1794 840 1
1794 842 -1
1795 838 -1
1795 842 1
1796 841 1
1796 843 -1
1797 842 -1
1797 843 1
1798 839 1
1798 843 -1
1799 830 -1
1800 831 1
1800 844 -1
1801 844 1
1802 844 -1
1803 837 -1
1804 832 -1
1804 845 1
1805 838 1
1805 846 -1
1806 845 -1
1806 846 1
1807 845 1
1808 846 -1
1809 839 -1
1809 847 1
1810 847 -1
1811 847 1
1812 801 -1
1812 848 1
1813 787 1
1813 849 -1
1814 848 -1
1814 849 1
1815 802 -1
1815 850 1
1816 848 1
1816 850 -1
1817 793 -1
1817 851 1
1818 850 1
1818 851 -1
1819 852 -1
1820 849 -1
1820 852 1
1821 851 1
1821 852 -1
1822 808 -1
1822 853 1
1823 794 1
1823 854 -1
1824 853 -1
1824 854 1
1825 809 -1
1825 855 1
1826 853 1
1826 855 -1
1827 797 -1
1827 856 1
1828 855 1
1828 856 -1
1829 857 -1
1830 854 -1
1830 857 1
1831 856 1
1831 857 -1
1832 803 1
1832 858 -1
1833 848 -1
1833 858 1
1834 858 -1
1834 859 1
1835 815 1
1835 859 -1
1836 849 1
1836 860 -1
1837 860 1
1838 859 1
1838 860 -1
1839 804 1
1839 861 -1
1840 850 -1
1840 861 1
1841 858 1
1841 861 -1
1842 810 1
1842 862 -1
1843 853 -1
1843 862 1
1844 861 1
1844 863 -1
1845 822 -1
1845 863 1
1846 862 -1
1846 864 1
1847 823 1
1847 864 -1
1848 851 -1
1848 865 1
1849 854 1
1849 866 -1
1850 865 -1
1850 866 1
1851 863 -1
1851 865 1
1852 864 1
1852 866 -1
1853 811 1
1853 867 -1
1854 855 -1
1854 867 1
1855 862 1
1855 867 -1
1856 867 1
1856 868 -1
1857 828 -1
1857 868 1
1858 856 -1
1858 869 1
1859 869 -1
1860 868 -1
1860 869 1
1861 833 -1
1861 870 1
1862 816 1
1862 871 -1
1863 870 -1
1863 871 1
1864 834 -1
1864 872 1
1865 870 1
1865 872 -1
1866 824 -1
1866 873 1
1867 872 1
1867 873 -1
1868 859 -1
1868 874 1
1869 863 1
1869 874 -1
1870 874 1
1870 875 -1
1871 871 -1
1871 875 1
1872 873 1
1872 875 -1
1873 840 -1
1873 876 1
1874 825 1
1874 877 -1
1875 876 -1
1875 877 1
1876 841 -1
1876 878 1
1877 876 1
1877 878 -1
1878 829 -1
1878 879 1
1879 878 1
1879 879 -1
1880 864 -1
1880 880 1
1881 868 1
1881 880 -1
1882 880 1
1882 881 -1
1883 877 -1
1883 881 1
1884 879 1
1884 881 -1
1885 835 1
1885 882 -1
1886 870 -1
1886 882 1
1887 882 -1
1887 883 1
1888 844 1
1888 883 -1
1889 871 1
1889 884 -1
1890 884 1
1891 883 1
1891 884 -1
1892 836 1
1892 885 -1
1893 872 -1
1893 885 1
1894 882 1
1894 885 -1
1895 842 1
1895 886 -1
1896 876 -1
1896 886 1
1897 885 1
1897 887 -1
1898 845 -1
1898 887 1
1899 886 -1
1899 888 1
1900 846 1
1900 888 -1
1901 873 -1
1901 889 1
1902 877 1
1902 890 -1
1903 889 -1
1903 890 1
1904 887 -1
1904 889 1
1905 888 1
1905 890 -1
1906 843 1
1906 891 -1
1907 878 -1
1907 891 1
1908 886 1
1908 891 -1
1909 891 1
1909 892 -1
1910 847 -1
1910 892 1
1911 879 -1
1911 893 1
1912 893 -1
1913 892 -1
1913 893 1
1914 883 -1
1914 894 1
1915 887 1
1915 894 -1
1916 894 1
1917 888 -1
1917 895 1
1918 892 1
1918 895 -1
1919 895 1
1920 852 1
1921 860 1
1922 857 1
1923 865 -1
1924 866 1
1925 869 -1
1926 874 -1
1927 880 -1
1928 875 1
1929 884 1
1930 881 1
1931 889 -1
1932 890 1
1933 893 -1
1934 894 -1
1935 895 -1
