6
7
8
19
21
28
72
84
86
87
106
108
109
110
118
119
122
123
127
128
129
130
131
132
133
134
136
139
140
141
149
150
151
153
156
157
158
230
240
242
244
245
248
249
250
251
253
254
255
256
257
260
261
262
263
264
265
266
267
268
269
271
272
273
274
278
279
280
281
282
284
285
286
287
288
289
290
291
292
293
294
295
302
303
304
305
306
316
317
319
321
328
329
330
331
332
361
365
366
368
369
370
371
382
383
385
387
389
392
393
394
395
396
397
398
399
400
401
402
404
405
407
408
410
411
413
417
419
422
426
428
429
430
434
435
438
439
442
443
444
450
459
460
462
463
465
469
470
471
472
473
477
478
479
480
481
482
483
484
485
486
490
491
492
493
497
498
499
500
501
502
510
511
512
513
514
515
516
517
518
519
520
521
522
537
541
542
543
544
545
546
547
552
554
555
556
558
559
560
563
564
566
567
572
586
587
588
589
590
595
598
601
603
605
606
608
609
610
611
612
613
614
615
616
617
618
619
620
621
622
623
629
632
633
634
635
636
637
638
639
640
641
644
645
648
650
651
662
663
666
667
668
669
670
671
672
689
690
691
699
700
701
702
703
704
705
709
710
711
712
713
717
718
719
720
721
722
723
727
731
732
739
750
776
778
787
789
791
792
794
795
803
804
806
807
812
813
815
816
817
823
824
825
826
827
828
829
830
834
835
836
837
838
839
842
843
844
845
846
847
848
849
850
851
859
932
935
938
940
943
946
950
952
956
959
961
965
966
967
968
970
977
978
979
980
981
982
988
1023
1038
1083
1088
1091
1092
1093
1094
1095
1096
1097
1098
1099
1100
1101
1102
1103
1104
1106
1109
1110
1111
1113
1116
1117
1118
1120
1123
1128
1129
1130
1131
1132
1197
1198
1199
1200
1201
1202
1203
1204
1205
1206
1207
1208
1209
1211
1212
1213
1214
1216
1217
1218
1219
1222
1223
1225
1226
1229
1230
1231
1233
1235
1237
1243
1244
1245
1246
1247
1252
1255
1263
1267
1268
1272
1273
1274
1275
1277
1278
1281
1282
1283
1284
1285
1286
1287
1288
1289
1290
1291
1292
1306
1307
1308
1309
1310
1311
1312
1313
1314
1315
1316
1317
1318
1319
1323
1324
1325
1326
1327
1328
1329
1333
1334
1337
1338
1339
1340
1341
1356
1357
1358
1367
1368
1370
1371
1377
1379
1393
1394
1395
1396
1397
1398
1399
1402
1403
1404
1412
1415
1416
1418
1419
1420
1422
1423
1425
1426
1427
1428
1429
1430
1431
1432
1433
1436
1437
1438
1439
1440
1441
1442
1443
1444
1445
1446
1447
1448
1451
1452
1453
1457
1458
1459
1462
1466
1469
1470
1471
1472
1473
1474
1475
1477
1479
1482
1497
1501
1502
1503
1504
1505
1506
1507
1508
1512
1513
1514
1515
1516
1517
1519
1521
1524
1525
1526
1527
1528
1529
1530
1531
1532
1546
1547
1549
1551
1552
1553
1554
1556
1559
1560
1561
1562
1564
1566
1567
1570
1573
1577
1595
1605
1607
1617
1621
1622
1623
1624
1625
1626
1627
1631
1632
1633
1634
1635
1636
1637
1638
1639
1643
1644
1645
1646
1647
1648
1649
1650
1651
1652
1653
1654
1656
1657
1658
1661
1662
1663
1664
1665
1667
1671
1672
1673
1674
1675
1676
1686
1687
1688
1699
1701
1708
1738
1749
1752
1764
1766
1767
1773
1775
1777
1786
1788
1789
1790
1796
1797
1798
1799
1802
1803
1807
1808
1809
1810
1811
1813
1814
1819
1820
1821
1829
1836
1837
1838
1906
1910
1920
1921
1923
