# A1
0 1 1
0 2 1
0 3 1
0 4 1
0 5 1
0 6 1
0 7 1
0 8 1
0 9 1
0 10 1
0 11 1
0 12 1
1 0 1
1 2 1
1 3 1
1 4 1
1 5 1
1 6 1
1 7 1
1 13 1
1 14 1
1 15 1
2 0 1
2 1 1
2 3 1
2 4 1
2 5 1
2 6 1
2 13 1
2 16 1
2 17 1
2 18 1
2 19 1
2 20 1
3 0 1
3 1 1
3 2 1
3 4 1
3 5 1
3 6 1
3 9 1
3 25 1
3 26 1
3 27 1
4 0 1
4 1 1
4 2 1
4 3 1
4 5 1
4 6 1
4 17 1
4 28 1
4 29 1
4 30 1
5 0 1
5 1 1
5 2 1
5 3 1
5 4 1
5 6 1
5 10 1
5 15 1
5 18 1
5 21 1
5 25 1
5 28 1
5 31 1
5 32 1
5 33 1
5 34 1
5 35 1
5 36 1
5 37 1
6 0 1
6 1 1
6 2 1
6 3 1
6 4 1
6 5 1
6 26 1
6 29 1
6 33 1
6 42 1
6 43 1
6 44 1
7 0 1
7 1 1
7 8 1
7 9 1
7 10 1
7 11 1
7 12 1
7 13 1
7 14 1
7 15 1
8 0 1
8 7 1
8 9 1
8 10 1
8 11 1
8 12 1
8 14 1
8 16 1
8 21 1
8 22 1
8 23 1
8 24 1
9 0 1
9 3 1
9 7 1
9 8 1
9 10 1
9 11 1
9 12 1
9 25 1
9 26 1
9 27 1
10 0 1
10 5 1
10 7 1
10 8 1
10 9 1
10 11 1
10 12 1
10 15 1
10 18 1
10 21 1
10 25 1
10 28 1
10 31 1
10 32 1
10 33 1
10 34 1
10 35 1
10 36 1
10 37 1
11 0 1
11 7 1
11 8 1
11 9 1
11 10 1
11 12 1
11 22 1
11 31 1
11 38 1
11 39 1
12 0 1
12 7 1
12 8 1
12 9 1
12 10 1
12 11 1
12 27 1
12 34 1
12 38 1
12 42 1
12 45 1
12 46 1
13 1 1
13 2 1
13 7 1
13 14 1
13 15 1
13 16 1
13 17 1
13 18 1
13 19 1
13 20 1
14 1 1
14 7 1
14 8 1
14 13 1
14 15 1
14 16 1
14 21 1
14 22 1
14 23 1
14 24 1
15 1 1
15 5 1
15 7 1
15 10 1
15 13 1
15 14 1
15 18 1
15 21 1
15 25 1
15 28 1
15 31 1
15 32 1
15 33 1
15 34 1
15 35 1
15 36 1
15 37 1
16 2 1
16 8 1
16 13 1
16 14 1
16 17 1
16 18 1
16 19 1
16 20 1
16 21 1
16 22 1
16 23 1
16 24 1
17 2 1
17 4 1
17 13 1
17 16 1
17 18 1
17 19 1
17 20 1
17 28 1
17 29 1
17 30 1
18 2 1
18 5 1
18 10 1
18 13 1
18 15 1
18 16 1
18 17 1
18 19 1
18 20 1
18 21 1
18 25 1
18 28 1
18 31 1
18 32 1
18 33 1
18 34 1
18 35 1
18 36 1
18 37 1
19 2 1
19 13 1
19 16 1
19 17 1
19 18 1
19 20 1
19 23 1
19 32 1
19 40 1
19 41 1
20 2 1
20 13 1
20 16 1
20 17 1
20 18 1
20 19 1
20 30 1
20 36 1
20 40 1
20 44 1
20 47 1
20 49 1
21 5 1
21 8 1
21 10 1
21 14 1
21 15 1
21 16 1
21 18 1
21 22 1
21 23 1
21 24 1
21 25 1
21 28 1
21 31 1
21 32 1
21 33 1
21 34 1
21 35 1
21 36 1
21 37 1
22 8 1
22 11 1
22 14 1
22 16 1
22 21 1
22 23 1
22 24 1
22 31 1
22 38 1
22 39 1
23 8 1
23 14 1
23 16 1
23 19 1
23 21 1
23 22 1
23 24 1
23 32 1
23 40 1
23 41 1
24 8 1
24 14 1
24 16 1
24 21 1
24 22 1
24 23 1
24 37 1
24 39 1
24 41 1
24 46 1
24 48 1
24 49 1
25 3 1
25 5 1
25 9 1
25 10 1
25 15 1
25 18 1
25 21 1
25 26 1
25 27 1
25 28 1
25 31 1
25 32 1
25 33 1
25 34 1
25 35 1
25 36 1
25 37 1
26 3 1
26 6 1
26 9 1
26 25 1
26 27 1
26 29 1
26 33 1
26 42 1
26 43 1
26 44 1
27 3 1
27 9 1
27 12 1
27 25 1
27 26 1
27 34 1
27 38 1
27 42 1
27 45 1
27 46 1
28 4 1
28 5 1
28 10 1
28 15 1
28 17 1
28 18 1
28 21 1
28 25 1
28 29 1
28 30 1
28 31 1
28 32 1
28 33 1
28 34 1
28 35 1
28 36 1
28 37 1
29 4 1
29 6 1
29 17 1
29 26 1
29 28 1
29 30 1
29 33 1
29 42 1
29 43 1
29 44 1
30 4 1
30 17 1
30 20 1
30 28 1
30 29 1
30 36 1
30 40 1
30 44 1
30 47 1
30 49 1
31 5 1
31 10 1
31 11 1
31 15 1
31 18 1
31 21 1
31 22 1
31 25 1
31 28 1
31 32 1
31 33 1
31 34 1
31 35 1
31 36 1
31 37 1
31 38 1
31 39 1
32 5 1
32 10 1
32 15 1
32 18 1
32 19 1
32 21 1
32 23 1
32 25 1
32 28 1
32 31 1
32 33 1
32 34 1
32 35 1
32 36 1
32 37 1
32 40 1
32 41 1
33 5 1
33 6 1
33 10 1
33 15 1
33 18 1
33 21 1
33 25 1
33 26 1
33 28 1
33 29 1
33 31 1
33 32 1
33 34 1
33 35 1
33 36 1
33 37 1
33 42 1
33 43 1
33 44 1
34 5 1
34 10 1
34 12 1
34 15 1
34 18 1
34 21 1
34 25 1
34 27 1
34 28 1
34 31 1
34 32 1
34 33 1
34 35 1
34 36 1
34 37 1
34 38 1
34 42 1
34 45 1
34 46 1
35 5 1
35 10 1
35 15 1
35 18 1
35 21 1
35 25 1
35 28 1
35 31 1
35 32 1
35 33 1
35 34 1
35 36 1
35 37 1
35 43 1
35 45 1
35 47 1
35 48 1
36 5 1
36 10 1
36 15 1
36 18 1
36 20 1
36 21 1
36 25 1
36 28 1
36 30 1
36 31 1
36 32 1
36 33 1
36 34 1
36 35 1
36 37 1
36 40 1
36 44 1
36 47 1
36 49 1
37 5 1
37 10 1
37 15 1
37 18 1
37 21 1
37 24 1
37 25 1
37 28 1
37 31 1
37 32 1
37 33 1
37 34 1
37 35 1
37 36 1
37 39 1
37 41 1
37 46 1
37 48 1
37 49 1
38 11 1
38 12 1
38 22 1
38 27 1
38 31 1
38 34 1
38 39 1
38 42 1
38 45 1
38 46 1
39 11 1
39 22 1
39 24 1
39 31 1
39 37 1
39 38 1
39 41 1
39 46 1
39 48 1
39 49 1
40 19 1
40 20 1
40 23 1
40 30 1
40 32 1
40 36 1
40 41 1
40 44 1
40 47 1
40 49 1
41 19 1
41 23 1
41 24 1
41 32 1
41 37 1
41 39 1
41 40 1
41 46 1
41 48 1
41 49 1
42 6 1
42 12 1
42 26 1
42 27 1
42 29 1
42 33 1
42 34 1
42 38 1
42 43 1
42 44 1
42 45 1
42 46 1
43 6 1
43 26 1
43 29 1
43 33 1
43 35 1
43 42 1
43 44 1
43 45 1
43 47 1
43 48 1
44 6 1
44 20 1
44 26 1
44 29 1
44 30 1
44 33 1
44 36 1
44 40 1
44 42 1
44 43 1
44 47 1
44 49 1
45 12 1
45 27 1
45 34 1
45 35 1
45 38 1
45 42 1
45 43 1
45 46 1
45 47 1
45 48 1
46 12 1
46 24 1
46 27 1
46 34 1
46 37 1
46 38 1
46 39 1
46 41 1
46 42 1
46 45 1
46 48 1
46 49 1
47 20 1
47 30 1
47 35 1
47 36 1
47 40 1
47 43 1
47 44 1
47 45 1
47 48 1
47 49 1
48 24 1
48 35 1
48 37 1
48 39 1
48 41 1
48 43 1
48 45 1
48 46 1
48 47 1
48 49 1
49 20 1
49 24 1
49 30 1
49 36 1
49 37 1
49 39 1
49 40 1
49 41 1
49 44 1
49 46 1
49 47 1
49 48 1
