# A2
0 1 1
0 2 1
0 12 1
0 13 1
1 0 1
1 2 1
1 16 1
1 17 1
2 0 1
2 1 1
2 4 1
2 6 1
2 7 1
2 9 1
2 18 1
2 19 1
3 4 1
3 21 1
3 22 1
4 2 1
4 3 1
4 6 1
4 7 1
4 9 1
4 13 1
5 6 1
5 26 1
5 27 1
6 2 1
6 4 1
6 5 1
6 7 1
6 9 1
6 22 1
6 28 1
6 29 1
7 2 1
7 4 1
7 6 1
7 8 1
7 9 1
7 16 1
7 36 1
7 37 1
8 7 1
8 10 1
8 11 1
8 38 1
9 2 1
9 4 1
9 6 1
9 7 1
9 10 1
9 26 1
9 39 1
9 40 1
10 8 1
10 9 1
10 11 1
10 41 1
11 8 1
11 10 1
11 36 1
11 39 1
11 46 1
11 47 1
11 48 1
12 0 1
12 13 1
12 23 1
13 0 1
13 4 1
13 12 1
13 14 1
13 16 1
14 13 1
14 15 1
14 16 1
14 23 1
14 24 1
14 31 1
14 32 1
14 33 1
15 14 1
15 18 1
15 34 1
16 1 1
16 7 1
16 13 1
16 14 1
16 17 1
16 36 1
16 37 1
17 1 1
17 16 1
17 19 1
17 20 1
18 2 1
18 15 1
18 19 1
18 31 1
18 42 1
18 43 1
19 2 1
19 17 1
19 18 1
19 20 1
19 37 1
19 49 1
19 50 1
20 17 1
20 19 1
20 42 1
20 54 1
21 3 1
21 22 1
21 24 1
21 25 1
22 3 1
22 6 1
22 21 1
22 23 1
22 28 1
22 29 1
23 12 1
23 14 1
23 22 1
23 24 1
23 31 1
23 32 1
23 33 1
24 14 1
24 21 1
24 23 1
24 25 1
24 26 1
24 31 1
24 32 1
24 33 1
25 21 1
25 24 1
25 28 1
25 35 1
26 5 1
26 9 1
26 24 1
26 27 1
26 39 1
26 40 1
27 5 1
27 26 1
27 29 1
27 30 1
28 6 1
28 22 1
28 25 1
28 29 1
28 32 1
28 44 1
28 45 1
29 6 1
29 22 1
29 27 1
29 28 1
29 30 1
29 40 1
29 53 1
30 27 1
30 29 1
30 44 1
30 55 1
31 14 1
31 18 1
31 23 1
31 24 1
31 32 1
31 33 1
31 42 1
31 43 1
32 14 1
32 23 1
32 24 1
32 28 1
32 31 1
32 33 1
32 44 1
32 45 1
33 14 1
33 23 1
33 24 1
33 31 1
33 32 1
33 34 1
33 35 1
34 15 1
34 33 1
34 35 1
34 43 1
35 25 1
35 33 1
35 34 1
35 45 1
36 7 1
36 11 1
36 16 1
36 37 1
36 39 1
36 46 1
36 47 1
36 48 1
37 7 1
37 16 1
37 19 1
37 36 1
37 38 1
37 49 1
37 50 1
38 8 1
38 37 1
38 46 1
38 56 1
39 9 1
39 11 1
39 26 1
39 36 1
39 40 1
39 46 1
39 47 1
39 48 1
40 9 1
40 26 1
40 29 1
40 39 1
40 41 1
40 53 1
41 10 1
41 40 1
41 48 1
42 18 1
42 20 1
42 31 1
42 43 1
42 46 1
42 54 1
43 18 1
43 31 1
43 34 1
43 42 1
43 45 1
43 50 1
43 52 1
43 53 1
44 28 1
44 30 1
44 32 1
44 45 1
44 48 1
44 51 1
44 55 1
45 28 1
45 32 1
45 35 1
45 43 1
45 44 1
45 50 1
45 52 1
45 53 1
46 11 1
46 36 1
46 38 1
46 39 1
46 42 1
46 47 1
46 48 1
46 56 1
47 11 1
47 36 1
47 39 1
47 46 1
47 48 1
47 49 1
47 57 1
48 11 1
48 36 1
48 39 1
48 41 1
48 44 1
48 46 1
48 47 1
48 51 1
49 19 1
49 37 1
49 47 1
49 50 1
49 56 1
49 58 1
50 19 1
50 37 1
50 43 1
50 45 1
50 49 1
50 52 1
50 53 1
50 54 1
51 44 1
51 48 1
51 52 1
51 57 1
51 59 1
52 43 1
52 45 1
52 50 1
52 51 1
52 53 1
52 58 1
53 29 1
53 40 1
53 43 1
53 45 1
53 50 1
53 52 1
53 55 1
53 59 1
54 20 1
54 42 1
54 50 1
55 30 1
55 44 1
55 53 1
55 59 1
56 38 1
56 46 1
56 49 1
56 58 1
57 47 1
57 51 1
57 59 1
58 49 1
58 52 1
58 56 1
59 51 1
59 53 1
59 55 1
59 57 1
