# B32
0 0 1
1 1 1
2 0 1
2 1 -1
3 2 -1
4 0 -1
4 2 1
5 3 -1
6 2 -1
6 3 1
7 1 1
7 4 -1
8 4 1
9 3 -1
9 5 1
10 5 -1
11 4 -1
11 5 1
12 6 1
13 0 1
13 6 -1
14 6 1
14 7 -1
15 7 1
16 1 -1
16 8 1
17 8 -1
18 7 -1
18 9 1
19 8 1
19 9 -1
20 9 1
21 10 1
22 2 1
22 10 -1
23 6 -1
23 10 1
24 10 -1
24 11 1
25 11 -1
26 3 1
26 12 -1
27 12 1
28 11 1
28 13 -1
29 12 -1
29 13 1
30 13 -1
31 7 1
31 14 -1
32 11 -1
32 15 1
33 14 1
33 15 -1
34 14 -1
35 15 1
36 4 1
36 16 -1
37 8 -1
37 16 1
38 16 -1
39 5 -1
39 17 1
40 12 1
40 17 -1
41 17 1
42 9 -1
42 18 1
43 14 1
43 18 -1
44 13 1
44 19 -1
45 15 -1
45 19 1
46 16 1
46 20 -1
47 20 1
47 21 -1
48 17 -1
48 21 1
49 20 -1
49 22 1
50 18 1
50 22 -1
51 21 -1
51 23 1
52 22 1
52 23 -1
53 19 -1
53 23 1
54 18 -1
55 19 1
56 20 1
57 21 1
58 22 -1
59 23 -1
