# FACES_AREAS
0.25000000
0.25000000
0.35355339
0.25000000
0.17677670
0.25000000
0.35355339
0.17677670
0.25000000
0.17677670
0.25000000
0.35355339
0.25000000
0.17677670
0.35355339
0.25000000
0.17677670
0.25000000
0.17677670
0.35355339
0.25000000
0.25000000
0.17677670
0.17677670
0.35355339
0.25000000
0.17677670
0.25000000
0.17677670
0.35355339
0.25000000
0.17677670
0.17677670
0.35355339
0.25000000
0.25000000
0.17677670
0.17677670
0.25000000
0.17677670
0.17677670
0.25000000
0.17677670
0.17677670
0.17677670
0.17677670
0.35355339
0.17677670
0.35355339
0.17677670
0.35355339
0.17677670
0.17677670
0.35355339
0.25000000
0.25000000
0.25000000
0.25000000
0.25000000
0.25000000
