# FACES_SLIP
36
43
85
86
87
88
91
96
97
98
99
100
101
102
106
108
113
114
116
117
120
121
128
129
132
137
138
140
142
143
144
145
147
150
151
155
156
158
163
176
178
183
187
189
192
198
204
206
209
221
223
224
229
232
234
245
247
258
259
260
266
267
268
272
277
278
283
284
285
286
287
342
345
347
350
353
357
359
361
362
364
366
368
369
373
374
511
512
513
514
515
516
517
518
519
520
521
522
523
524
525
526
527
528
529
530
531
532
533
534
535
536
538
539
540
541
545
546
547
548
549
550
559
560
561
564
568
571
573
575
577
579
618
621
632
636
647
648
650
651
652
655
659
706
708
709
715
716
717
719
720
721
722
723
725
726
729
730
731
732
733
734
735
736
737
738
739
740
741
742
743
744
745
746
747
748
749
750
751
752
753
754
755
756
757
758
759
760
761
762
766
767
768
769
770
771
772
773
774
775
776
777
778
779
780
781
782
783
784
785
786
787
788
789
790
791
792
793
794
795
796
797
798
799
800
801
802
803
804
805
806
807
808
809
810
811
812
813
814
815
817
821
823
827
828
831
832
833
834
835
851
860
861
863
864
866
872
873
876
878
879
887
902
906
908
909
910
929
930
931
940
941
943
944
952
953
954
956
957
959
963
964
965
966
967
980
981
982
983
984
985
986
989
990
991
992
993
994
995
996
997
998
999
1000
1001
1002
1003
1004
1007
1009
1011
1014
1015
1017
1018
1019
1021
1022
1024
1025
1026
1027
1028
1029
1030
1031
1032
1033
1034
1035
1036
1037
1038
1039
1040
1041
1042
1043
1044
1045
1046
1049
1050
1051
1052
1053
1054
1055
1057
1061
1062
1063
1064
1065
1066
1070
1071
1072
1073
1074
1075
1076
1077
1078
1080
1081
1082
1083
1087
1088
1089
1090
1091
1092
1096
1097
1098
1099
1113
1114
1115
1116
1117
1118
1120
1122
1125
1139
1141
1143
1144
1146
1149
1151
1152
1154
1158
1160
1164
1167
1172
1174
1175
1176
1178
1179
1180
1183
1184
1186
1187
1193
1194
1196
1219
1220
1222
1237
1239
1242
1243
1244
1248
1249
1250
1251
1253
1254
1257
1258
1259
1260
1262
1263
1264
1265
1267
1268
1269
1271
1272
1273
1276
1277
1279
1280
1282
1285
1299
1300
1301
1302
1303
1304
1305
1306
1307
1308
1309
1310
1311
1312
1313
1314
1315
1316
1320
1321
1322
1323
1324
1325
1326
1327
1328
1329
1330
1331
1332
1333
1334
1335
1336
1337
1338
1339
1340
1341
1342
1343
1344
1345
1347
1349
1351
1355
1359
1361
1365
1369
1371
1379
1389
1392
1401
1406
1430
1434
1458
1468
1471
1480
1485
1494
1508
1509
1510
1511
1512
1513
1514
1517
1518
1519
1534
1535
1536
1537
1538
1542
1543
1544
1545
1546
1547
1548
1549
1550
1551
1552
1553
1554
1555
1556
1557
1558
1559
1560
1561
1562
1563
1564
1565
1566
1567
1568
1569
1570
1571
1572
1573
1574
1575
1576
1577
1578
1579
1580
1581
1582
1583
1672
1675
1676
1677
1686
1690
1692
1703
1707
1709
1715
1718
1760
1762
1767
1771
1773
1776
1782
1788
1790
1793
1799
1805
1810
1814
1827
1829
1831
1840
1842
1844
1857
1862
1863
1867
1868
1871
1945
1946
1948
1950
1952
1953
1954
1957
1958
1960
1962
1964
1965
1969
1970
1972
1974
1976
1977
1986
2106
2107
2108
2109
2110
2111
2112
2113
2114
2115
2116
2117
2118
2119
2120
2121
2122
2123
2124
2126
2127
2131
2133
2135
2136
2137
2138
2140
2141
2145
2147
2149
2150
2154
2156
2157
2158
2160
2161
2162
2164
2165
2167
2175
2184
2186
2188
2193
2196
2201
2202
2204
2219
2247
2297
2304
2306
2307
2311
2318
2320
2321
2322
2323
2324
2330
2331
2332
2333
2334
2335
2336
2339
2355
2356
2357
2358
2359
2363
2364
2365
2366
2367
2368
2369
2370
2371
2372
2373
2374
2375
2376
2377
2378
2379
2380
2381
2384
2385
2386
2387
2388
2389
2390
2391
2392
2393
2394
2395
2396
2397
2398
2399
2400
2401
2402
2404
2407
2408
2409
2417
2424
2427
2428
2429
2430
2431
2432
2433
2434
2435
2436
2439
2467
2480
2481
2482
2504
2505
2506
2555
2556
2557
2558
2561
2562
2563
2576
2577
2578
2579
2580
2581
2582
2585
2586
2587
2595
2596
2597
2598
2600
2601
2603
2604
2606
2607
2609
2612
2613
2615
2616
2617
2619
2620
2622
2623
2624
2625
2626
2627
2628
2629
2630
2631
2632
2633
2636
2637
2638
2639
2640
2641
2642
2643
2644
2645
2646
2647
2648
2650
2651
2652
2653
2657
2658
2659
2660
2661
2662
2663
2664
2668
2669
2670
2671
2672
2673
2674
2675
2676
2677
2678
2682
2684
2685
2686
2687
2688
2689
2690
2691
2692
2693
2694
2695
2696
2710
2711
2712
2714
2715
2716
2718
2719
2721
2724
2729
2734
2739
2743
2745
2747
2752
2753
2761
2775
2790
2816
2817
2818
2819
2825
2829
2830
2844
2845
2849
2850
2859
2861
2862
2863
2864
2867
2868
2869
2870
2872
2874
2876
2881
2896
2898
2899
2900
2902
2903
2906
2907
2908
2909
2912
2913
2917
2918
2919
2923
2924
2925
2926
2927
2928
2929
2930
2931
2932
2933
2934
2935
2936
2937
2938
2939
2940
2941
2942
2943
2944
2945
2946
2947
2948
2949
2955
2958
2959
2960
2961
2962
2963
2964
2965
2966
2967
2969
2970
2971
2974
2975
2976
2977
2978
2980
2982
2987
2988
2990
2991
3008
3009
3084
3090
3091
3107
3108
3109
3110
3113
3114
3115
3125
3139
3151
3152
3153
3154
3155
3156
3157
3158
3159
3160
3161
3162
3163
3164
3165
3166
3167
3168
3169
3170
3171
3175
3177
3178
3179
3180
3182
3183
3187
3189
3193
3194
3201
3261
3278
3295
3299
3304
3346
3347
3350
3357
3358
3360
3361
3364
3365
3372
3373
3374
3375
3377
3378
3381
3382
3389
3390
3393
3394
3396
3398
3411
3424
3463
3464
3465
3473
3474
3475
3565
3568
3570
3572
3575
3578
3580
3583
3586
3589
3592
3594
3597
3600
3604
3606
3696
3697
3698
3699
3700
3701
3702
3703
3704
3705
3706
3707
3708
3709
3710
3711
3712
3713
3714
3715
3716
3717
3718
3719
3720
3721
3722
3723
3724
3725
3726
3727
3728
3729
3730
3731
3732
3733
3734
3735
3736
3737
3738
3739
3740
3741
3743
3745
3746
3747
3748
3750
3753
3754
3755
3756
3757
3758
3759
3760
3761
3762
3763
3764
3765
3766
3767
3769
3771
3773
3784
3786
3789
3791
3798
3800
3801
3804
3805
3806
3815
3816
3818
3819
3820
3823
3827
3829
3832
3891
3893
3894
3897
3898
3899
3908
3909
3912
3920
3922
3925
3965
3966
3967
3968
3969
3970
3971
3972
3973
3974
3975
3976
3977
3978
3979
3980
3981
3982
3983
3984
3985
3986
3987
3988
3989
3990
3991
3992
3993
3994
3995
3996
3997
3998
3999
4000
4001
4002
4003
4005
4009
4011
4015
4018
4019
4020
4022
4024
4025
4028
4029
4030
4031
4032
4033
4034
4035
4036
4037
4040
4041
4044
4046
4047
4055
4070
4074
4076
4077
4078
4097
4098
4099
4108
4109
4111
4112
4120
4124
4125
4127
4133
4134
4135
4149
4150
4153
4154
4157
4158
4159
4175
4177
4185
4186
4187
4189
4190
4192
4196
4198
4199
4201
4202
4204
4205
4207
4211
4213
4217
4218
4219
4220
4223
4224
4225
4226
4227
4228
4229
4230
4231
4232
4233
4234
4235
4236
4237
4238
4239
4240
4241
4242
4243
4244
4245
4246
4248
4249
4250
4251
4255
4256
4257
4258
4259
4260
4264
4265
4266
4267
4268
4269
4270
4271
4272
4273
4274
4275
4276
4277
4278
4279
4280
4281
4282
4283
4284
4285
4286
4287
4288
4289
4290
4291
4292
4293
4307
4308
4309
4310
4311
4312
4313
4314
4315
4316
4317
4319
4320
4321
4322
4326
4327
4328
4329
4330
4331
4332
4333
4334
4335
4340
4342
4343
4344
4346
4347
4348
4351
4352
4354
4355
4361
4362
4364
4366
4368
4387
4388
4390
4405
4411
4412
4416
4417
4418
4419
4421
4422
4425
4426
4427
4430
4431
4432
4436
4437
4440
4448
4450
4453
4467
4468
4469
4470
4471
4472
4474
4476
4479
4495
4497
4499
4500
4502
4503
4504
4505
4506
4507
4508
4509
4510
4511
4512
4513
4514
4515
4516
4517
4518
4519
4520
4521
4522
4523
4524
4525
4526
4527
4528
4529
4530
4531
4532
4533
4534
4535
4536
4537
4538
4539
4540
4541
4542
4543
4544
4545
4546
4547
4548
4549
4550
4551
4552
4553
4554
4555
4556
4557
4558
4559
4560
4561
4562
4563
4564
4565
4567
4568
4569
4572
4573
4574
4575
4576
4578
4582
4583
4584
4586
4590
4592
4593
4594
4598
4602
4604
4605
4606
4626
4636
4639
4648
4677
4681
4705
4715
4718
4727
4728
4729
4731
4732
4734
4738
4739
4740
4741
4742
4748
4749
4750
4751
4752
4753
4754
4755
4756
4757
4758
4759
4760
4761
4762
4763
4764
4766
4767
4771
4773
4775
4776
4777
4778
4780
4781
4785
4787
4789
4790
4794
4796
4797
4801
4802
4804
4809
4842
4879
4888
4933
4936
4947
4951
4953
4961
4962
4965
4966
4973
4974
4977
5008
5023
5028
5040
5041
5042
5044
5048
5049
5058
5059
5068
5069
5071
5074
5075
5076
5170
5171
5172
5173
5174
5175
5176
5177
5178
5179
5180
5181
5182
5183
5184
5185
5186
5187
5188
5189
5190
5191
5192
5193
5195
5197
5199
5200
5205
5211
5212
5223
5224
5281
5283
5284
5286
5287
5288
5289
5290
5291
5292
5293
5294
5295
5296
5297
5298
5299
5300
