8
20
21
22
32
33
34
35
36
46
47
48
49
50
60
61
62
63
64
69
70
71
143
144
146
157
158
159
161
163
174
175
176
178
180
191
192
193
195
197
204
205
208
209
210
212
214
216
217
220
221
223
277
290
292
301
303
306
318
320
323
335
337
339
340
342
343
351
352
354
356
357
359
360
368
369
371
372
377
378
380
382
391
393
395
404
406
407
408
414
415
416
417
418
419
420
421
425
426
427
428
429
430
431
432
433
434
438
439
440
441
442
443
444
445
446
447
448
451
452
453
454
455
456
457
458
459
460
461
462
466
467
468
469
470
472
473
474
475
479
483
484
485
486
487
489
496
497
498
499
500
501
502
503
504
506
513
514
515
516
517
518
519
520
521
526
527
529
532
534
536
537
538
539
541
545
547
549
550
551
552
554
603
618
635
652
669
770
790
791
792
793
794
795
796
797
798
799
800
801
802
803
804
805
806
807
808
809
810
811
812
813
814
815
816
817
818
819
820
821
822
823
824
825
826
827
828
829
830
831
832
833
834
835
836
837
838
839
840
841
842
843
844
845
846
847
848
849
850
851
852
853
854
855
856
857
858
859
860
861
862
863
864
865
866
867
868
869
870
871
872
873
874
875
876
877
878
879
880
881
882
883
884
885
886
887
888
889
890
891
892
893
894
895
896
897
898
899
900
908
909
910
911
912
920
921
922
932
933
934
944
945
946
956
957
958
1127
1130
1133
1135
1141
1144
1147
1149
1155
1159
1163
1164
1165
1166
1167
1168
1169
1173
1174
1175
1176
1177
1178
1179
1180
1181
1185
1186
1187
1188
1189
1190
1191
1192
1193
1197
1198
1199
1200
1201
1202
1203
1204
1205
1209
1210
1212
1213
1221
1222
1224
1227
1228
1229
1231
1234
1239
1240
1241
1242
1243
1245
1248
1253
1254
1255
1256
1257
1259
1262
1267
1268
1269
1270
1271
1273
1281
1282
1283
1284
1285
1434
1435
1436
1437
1438
1440
1442
1449
1451
1454
1463
1465
1468
1477
1479
1482
1491
1493
1496
1505
1512
1525
1538
1551
1553
1555
1564
1566
1568
1577
1579
1581
1582
1587
1590
1592
1596
1604
1613
1621
1623
1630
1636
1637
1638
1640
1647
1651
1652
1653
1654
1655
1659
1662
1663
1664
1666
1667
1668
1669
1673
1674
1675
1676
1677
1736
1738
1750
1751
1752
1753
1754
1755
1756
1757
1767
1768
1770
1772
1784
1785
1786
1787
1788
1789
1790
1791
1801
1802
1804
1806
1813
1814
1815
1816
1817
1885
1887
1888
1890
1893
1896
1898
1899
1900
1901
1902
1904
1908
1913
1914
1915
1916
1918
1919
1920
1922
1923
1924
1927
1930
1932
1933
1934
1935
1936
1938
1942
1947
1948
1949
1950
1952
1953
1954
1956
1957
1958
1961
1962
1964
1965
1971
1972
1974
1984
1985
1986
1987
1988
1989
1991
1993
1996
1997
1998
2000
2010
2011
2012
2013
2014
2015
2017
2019
2022
2023
2024
2026
2036
2038
2040
2041
2043
2046
2047
2048
2049
2051
2052
2053
2054
2055
2057
2058
2061
2062
2063
2064
2066
2067
2068
2069
2071
2072
2073
2075
2076
2077
2080
2081
2082
2083
2085
2086
2087
2088
2089
2091
2092
2095
2096
2097
2098
2100
2101
2102
2103
2105
2106
2107
2109
2110
2111
2114
2115
2117
2118
2120
2123
2124
2125
2126
2127
2128
2133
2136
2137
2138
2139
2140
2141
2142
2144
2146
2149
2150
2151
2152
2153
2154
2159
2162
2163
2164
2165
2166
2167
2168
2170
2172
2175
2177
2178
2179
2180
2185
2188
2189
2190
2191
2192
2193
2194
2195
2196
2197
2198
2199
2200
2201
2202
2203
2204
2205
2206
2207
2208
2209
2210
2212
2213
2214
2215
2216
2217
2218
2219
2377
2378
2380
2382
2384
2385
2386
2389
2390
2391
2392
2393
2394
2395
2396
2397
2398
2399
2400
2401
2402
2403
2404
2405
2406
2407
2408
2409
2410
2411
2413
2414
2416
2417
2419
2420
2422
2425
2426
2428
2429
2430
2432
2433
2435
2436
2437
2438
2439
2441
2442
2444
2445
2447
2448
2450
2453
2454
2456
2457
2458
2460
2461
2463
2464
2465
2466
2467
2468
2469
2470
2471
2472
2473
2475
2477
2479
2480
2481
2485
2486
2489
2490
2493
2494
2495
2497
2501
2503
2504
2505
2509
2510
2513
2514
2517
2518
2519
2521
2525
2527
2528
2529
2537
2546
2547
2549
2550
2552
2558
2559
2562
2564
2565
2574
2575
2577
2578
2580
2586
2587
2590
2592
2593
2601
2616
2620
2622
2623
2624
2640
2644
2646
2647
2648
2667
2668
2669
2678
2679
2681
2682
2690
2694
2695
2697
2706
2707
2709
2710
2718
2722
2723
2725
2731
2732
2733
2747
2748
2751
2752
2755
2756
2757
2771
2772
2775
2776
2779
2780
2781
2797
2799
2807
2808
2809
2811
2812
2814
2820
2821
2823
2824
2826
2827
2835
2836
2837
2839
2840
2842
2848
2849
2851
2852
2854
2855
2861
2863
2867
2868
2869
2870
2873
2874
2875
2876
2879
2880
2881
2882
2883
2884
2885
2886
2887
2888
2889
2890
2891
2892
2893
2894
2895
2896
2897
2898
2899
2900
2901
2902
2903
2904
2905
2906
2907
2908
2909
2910
2911
2912
2913
2914
2915
2916
2917
2918
2919
2920
2921
2922
2923
2924
2925
2926
2927
2928
2929
2930
2931
2932
2933
2934
2935
2936
2937
2938
2939
2940
2941
2942
2943
2944
2945
2946
2947
2948
2949
2950
2951
2952
2953
2955
2957
2958
2959
2960
2962
2965
2966
2967
2968
2969
2970
2971
2972
2973
2974
2975
2976
2977
2978
2979
2981
2983
2984
2985
2986
2988
2991
2992
2993
2994
2995
2996
2997
2998
2999
3000
3001
3002
3003
3004
3005
3007
3009
3010
3011
3012
3014
3017
3019
3021
3022
3024
3027
3029
3030
3032
3036
3038
3039
3042
3043
3044
3045
3050
3052
3053
3054
3056
3057
3058
3061
3063
3064
3066
3070
3072
3073
3076
3077
3078
3079
3084
3086
3087
3088
3090
3091
3092
3095
3096
3098
3099
3105
3106
3108
3131
3132
3134
3157
3158
3160
3175
3181
3182
3186
3187
3188
3189
3191
3192
3195
3196
3197
3200
3201
3202
3206
3207
3210
3215
3216
3220
3221
3222
3223
3225
3226
3229
3230
3231
3234
3235
3236
3240
3241
3244
3252
3254
3257
3271
3272
3273
3274
3275
3276
3278
3280
3283
3297
3298
3299
3300
3301
3302
3304
3306
3309
3323
3325
3327
3328
3330
3333
3335
3336
3338
3342
3344
3345
3348
3349
3350
3351
3356
3358
3359
3360
3362
3363
3364
3367
3369
3370
3372
3376
3378
3379
3382
3383
3384
3385
3390
3392
3393
3394
3396
3397
3398
3401
3402
3404
3405
3407
3410
3411
3412
3413
3414
3415
3420
3423
3437
3438
3439
3440
3441
3445
3446
3447
3448
3449
3463
3464
3465
3466
3467
3471
3472
3473
3474
3475
3477
3481
3482
3483
3484
3485
3486
3487
3488
3492
3493
3494
3495
3496
3497
3498
3499
3500
3501
3502
3503
3505
3506
3507
3508
3512
3513
3514
3515
3516
3517
3518
3519
3520
3521
3522
3526
3527
3528
3529
3530
3531
3532
3533
3534
3535
3536
3537
3539
3540
3541
3547
3548
3549
3551
3553
3559
3560
3562
3577
3578
3580
3582
3583
3584
3585
3587
3603
3604
3608
3609
3611
3629
3630
3631
3632
3634
3636
3637
3639
3641
3642
3644
3646
3648
3649
3651
3656
3659
3660
3661
3663
3665
3667
3670
3671
3672
3673
3674
3675
3676
3677
3678
3679
3680
3681
3683
3685
3687
3690
3691
3692
3693
3694
3695
3696
3697
3698
3699
3700
3701
3703
3705
3707
3715
3720
3721
3724
3725
3727
3728
3730
3731
3732
3733
3736
3737
3740
3742
3743
3748
3749
3752
3753
3755
3756
3758
3759
3760
3761
3764
3765
3768
3770
3771
3779
3794
3798
3800
3801
3802
3818
3822
3824
3825
3826
3845
3846
3847
3856
3857
3859
3860
3868
3872
3873
3875
3884
3885
3887
3888
3896
3900
3901
3903
3909
3910
3911
3925
3926
3929
3930
3933
3934
3935
3949
3950
3953
3954
3957
3958
3959
3977
3986
3987
3989
3990
3992
3998
3999
4002
4004
4005
4014
4015
4017
4018
4020
4026
4027
4030
4031
4032
4033
4034
4040
4041
4042
4055
4056
4057
4058
4059
4060
4061
4062
4063
4064
4065
4066
4079
4080
4081
4082
4083
4084
4085
4086
4087
4088
4089
4090
4105
4106
4107
4108
4109
4113
4114
4115
4116
4117
4118
4119
4120
4121
4122
4123
4124
4125
4126
4127
4128
4129
4130
4131
4132
4133
4134
4135
4136
4137
4138
4139
4140
4141
4142
4143
4144
4145
4146
4147
4148
4149
4150
4151
4152
4153
4154
4155
4156
4157
4158
4159
4160
4161
4162
4163
4164
4165
4166
4167
4168
4169
4170
4171
4172
4173
4174
4175
4176
4177
4178
4179
4180
4181
4182
4183
4184
4185
4186
4187
4188
4189
4190
4191
4192
4193
4194
4195
4196
4197
4198
4199
4200
4201
4202
4203
4204
4205
4206
4207
4208
4209
4210
4211
4217
4218
4219
4226
4229
4230
4231
4232
4233
4234
4235
4236
4237
4238
4239
4240
4241
4242
4243
4245
4246
4247
4250
4251
4252
4253
4254
4256
4258
4259
4262
4263
4264
4265
4266
4267
4268
4269
4270
4271
4274
4275
4278
4280
4281
4299
4305
4306
4307
4311
4312
4313
4317
4318
4319
4325
4328
4329
4330
4334
4335
4336
4337
4340
4341
4342
4345
4346
4347
4351
4352
4353
4356
4357
4358
4362
4363
4364
4365
4368
4369
4370
4373
4374
4375
4379
4380
4381
4384
4388
4391
4405
4406
4407
4408
4409
4410
4412
4414
4417
4431
4432
4433
4434
4435
4436
4438
4440
4443
4457
4459
4461
4462
4464
4467
4469
4470
4472
4476
4478
4482
4485
4490
4492
4493
4494
4496
4497
4498
4501
4503
4504
4506
4510
4512
4516
4519
4524
4526
4527
4528
4530
4531
4532
4535
4536
4538
4539
4545
4546
4547
4548
4549
4554
4557
4571
4572
4573
4574
4575
4580
4583
4597
4598
4599
4600
4601
4606
4609
4611
4615
4616
4618
4621
4622
4626
4627
4628
4629
4630
4631
4632
4633
4634
4635
4636
4637
4639
4640
4641
4642
4646
4647
4648
4650
4652
4655
4656
4660
4661
4662
4663
4664
4665
4666
4667
4668
4669
4670
4671
4672
4673
4674
4675
4676
4677
4678
4679
4680
4681
4682
4684
4686
4689
4690
4691
4692
4693
4694
4695
4696
4697
4711
4712
4713
4714
4715
4716
4717
4718
4719
4720
4721
4722
4723
4737
4738
4739
4740
4741
4742
4743
4744
4745
4746
4747
4748
4749
4750
4751
4753
4755
4756
4757
4758
4760
4763
4764
4765
4766
4769
4770
4772
4774
4775
4776
4777
4779
4780
4783
4784
4785
4787
4789
4791
4792
4793
4794
4796
4797
4800
4801
4802
4804
4806
4808
4809
4810
4811
4813
4814
4817
4818
4819
4821
4823
4825
4827
4828
4830
4834
4836
4838
4842
4847
4851
4864
4877
4890
4903
4916
4918
4927
4929
4932
4944
4946
4948
4949
4951
4952
4960
4963
4965
4969
4977
4978
4983
4985
4986
4994
4995
4997
4998
5003
5004
5006
5008
5017
5019
5020
5021
5029
5030
5031
5032
5033
5034
5038
5039
5040
5041
5042
5056
5057
5058
5059
5060
5064
5065
5066
5067
5068
5069
5073
5077
5078
5079
5080
5081
5085
5086
5087
5088
5089
5090
5091
5092
5093
5097
5098
5099
5111
5112
5115
5116
5117
5118
5119
5131
5135
5137
5154
5155
5156
5164
5165
5166
5167
5168
5169
5170
5176
5177
5180
5182
5183
5193
5196
5205
5210
5219
5234
5238
5240
5241
5258
5262
5284
5294
5296
5308
5310
5322
5324
5336
5338
5348
5352
5353
5355
5357
5364
5365
5366
5367
5368
5369
5370
5374
5375
5376
5377
5378
5379
5380
5381
5382
5386
5387
5388
5389
5390
5391
5392
5393
5394
5398
5399
5400
5401
5402
5403
5404
5405
5406
5410
5411
5412
5415
5417
5419
5422
5423
5425
5426
5427
5429
5430
5432
5433
5434
5435
5436
5437
5438
5439
5440
5441
5442
5443
5444
5445
5446
5447
5448
5449
5450
5451
5452
5453
5454
5455
5456
5457
5458
5459
5460
5461
5462
5463
5465
5466
5467
5470
5471
5472
5473
5474
5476
5480
5481
5482
5492
5493
5494
5502
5503
5504
5505
5506
5514
5515
5516
5517
5518
5526
5527
5528
5529
5530
5698
5701
5703
5706
5709
5712
5715
5717
5720
5723
5726
5729
5731
5734
5737
5741
5760
5762
5769
5771
5774
5785
5787
5791
5796
5805
5810
5819
5824
5828
5831
5834
5836
5847
5848
5849
5857
5905
5906
5907
5920
5921
5922
5923
5924
5934
5935
5936
5937
5938
5939
5940
5941
5951
5952
5953
5954
5955
5956
5957
5958
5968
5969
5970
5972
5974
5980
5981
5983
6057
6066
6072
6080
6083
6089
6097
6100
6106
6114
6117
6129
6151
6164
6166
6168
6177
6179
6181
6190
6192
6194
6203
6205
6207
6208
6213
6214
6216
6218
6219
6221
6222
6230
6231
6232
6233
6235
6236
6237
6238
6239
6245
6246
6247
6248
6249
6250
6251
6252
6253
6254
6255
6256
6260
6261
6262
6263
6264
6265
6266
6267
6268
6269
6270
6271
6272
6273
6277
6278
6279
6280
6281
6282
6283
6284
6285
6288
6289
6290
6291
6292
6293
6294
6295
6299
6300
6301
6302
6303
6304
6305
6306
6307
6308
6312
6313
6314
6315
6316
6317
6318
6319
6320
6321
6322
6323
6324
6325
6326
6327
6328
6329
6330
6331
6332
6333
6334
6335
6336
6337
6338
6339
6340
6341
6342
6343
6344
6345
6346
6347
6348
6349
6350
6351
6352
6353
6354
6355
6357
6361
6362
6363
6364
6365
6366
6368
6376
6377
6378
6380
6382
6385
6393
6394
6395
6397
6399
6402
6410
6411
6412
6414
6416
6419
6427
6428
6429
6431
6433
6439
6440
6442
6511
6614
6615
6616
6617
6618
6619
6620
6621
6622
6623
6624
6625
6626
6627
6628
6629
6630
6631
6632
6633
6634
6635
6636
6637
6638
6639
6640
6641
6642
6643
6644
6645
6646
6647
6648
6649
6650
6651
6652
6653
6654
6655
6656
6657
6658
6659
6660
6661
6662
6663
6664
6665
6666
6667
6668
6669
6670
6671
6672
6673
6674
6675
6676
6677
6678
6679
6680
6681
6682
6683
6684
6685
6686
6687
6688
6689
6690
6691
6692
6693
6694
6695
6696
6697
6698
6699
6701
6704
6705
6706
6707
6708
6716
6717
6718
6719
6720
6722
6725
6726
6727
6729
6732
6737
6738
6739
6740
6741
6743
6746
6751
6752
6753
6754
6755
6757
6760
6765
6766
6767
6768
6769
6947
6948
6950
6952
6959
6960
6962
6964
6971
6972
6974
6976
6983
6986
6990
6993
6996
6998
7004
7007
7010
7012
7018
7021
7024
7026
7029
7032
7035
7038
7040
7043
7046
7050
7052
7055
7056
7064
7065
7076
7077
7087
7088
7089
7099
7100
7101
7111
7112
7113
7118
7119
7120
7202
7203
7204
7205
7206
7207
7208
7211
7212
7214
7215
7225
7226
7228
7229
7233
7235
7239
7240
7242
7243
7253
7254
7256
7257
7261
7263
7265
7266
7272
7273
7274
7276
7277
7278
7280
7281
7283
7285
7291
7298
7300
7302
7304
7309
7311
7317
7324
7326
7328
7330
7335
7337
7338
7339
7340
7343
7344
7346
7348
7350
7351
7353
7361
7365
7366
7367
7370
7371
7380
7382
7384
7385
7387
7395
7399
7400
7401
7404
7405
7414
7416
7417
7423
7425
7427
7429
7431
7436
7438
7451
7453
7455
7457
7462
7464
7479
7481
7483
7488
7491
7499
7514
7519
7533
7548
7567
7575
7576
7577
7651
7652
7653
7666
7667
7668
7669
7670
7683
7684
7685
7686
7687
7696
7700
7701
7702
7703
7704
7713
7717
7718
7719
7720
7721
7725
7726
7727
7728
7729
7730
7798
7799
7800
7801
7802
7804
7809
7810
7811
7812
7813
7814
7815
7816
7817
7818
7819
7820
7821
7822
7823
7824
7825
7826
7827
7828
7829
7830
7831
7832
7833
7834
7836
7838
7841
7842
7843
7844
7845
7846
7847
7848
7849
7850
7851
7852
7853
7854
7855
7856
7857
7858
7860
7861
7862
7863
7865
7866
7867
7869
7870
7871
7874
7875
7877
7878
7880
7883
7884
7885
7887
7889
7891
7897
7898
7899
7900
7901
7902
7904
7906
7909
7910
7911
7913
7915
7917
7923
7924
7925
7926
7927
7928
7930
7932
7935
7936
7937
7939
7951
7953
7955
7956
7958
7960
7962
7963
7965
7967
7968
7970
7972
7974
7975
7978
7980
7981
7982
7984
7987
7988
7989
7997
8004
8007
8008
8009
8017
8024
8027
8028
8029
8030
8031
8032
8033
8034
8035
8036
8039
8067
8095
8108
8109
8110
8132
8133
8134
8156
8157
8158
8236
8241
8242
8243
8260
8265
8266
8267
8283
8284
8285
8286
8289
8290
8291
8301
8315
8329
8343
8355
8356
8357
8358
8359
8360
8361
8362
8363
8364
8365
8366
8367
8368
8369
8370
8371
8372
8373
8374
8375
8376
8377
8378
8379
8380
8381
8382
8383
8384
8385
8386
8387
8388
8389
8390
8391
8392
8393
8394
8395
8396
8397
8398
8399
8400
8401
8402
8403
8404
8405
8406
8407
8408
8409
8410
8411
8412
8413
8414
8415
8416
8417
8418
8419
8420
8421
8422
8423
8424
8425
8426
8427
8428
8429
8430
8431
8432
8433
8434
8435
8436
8437
8438
8439
8440
8441
8442
8443
8444
8445
8446
8447
8448
8449
8450
8451
8452
8453
8454
8455
8456
8457
8458
8459
8460
8461
8462
8463
8464
8465
8466
8467
8468
8469
8470
8471
8472
8473
8474
8476
8477
8478
8481
8482
8483
8484
8485
8487
8491
8492
8493
8495
8499
8501
8502
8503
8507
8508
8511
8512
8513
8514
8515
8516
8517
8519
8523
8525
8526
8527
8531
8532
8535
8536
8537
8538
8539
8540
8541
8559
8568
8569
8571
8572
8574
8580
8581
8584
8586
8587
8596
8597
8599
8600
8602
8608
8609
8612
8614
8615
8623
8628
8629
8630
8634
8635
8636
8640
8641
8642
8643
8647
8651
8652
8659
8663
8664
8668
8669
8675
8679
8680
8687
8691
8692
8696
8697
8703
8705
8706
8710
8712
8714
8716
8718
8723
8738
8740
8742
8744
8749
8764
8766
8768
8770
8775
8778
8786
8788
8793
8795
8796
8800
8801
8804
8806
8807
8809
8813
8819
8820
8821
8822
8827
8829
8830
8834
8835
8838
8840
8841
8843
8847
8853
8854
8855
8859
8862
8863
8864
8878
8879
8880
8881
8882
8886
8887
8888
8889
8890
8904
8905
8906
8907
8908
8912
8913
8914
8915
8916
8930
8931
8932
8933
8934
8935
8938
8939
8940
8941
8942
8943
8944
8945
8946
8947
8948
8949
8950
8951
8952
8953
8954
8955
8956
8957
8958
8959
8960
8961
8962
8963
8964
8965
8966
8967
8968
8969
8970
8971
8972
8973
8974
8975
8976
8977
8978
8979
8980
8981
8982
8983
8984
8985
8986
8987
8988
8989
8990
8991
8992
8993
8994
8995
8996
8997
8998
8999
9000
9001
9002
9003
9004
9005
9006
9007
9008
9009
9010
9011
9012
9013
9014
9015
9016
9017
9018
9019
9021
9023
9024
9025
9026
9028
9031
9032
9033
9034
9035
9036
9037
9038
9039
9040
9041
9042
9043
9044
9045
9047
9049
9050
9051
9052
9054
9057
9058
9059
9060
9061
9062
9064
9066
9069
9070
9071
9073
9075
9077
9083
9085
9087
9088
9090
9093
9094
9095
9096
9098
9099
9100
9101
9102
9104
9105
9108
9109
9110
9111
9113
9114
9115
9116
9118
9119
9120
9122
9123
9124
9127
9128
9129
9130
9132
9133
9134
9135
9136
9138
9139
9142
9143
9144
9145
9147
9148
9149
9150
9152
9153
9154
9156
9157
9158
9161
9162
9164
9165
9167
9170
9171
9172
9174
9184
9185
9186
9187
9188
9189
9191
9193
9196
9197
9198
9200
9210
9211
9212
9213
9214
9215
9217
9219
9222
9223
9224
9226
9241
9247
9248
9252
9253
9254
9255
9257
9258
9261
9262
9263
9266
9267
9268
9272
9273
9276
9281
9282
9286
9287
9288
9289
9291
9292
9295
9296
9297
9300
9301
9302
9306
9307
9310
9318
9320
9323
9337
9338
9339
9340
9341
9342
9344
9346
9349
9363
9364
9365
9366
9367
9368
9370
9372
9375
9391
9393
9395
9400
9402
9403
9405
9407
9411
9412
9413
9414
9415
9416
9417
9418
9419
9424
9427
9428
9429
9444
9447
9448
9449
9464
9467
9468
9469
9479
9507
9535
9544
9545
9546
9547
9548
9549
9550
9551
9552
9565
9566
9567
9568
9569
9570
9571
9572
9573
9574
9575
9576
9589
9590
9591
9592
9593
9594
9595
9596
9597
9598
9599
9600
9608
9609
9610
9611
9612
9613
9614
9615
9616
9617
9618
9619
9620
9621
9622
9623
9624
9625
9626
9627
9628
9629
9630
9631
9632
9633
9634
9635
9636
9637
9638
9639
9641
9642
9644
9645
9647
9648
9650
9653
9654
9656
9657
9658
9660
9661
9663
9664
9665
9666
9667
9668
9669
9670
9671
9672
9673
9675
9677
9679
9680
9681
9684
9685
9686
9687
9688
9689
9690
9691
9692
9693
9694
9695
9696
9697
9699
9701
9703
9704
9705
9709
9710
9713
9714
9717
9718
9719
9721
9725
9727
9728
9729
9737
9742
9743
9746
9747
9749
9750
9752
9753
9754
9755
9758
9759
9762
9764
9765
9774
9775
9777
9778
9780
9786
9787
9790
9792
9793
9801
9816
9820
9822
9823
9824
9840
9844
9846
9847
9848
9867
9868
9869
9878
9879
9881
9882
9890
9894
9895
9897
9906
9907
9909
9910
9918
9922
9923
9925
9931
9932
9933
9947
9948
9951
9952
9955
9956
9957
9971
9972
9975
9976
9979
9980
9981
9999
10008
10009
10011
10012
10014
10020
10021
10024
10026
10027
10036
10037
10039
10040
10042
10048
10049
10051
10052
10054
10055
10061
10063
10068
10069
10070
10074
10075
10076
10079
10080
10081
10082
10083
10084
10085
10086
10087
10088
10089
10090
10091
10092
10093
10094
10095
10096
10097
10098
10099
10100
10101
10102
10103
10104
10105
10106
10107
10108
10109
10110
10111
10112
10113
10114
10115
10116
10117
10118
10119
10120
10121
10122
10123
10124
10125
10126
10127
10128
10129
10130
10131
10132
10133
10134
10135
10136
10137
10138
10139
10140
10141
10142
10143
10144
10145
10146
10147
10148
10149
10150
10151
10152
10153
10154
10155
10156
10157
10158
10159
10160
10161
10162
10163
10164
10165
10166
10167
10168
10169
10170
10171
10172
10173
10174
10175
10176
10177
10178
10179
10180
10181
10182
10183
10184
10185
10186
10187
10188
10189
10190
10191
10192
10194
10196
10197
10198
10199
10201
10204
10205
10207
10209
10210
10211
10212
10214
10217
10218
10219
10220
10223
10224
10226
10228
10229
10230
10231
10233
10234
10237
10238
10239
10241
10243
10245
10246
10247
10248
10250
10251
10254
10255
10256
10258
10260
10264
10265
10271
10273
10275
10279
10284
10290
10296
10301
10305
10318
10331
10357
10381
10386
10400
10402
10406
10415
10420
10422
10423
10431
10434
10436
10440
10452
10457
10471
10473
10474
10475
10481
10482
10483
10497
10498
10499
10500
10501
10505
10506
10507
10508
10509
10523
10524
10525
10526
10527
10528
10531
10532
10533
10535
10536
10537
10538
10542
10546
10548
10551
10552
10556
10557
10558
10559
10560
10561
10562
10563
10564
10565
10566
10567
10569
10570
10571
10572
10576
10577
10578
10580
10582
10585
10586
10590
10591
10594
10595
10596
10598
10600
10602
10603
10606
10607
10609
10611
10612
10614
10616
10617
10618
10619
10621
10637
10638
10640
10642
10643
10644
10645
10647
10663
10683
10687
10692
10698
10706
10715
10721
10726
10732
10740
10777
10779
10781
10803
10805
10807
10833
10838
10839
10843
10844
10845
10851
10855
10856
10859
10860
10861
10862
10863
10864
10865
10866
10867
10868
10869
10870
10871
10872
10873
10874
10875
10876
10877
10878
10879
10880
10881
10882
10883
10884
10885
10886
10887
10888
10889
10890
10891
10892
10893
10894
10895
10896
10897
10898
10899
10900
10901
10902
10903
10904
10905
10906
10907
10908
10909
10910
10911
10912
10913
10914
10915
10916
10917
10918
10919
10920
10921
10922
10923
10924
10925
10926
10927
10928
10929
10930
10931
10932
10933
10934
10935
10936
10937
10938
10939
10940
10941
10942
10943
10944
10945
10946
10947
10949
10950
10951
10954
10955
10956
10957
10958
10960
10963
10968
10969
10970
10971
10972
10974
10978
10979
10980
10988
10989
10990
11000
11001
11002
11012
11013
11014
11193
11196
11199
11201
11207
11210
11213
11215
11221
11224
11227
11229
11232
11235
11239
11241
11243
11244
11245
11246
11247
11248
11249
11253
11254
11255
11256
11257
11258
11259
11260
11261
11265
11266
11267
11268
11269
11270
11271
11272
11273
11277
11278
11280
11281
11288
11289
11290
11300
11301
11302
11304
11307
11308
11309
11311
11314
11319
11320
11321
11322
11323
11325
11328
11333
11334
11335
11336
11337
11339
11347
11348
11349
11350
11351
11508
11509
11510
11511
11512
11514
11515
11517
11518
11520
11522
11529
11531
11534
11543
11545
11548
11557
11559
11562
11571
11573
11576
11585
11592
11605
11607
11609
11618
11620
11622
11631
11633
11635
11644
11646
11648
11662
11667
11669
11676
11682
11683
11684
11686
11693
11697
11698
11699
11700
11701
11703
11710
11714
11715
11716
11717
11718
11720
11727
11731
11732
11733
11734
11735
11742
11743
11744
11816
11817
11819
11830
11831
11832
11834
11836
11847
11848
11849
11851
11853
11864
11865
11866
11868
11870
11881
11882
11883
11885
11887
11893
11894
11896
11965
11976
11979
11993
11996
12008
12010
12012
12013
12015
12016
12024
12025
12027
12029
12030
12032
12033
12041
12042
12044
12045
12050
12051
12053
12055
12064
12066
12068
12077
12079
12080
12081
12087
12088
12089
12090
12091
12092
12093
12094
12098
12099
12100
12101
12102
12103
12104
12105
12106
12107
12111
12112
12113
12114
12115
12116
12117
12118
12119
12120
12121
12124
12125
12126
12127
12128
12129
12130
12131
12132
12133
12134
12135
12139
12140
12141
12142
12143
12144
12145
12146
12147
12148
12149
12150
12151
12152
12156
12157
12158
12159
12160
12161
12162
12163
12164
12165
12166
12167
12168
12169
12170
12171
12172
12173
12174
12175
12176
12177
12178
12179
12180
12181
12182
12183
12184
12185
12186
12187
12188
12189
12190
12191
12192
12193
12194
12195
12196
12199
12200
12202
12204
12205
12207
12209
12210
12211
12212
12214
12217
12218
12220
12222
12223
12224
12225
12227
12231
12233
12235
12236
12237
12238
12240
12244
12246
12248
12249
12250
12251
12253
12257
12261
12271
12276
12288
12433
12434
12435
12436
12437
12438
12439
12443
12444
12445
12446
12447
12448
12449
12450
12451
12454
12455
12456
12457
12458
12459
12460
12461
12462
12463
12466
12467
12468
12469
12470
12471
12472
12473
12474
12475
12478
12479
12480
12481
12482
12483
12484
12485
12486
12487
12488
12489
12490
12491
12492
12493
12494
12495
12496
12497
12498
12499
12500
12501
12502
12503
12504
12505
12506
12507
12508
12509
12510
12511
12512
12513
12514
12515
12516
12517
12518
12519
12520
12521
12522
12523
12524
12525
12526
12527
12528
12529
12530
12531
12532
12533
12534
12535
12536
12537
12538
12539
12540
12541
12542
12543
12544
12545
12546
12547
12548
12549
12550
12551
12559
12560
12561
12562
12563
12571
12572
12573
12574
12575
12583
12584
12585
12586
12587
12595
12596
12597
12598
12599
12607
12608
12609
12610
12611
12778
12781
12782
12784
12785
12786
12788
12789
12791
12792
12793
12794
12795
12797
12798
12800
12801
12803
12804
12806
12810
12812
12814
12815
12816
12817
12818
12819
12820
12823
12824
12825
12826
12827
12829
12831
12833
12834
12835
12838
12839
12840
12841
12842
12843
12844
12847
12848
12849
12850
12851
12853
12855
12857
12858
12859
12863
12864
12871
12872
12873
12875
12878
12879
12880
12882
12890
12892
12893
12899
12905
12906
12908
12910
12918
12920
12921
12933
12934
12936
12968
12980
12981
12982
12992
12993
12996
13005
13008
13009
13010
13019
13020
13021
13024
13028
13031
13099
13100
13101
13102
13103
13105
13110
13111
13112
13113
13114
13115
13116
13117
13118
13119
13120
13121
13122
13123
13124
13125
13126
13127
13128
13129
13130
13131
13132
13133
13134
13135
13137
13139
13142
13143
13144
13145
13146
13147
13148
13149
13150
13151
13152
13153
13154
13155
13156
13157
13158
13159
13160
13161
13162
13163
13164
13165
13166
13167
13168
13169
13170
13171
13172
13173
13174
13175
13176
13177
13178
13179
13180
13181
13182
13183
13184
13185
13186
13187
13188
13189
13190
13191
13192
13193
13194
13195
13196
13197
13198
13199
13200
13201
13202
13203
13204
13205
13206
13207
13208
13209
13210
13211
13212
13213
13214
13215
13216
13217
13218
13219
13220
13221
13222
13223
13224
13225
13227
13229
13230
13231
13232
13234
13237
13238
13239
13240
13241
13242
13243
13244
13245
13246
13247
13248
13249
13250
13251
13252
13253
13256
13257
13259
13261
13262
13263
13264
13266
13267
13270
13271
13272
13274
13276
13278
13279
13280
13281
13283
13284
13287
13288
13289
13291
13293
13295
13297
13298
13300
13304
13306
13308
13312
13313
13314
13317
13318
13322
13323
13327
13329
13330
13333
13334
13336
13338
13340
13342
13344
13349
13351
13357
13364
13366
13368
13370
13375
13377
13390
13392
13394
13396
13401
13404
13412
13414
13419
13427
13432
13433
13448
13453
13461
13466
13467
13489
13504
13530
13556
13557
13558
13559
13565
13569
13570
13584
13585
13589
13590
13599
13603
13604
13605
13609
13613
13618
13619
13623
13624
13625
13626
13632
13633
13634
13635
13636
13637
13638
13641
13644
13646
13648
13650
13655
13670
13672
13673
13674
13676
13677
13680
13681
13682
13696
13697
13698
13699
13700
13701
13702
13703
13704
13705
13706
13707
13708
13709
13712
13713
13717
13718
13719
13723
13724
13725
13726
13727
13728
13729
13730
13731
13732
13733
13734
13735
13736
13737
13738
13739
13751
13752
13755
13756
13757
13758
13759
13771
13772
13775
13776
13777
13778
13779
13792
13793
13794
13795
13796
13802
13803
13804
13805
13806
13807
13808
13809
13810
13816
13817
13818
13819
13820
13821
13822
13823
13824
13830
13831
13832
13833
13834
13835
13836
13837
13838
13842
13843
13844
13845
13846
13847
13848
13849
13850
13851
13852
13853
13854
13855
13856
13857
13858
13859
13860
13861
13862
13864
13866
13868
13869
13870
13873
13874
13875
13876
13877
13878
13879
13880
13881
13882
13883
13884
13885
13886
13888
13890
13892
13893
13894
13897
13898
13899
13900
13901
13902
13903
13904
13905
13906
13907
13908
13909
13910
13912
13914
13916
13917
13918
13921
13924
13926
13928
13931
13932
13934
13935
13936
13938
13939
13941
13942
13943
13944
13945
13947
13948
13950
13951
13953
13954
13956
13960
13962
13966
13967
13969
13971
13973
13978
13979
13981
13982
13984
13988
13990
13996
14001
14002
14003
14011
14012
14013
14020
14025
14026
14027
14044
14049
14050
14051
14061
14089
14117
14130
14131
14132
14154
14155
14156
14178
14179
14180
14258
14263
14264
14265
14281
14282
14283
14284
14287
14288
14289
14302
14303
14304
14305
14306
14307
14308
14311
14312
14313
14323
14337
14349
14350
14351
14352
14353
14354
14355
14356
14357
14358
14359
14360
14361
14362
14363
14364
14365
14366
14367
14368
14369
14370
14371
14372
14373
14374
14375
14376
14377
14378
14379
14380
14381
14382
14383
14384
14385
14386
14387
14388
14389
14390
14391
14392
14393
14394
14395
14396
14397
14398
14399
14400
14401
14402
14403
14404
14405
14406
14407
14408
14409
14410
14411
14412
14413
14414
14415
14416
14417
14418
14419
14420
14421
14422
14423
14424
14425
14426
14427
14428
14429
14430
14431
14432
14433
14434
14435
14436
14437
14438
14439
14440
14442
14443
14447
14449
14451
14452
14453
14454
14456
14457
14461
14463
14465
14466
14470
14472
14473
14474
14475
14476
14477
14478
14479
14480
14481
14482
14483
14484
14485
14486
14488
14490
14491
14492
14493
14495
14498
14499
14500
14502
14503
14504
14506
14507
14509
14511
14517
14524
14526
14528
14530
14535
14538
14543
14548
14553
14557
14559
14561
14566
14567
14575
14582
14587
14595
14600
14601
14623
14638
14664
14690
14691
14692
14693
14699
14703
14704
14718
14719
14723
14724
14733
14737
14738
14752
14753
14757
14758
14767
14769
14770
14776
14778
14780
14782
14784
14789
14804
14806
14808
14810
14815
14830
14832
14834
14836
14841
14844
14848
14851
14852
14853
14854
14859
14861
14862
14866
14867
14870
14872
14873
14875
14879
14885
14886
14887
14888
14889
14893
14894
14895
14896
14900
14901
14902
14903
14904
14906
14907
14908
14909
14913
14917
14918
14919
14920
14921
14925
14928
14929
14930
14944
14945
14946
14947
14948
14952
14953
14954
14955
14956
14970
14971
14972
14973
14974
14975
14976
14977
14978
14979
14980
14981
14982
14996
14997
14998
14999
15000
15001
15002
15003
15004
15005
15006
15007
15008
15009
15010
15011
15012
15013
15014
15015
15016
15017
15018
15019
15020
15021
15022
15023
15024
15025
15026
15027
15028
15029
15030
15031
15032
15033
15034
15035
15036
15037
15038
15039
15040
15041
15042
15043
15044
15045
15046
15047
15048
15049
15050
15051
15053
15055
15058
15059
15060
15061
15062
15063
15064
15065
15066
15067
15068
15069
15070
15071
15072
15073
15074
15075
15076
15077
15078
15079
15081
15084
15085
15087
15089
15090
15091
15092
15094
15097
15098
15099
15100
15101
15102
15104
15106
15109
15110
15111
15113
15115
15117
15123
15124
15125
15126
15127
15128
15130
15132
15135
15136
15137
15139
15141
15143
15151
15153
15155
15156
15158
15160
15162
15163
15165
15167
15168
15170
15172
15174
15175
15178
15180
15181
15182
15183
15184
15185
15186
15187
15188
15189
15190
15191
15193
15195
15197
15200
15201
15202
15204
15207
15208
15209
15217
15224
15227
15228
15229
15230
15231
15232
15233
15234
15235
15236
15237
15238
15239
15242
15243
15246
15248
15249
15254
15255
15258
15259
15261
15262
15264
15267
15295
15308
15309
15310
15332
15333
15334
15356
15357
15358
15436
15441
15442
15443
15460
15465
15466
15467
15484
15489
15490
15491
15501
15529
15543
15557
15563
15564
15565
15566
15567
15568
15569
15570
15571
15572
15573
15574
15587
15588
15589
15590
15591
15592
15593
15594
15595
15596
15597
15598
15599
15600
15601
15602
15603
15604
15605
15606
15607
15608
15609
15610
15611
15612
15613
15614
15615
15616
15617
15618
15619
15620
15621
15622
15623
15624
15625
15626
15627
15628
15629
15630
15631
15632
15633
15634
15635
15636
15637
15638
15639
15640
15641
15642
15643
15644
15645
15646
15647
15648
15649
15650
15651
15652
15653
15654
15655
15656
15657
15658
15659
15660
15661
15662
15663
15664
15665
15666
15667
15668
15669
15670
15671
15672
15673
15674
15675
15676
15677
15678
15679
15680
15681
15682
15683
15684
15685
15686
15687
15688
15689
15690
15691
15692
15693
15694
15695
15697
15699
15701
15702
15703
15707
15711
15713
15714
15715
15719
15723
15725
15726
15727
15731
15735
15737
15738
15743
15747
15749
15750
15759
15769
15772
15781
15786
15797
15809
15840
15842
15851
15853
15857
15863
15868
15870
15871
15876
15879
15881
15885
15891
15896
15898
15899
15904
15905
15907
15908
15911
15912
15914
15915
15916
15924
15938
15939
15940
15941
15942
15946
15947
15948
15949
15950
15964
15965
15966
15967
15968
15972
15973
15974
15975
15976
15978
15982
15985
15986
15987
15988
15989
15993
15994
15995
15996
15997
15998
15999
16000
16001
16002
16003
16004
16006
16007
16008
16009
16013
16014
16015
16016
16017
16018
16019
16020
16021
16022
16023
16027
16028
16031
16032
16033
16035
16037
16040
16041
16042
16048
16049
16050
16052
16054
16060
16061
16063
16078
16079
16081
16083
16084
16085
16086
16088
16104
16130
16132
16137
16141
16143
16146
16152
16158
16160
16163
16169
16175
16177
16180
16192
16194
16197
16209
16218
16220
16222
16231
16233
16235
16244
16246
16248
16257
16259
16261
16270
16272
16274
16283
16284
16285
16286
16287
16288
16291
16292
16293
16294
16295
16296
16297
16298
16299
16300
16301
16302
16306
16307
16308
16309
16310
16311
16312
16313
16314
16315
16316
16317
16318
16319
16323
16324
16325
16326
16327
16328
16329
16330
16331
16332
16333
16334
16335
16336
16340
16341
16342
16343
16344
16345
16346
16347
16348
16349
16350
16351
16352
16353
16357
16358
16359
16360
16361
16362
16363
16364
16365
16368
16369
16370
16371
16372
16373
16374
16375
16376
16377
16378
16379
16380
16381
16382
16383
16384
16385
16386
16387
16388
16389
16390
16391
16392
16393
16394
16395
16396
16397
16398
16399
16400
16401
16402
16403
16404
16405
16406
16407
16408
16409
16411
16412
16413
16414
16415
16416
16417
16418
16419
16420
16421
16422
16424
16426
16428
16429
16430
16431
16433
16437
16442
16443
16445
16448
16456
16457
16458
16460
16462
16465
16473
16474
16475
16477
16479
16490
16491
16492
16494
16496
16507
16509
16511
16520
16680
16681
16682
16683
16684
16685
16686
16687
16688
16689
16690
16691
16692
16693
16694
16695
16696
16697
16698
16699
16700
16701
16702
16703
16704
16705
16706
16707
16708
16709
16710
16711
16712
16713
16714
16715
16716
16717
16718
16719
16720
16721
16722
16723
16724
16725
16726
16727
16728
16729
16730
16731
16732
16733
16734
16735
16736
16737
16738
16739
16740
16741
16742
16743
16744
16745
16746
16747
16748
16749
16750
16751
16752
16753
16754
16755
16756
16757
16758
16759
16760
16761
16762
16763
16764
16765
16766
16767
16769
16772
16773
16774
16775
16776
16784
16785
16786
16787
16788
16796
16797
16798
16799
16800
16802
16805
16806
16807
16809
16812
16817
16818
16819
16820
16821
16823
16826
16831
16832
16833
16834
16835
17003
17004
17006
17008
17015
17016
17018
17020
17027
17028
17030
17032
17039
17040
17042
17044
17051
17052
17054
17056
17063
17066
17070
17073
17076
17078
17081
17084
17087
17090
17092
17095
17098
17101
17104
17106
17109
17112
17118
17123
17132
17143
17144
17145
17155
17156
17157
17167
17168
17169
17179
17180
17181
17282
17283
17287
17291
17292
17294
17295
17299
17301
17305
17306
17308
17309
17317
17318
17319
17320
17322
17323
17327
17329
17331
17333
17334
17336
17341
17345
17352
17365
17378
17391
17404
17417
17419
17428
17430
17433
17445
17447
17449
17450
17452
17453
17461
17462
17464
17466
17467
17469
17470
17478
17479
17481
17483
17484
17486
17487
17495
17496
17498
17499
17504
17505
17507
17509
17518
17520
17521
17522
17530
17532
17533
17534
17535
17539
17540
17541
17542
17543
17545
17546
17547
17548
17552
17553
17554
17555
17556
17558
17559
17560
17561
17565
17566
17567
17568
17569
17571
17575
17578
17579
17580
17582
17589
17593
17594
17595
17596
17597
17607
17608
17610
17612
17624
17625
17626
17627
17628
17629
17630
17631
17641
17642
17653
17654
17656
17730
17762
17876
17878
17880
17881
17886
17887
17889
17891
17892
17894
17895
17903
17904
17905
17906
17908
17909
17910
17911
17912
17918
17919
17920
17921
17922
17923
17924
17925
17926
17927
17928
17929
17933
17934
17935
17936
17937
17938
17939
17940
17941
17942
17943
17944
17945
17946
17950
17951
17952
17953
17954
17955
17956
17957
17958
17961
17962
17963
17964
17965
17966
17967
17968
17972
17973
17974
17975
17976
17977
17978
17979
17980
17981
17985
17986
17987
17988
17989
17990
17991
17992
17993
17994
17995
17996
17997
17998
17999
18000
18001
18002
18003
18004
18005
18006
18007
18008
18009
18010
18011
18012
18013
18014
18015
18016
18017
18018
18019
18020
18021
18022
18023
18024
18025
18026
18027
18028
18029
18030
18031
18032
18033
18034
18035
18036
18037
18038
18039
18040
18041
18042
18043
18044
18045
18046
18047
18048
18049
18050
18051
18052
18053
18054
18055
18056
18057
18058
18059
18067
18077
18078
18079
18087
18097
18098
18099
18265
18266
18268
18269
18270
18272
18273
18275
18276
18277
18278
18279
18281
18282
18284
18285
18287
18288
18290
18293
18294
18296
18297
18298
18300
18301
18303
18304
18305
18306
18307
18308
18309
18310
18311
18312
18313
18315
18317
18319
18320
18321
18324
18325
18326
18327
18328
18329
18330
18333
18334
18335
18336
18337
18339
18341
18343
18344
18345
18348
18349
18350
18352
18357
18358
18359
18367
18368
18369
18377
18383
18389
18390
18392
18394
18402
18404
18405
18411
18417
18418
18420
18598
18599
18600
18601
18602
18603
18604
18605
18606
18607
18608
18609
18610
18611
18612
18613
18614
18615
18616
18617
18618
18619
18620
18621
18622
18623
18624
18625
18626
18627
18628
18629
18630
18631
18632
18633
18634
18635
18636
18637
18638
18639
18640
18641
18642
18643
18644
18645
18646
18647
18648
18649
18650
18651
18652
18653
18654
18655
18656
18657
18658
18659
18660
18661
18662
18663
18664
18665
18666
18667
18668
18669
18670
18671
18672
18673
18674
18675
18676
18677
18678
18679
18680
18681
18682
18683
18684
18685
18686
18687
18688
18689
18690
18691
18692
18693
18694
18695
18696
18697
18698
18699
18700
18701
18702
18703
18704
18705
18706
18707
18708
18709
18710
18711
18712
18713
18714
18715
18716
18717
18718
18719
18721
18725
18726
18727
18728
18729
18730
18734
18735
18736
18737
18738
18739
18740
18741
18742
18745
18746
18747
18751
18752
18757
18758
18762
18763
18764
18765
18768
18769
18770
18773
18774
18775
18779
18780
18788
18791
18805
18806
18807
18808
18809
18810
18812
18814
18817
18831
18832
18833
18834
18835
18836
18838
18840
18843
18857
18859
18861
18862
18864
18867
18869
18870
18872
18876
18878
18882
18885
18890
18892
18893
18894
18896
18897
18898
18901
18903
18904
18906
18910
18912
18916
18919
18924
18926
18927
18928
18930
18931
18932
18935
18936
18938
18939
18945
18946
18948
18971
18972
18974
18997
18998
19000
19015
19017
19020
19021
19022
19026
19027
19028
19029
19031
19032
19035
19036
19037
19040
19041
19042
19046
19047
19049
19050
19051
19054
19055
19056
19060
19061
19062
19063
19065
19066
19069
19070
19071
19074
19075
19076
19080
19081
19083
19084
19085
19088
19092
19094
19097
19111
19112
19113
19114
19115
19116
19118
19120
19123
19137
19138
19139
19140
19141
19142
19143
19144
19145
19146
19147
19148
19149
19163
19164
19165
19166
19167
19168
19169
19170
19171
19172
19173
19175
19176
19177
19178
19182
19183
19184
19185
19186
19187
19188
19189
19190
19191
19192
19196
19197
19198
19199
19200
19201
19202
19203
19204
19205
19206
19207
19208
19209
19210
19211
19212
19213
19214
19215
19216
19217
19218
19219
19220
19221
19222
19223
19224
19225
19226
19227
19228
19229
19230
19231
19232
19233
19234
19235
19236
19237
19238
19239
19240
19241
19242
19243
19246
19247
19249
19251
19252
19253
19254
19255
19256
19257
19258
19259
19260
19261
19262
19263
19277
19278
19279
19280
19281
19282
19283
19284
19285
19286
19287
19288
19289
19290
19291
19293
19295
19296
19297
19298
19300
19303
19304
19305
19307
19308
19309
19311
19312
19314
19316
19317
19318
19319
19322
19323
19325
19327
19329
19330
19332
19336
19338
19340
19344
19345
19346
19349
19350
19354
19355
19359
19361
19363
19364
19366
19370
19372
19374
19378
19379
19380
19383
19384
19388
19389
19393
19395
19396
19402
19404
19406
19408
19410
19415
19417
19430
19432
19434
19436
19441
19443
19456
19458
19460
19462
19467
19469
19472
19477
19479
19484
19489
19491
19496
19499
19501
19505
19507
19511
19512
19515
19516
19517
19518
19519
19531
19532
19535
19536
19537
19538
19539
19555
19564
19565
19567
19568
19570
19576
19577
19580
19582
19583
19592
19593
19595
19596
19598
19604
19605
19608
19610
19611
19619
19634
19635
19638
19639
19640
19641
19642
19643
19644
19658
19659
19662
19663
19664
19665
19666
19667
19668
19685
19686
19687
19695
19696
19697
19698
19699
19700
19701
19707
19708
19711
19712
19713
19714
19715
19723
19724
19725
19726
19727
19728
19729
19735
19736
19739
19740
19741
19742
19743
19749
19750
19751
19765
19766
19769
19770
19771
19772
19773
19774
19775
19788
19789
19790
19791
19792
19793
19794
19795
19796
19797
19798
19799
19814
19815
19816
19817
19818
19824
19825
19826
19827
19828
19829
19830
19831
19832
19836
19837
19838
19839
19840
19841
19842
19843
19844
19845
19846
19847
19848
19849
19850
19851
19852
19853
19854
19855
19856
19857
19858
19859
19860
19861
19862
19863
19864
19865
19866
19867
19868
19869
19870
19871
19872
19873
19874
19875
19876
19877
19878
19879
19880
19881
19882
19883
19884
19886
19888
19890
19891
19892
19895
19896
19897
19898
19899
19900
19901
19902
19903
19904
19905
19906
19907
19908
19910
19912
19914
19915
19916
19919
19920
19921
19922
19923
19924
19925
19926
19927
19928
19929
19930
19931
19932
19938
19939
19940
19943
19946
19948
19950
19954
19956
19960
19961
19963
19965
19967
19972
19973
19975
19976
19978
19982
19984
19988
19989
19991
19993
19995
20000
20001
20003
20004
20018
20023
20024
20025
20042
20047
20048
20049
20066
20071
20072
20073
20083
20111
20139
20145
20146
20147
20151
20152
20153
20157
20158
20159
20165
20168
20169
20170
20174
20175
20176
20177
20180
20181
20182
20185
20186
20187
20191
20192
20193
20196
20197
20198
20202
20203
20204
20205
20208
20209
20210
20213
20214
20215
20219
20220
20221
20224
20228
20231
20245
20246
20247
20248
20249
20250
20252
20254
20257
20271
20272
20273
20274
20275
20276
20278
20280
20283
20297
20299
20301
20302
20304
20307
20308
20309
20310
20312
20313
20314
20315
20316
20318
20319
20322
20323
20324
20325
20326
20327
20328
20329
20330
20331
20332
20333
20334
20335
20336
20337
20338
20339
20340
20341
20342
20343
20344
20345
20346
20347
20348
20349
20350
20351
20352
20354
20356
20359
20360
20361
20362
20363
20364
20365
20366
20367
20368
20369
20370
20371
20372
20373
20374
20375
20376
20377
20378
20379
20380
20382
20385
20386
20387
20388
20389
20393
20394
20395
20396
20397
20398
20399
20400
20401
20402
20403
20404
20405
20406
20407
20408
20409
20410
20411
20412
20413
20414
20415
20416
20417
20418
20419
20420
20421
20422
20423
20424
20425
20426
20427
20428
20429
20430
20431
20432
20433
20434
20435
20436
20437
20438
20439
20440
20441
20442
20443
20444
20445
20446
20447
20448
20449
20450
20451
20452
20453
20454
20455
20456
20457
20458
20459
20460
20461
20462
20463
20464
20466
20467
20470
20471
20472
20474
20476
20478
20479
20480
20481
20483
20484
20487
20488
20489
20491
20493
20495
20496
20497
20498
20500
20501
20504
20505
20506
20508
20510
20512
20513
20514
20515
20517
20518
20521
20522
20523
20525
20527
20529
20530
20533
20534
20536
20538
20539
20540
20542
20543
20544
20546
20547
20549
20551
20557
20564
20566
20568
20570
20575
20577
20583
20590
20592
20594
20596
20601
20604
20609
20610
20612
20614
20619
20627
20632
20633
20646
20648
20653
20661
20666
20667
20680
20689
20704
20730
20756
20757
20758
20759
20765
20769
20770
20780
20784
20785
20789
20790
20799
20803
20804
20814
20818
20819
20823
20824
20833
20835
20836
20837
20838
20841
20842
20843
20844
20846
20848
20850
20855
20870
20872
20874
20876
20881
20896
20898
20899
20900
20902
20903
20906
20907
20908
20909
20913
20917
20918
20919
20925
20929
20930
20931
20937
20938
20939
20951
20952
20955
20956
20957
20958
20959
20971
20972
20975
20976
20977
20978
20979
20994
20995
20996
21004
21005
21006
21007
21008
21009
21010
21016
21017
21018
21019
21020
21021
21022
21023
21024
21030
21031
21032
21033
21034
21035
21036
21037
21038
21044
21045
21046
21047
21048
21049
21050
21051
21052
21056
21057
21058
21059
21060
21073
21074
21076
21078
21080
21081
21082
21085
21086
21088
21090
21092
21093
21094
21097
21098
21100
21102
21104
21105
21109
21110
21112
21114
21116
21117
21121
21124
21126
21128
21131
21134
21136
21139
21142
21145
21148
21150
21153
21156
21159
21162
21164
21170
21173
21176
21178
21184
21188
21192
21193
21252
21255
21327
21333
21334
21351
21356
21357
21358
21375
21380
21381
21382
21392
21420
21448
21458
21461
21462
21463
21464
21465
21482
21485
21486
21487
21488
21489
21505
21506
21507
21508
21509
21510
21511
21512
21513
21523
21537
21551
21565
21577
21578
21579
21580
21581
21582
21583
21584
21585
21586
21588
21589
21591
21592
21594
21595
21597
21598
21600
21602
21609
21611
21614
21623
21625
21628
21637
21639
21642
21651
21653
21656
21665
21667
21668
21671
21672
21674
21676
21685
21687
21689
21698
21700
21702
21713
21715
21726
21727
21728
21736
21738
21742
21745
21746
21747
21749
21756
21760
21761
21762
21763
21764
21766
21773
21777
21778
21779
21780
21781
21794
21795
21796
21797
21798
21811
21812
21813
21814
21815
21820
21821
21822
21823
21824
21896
21897
21899
21910
21911
21912
21914
21916
21927
21928
21929
21931
21933
21944
21946
21948
21963
21974
22045
22054
22056
22059
22071
22073
22075
22076
22078
22079
22087
22088
22090
22092
22093
22095
22096
22104
22105
22107
22109
22110
22112
22113
22121
22122
22124
22125
22130
22131
22133
22135
22144
22146
22147
22148
22154
22155
22156
22157
22158
22159
22160
22161
22165
22166
22167
22168
22169
22170
22171
22172
22173
22174
22178
22179
22180
22181
22182
22183
22184
22185
22186
22187
22191
22192
22193
22194
22195
22196
22197
22198
22199
22200
22201
22204
22205
22206
22207
22208
22209
22210
22211
22212
22213
22214
22215
22219
22220
22221
22222
22223
22224
22225
22226
22227
22228
22229
22230
22231
22232
22233
22234
22235
22236
22237
22238
22239
22240
22241
22242
22243
22244
22245
22246
22247
22248
22249
22250
22251
22252
22253
22254
22255
22256
22257
22258
22259
22260
22261
22263
22264
22267
22268
22269
22271
22273
22275
22276
22279
22280
22282
22285
22287
22289
22290
22291
22292
22294
22298
22300
22302
22303
22304
22305
22307
22311
22313
22315
22316
22317
22318
22320
22324
22328
22351
22356
22362
22368
22497
22499
22501
22502
22503
22504
22505
22506
22507
22510
22511
22512
22513
22514
22515
22516
22517
22518
22519
22522
22523
22524
22525
22526
22527
22528
22529
22530
22531
22534
22535
22536
22537
22538
22539
22540
22541
22542
22543
22546
22547
22548
22549
22550
22551
22552
22553
22554
22555
22558
22559
22560
22561
22562
22563
22564
22565
22566
22567
22568
22569
22570
22571
22572
22573
22574
22575
22576
22577
22578
22579
22580
22581
22582
22583
22584
22585
22586
22587
22588
22589
22590
22591
22592
22593
22594
22595
22596
22597
22598
22600
22601
22602
22605
22606
22607
22608
22609
22611
22614
22619
22620
22621
22622
22623
22625
22629
22630
22631
22639
22640
22641
22642
22643
22651
22652
22653
22654
22655
22663
22664
22665
22666
22667
22844
22847
22850
22852
22858
22861
22864
22866
22872
22875
22878
22880
22886
22890
22894
22895
22897
22899
22906
22907
22909
22911
22918
22919
22921
22923
22931
22932
22940
22941
22952
22953
22959
22972
22986
22999
23000
23002
23046
23047
23048
23057
23058
23060
23071
23072
23073
23074
23075
23076
23085
23086
23088
23101
23103
23177
23179
23184
23188
23190
23193
23199
23205
23207
23210
23216
23222
23224
23227
23233
23239
23241
23244
23256
23265
23278
23280
23282
23291
23293
23295
23304
23306
23308
23317
23319
23321
23330
23332
23334
23335
23340
23341
23342
23343
23345
23346
23347
23348
23349
23355
23356
23357
23358
23359
23360
23361
23362
23363
23364
23365
23366
23370
23371
23372
23373
23374
23375
23376
23377
23378
23379
23380
23381
23382
23383
23387
23388
23389
23390
23391
23393
23394
23395
23396
23400
23404
23405
23406
23407
23408
23412
23415
23416
23417
23419
23420
23421
23422
23426
23427
23428
23429
23430
23432
23433
23434
23435
23436
23437
23438
23439
23440
23441
23442
23443
23445
23446
23447
23448
23449
23450
23451
23452
23453
23454
23455
23456
23458
23459
23460
23461
23462
23463
23464
23465
23466
23467
23468
23469
23489
23490
23491
23492
23493
23503
23504
23506
23508
23520
23521
23522
23523
23524
23525
23526
23527
23537
23538
23540
23542
23554
23555
23556
23557
23558
23559
23560
23561
23566
23568
23641
23655
23657
23658
23661
23662
23663
23672
23673
23676
23686
23687
23688
23689
23691
23692
23695
23696
23697
23700
23701
23702
23703
23705
23706
23707
23710
23715
23717
23718
23720
23723
23763
23764
23765
23766
23767
23768
23770
23772
23775
23776
23777
23779
23791
23793
23795
23796
23798
23800
23802
23803
23805
23807
23808
23810
23812
23814
23815
23818
23820
23821
23822
23823
23824
23825
23826
23827
23828
23829
23830
23831
23833
23835
23837
23840
23841
23842
23843
23844
23845
23846
23847
23848
23849
23851
23852
23857
23858
23859
23867
23868
23869
23871
23874
23875
23876
23878
23886
23888
23889
23895
23901
23902
23904
23906
23914
23915
23916
23917
23918
24084
24085
24086
24087
24088
24089
24090
24091
24092
24093
24094
24095
24096
24097
24099
24101
24103
24104
24105
24108
24109
24110
24111
24112
24113
24114
24115
24116
24117
24118
24119
24120
24121
24123
24125
24127
24128
24129
24132
24133
24134
24135
24136
24137
24138
24139
24140
24141
24142
24143
24144
24145
24146
24147
24148
24149
24150
24151
24152
24153
24154
24155
24156
24158
24159
24161
24162
24164
24165
24167
24170
24171
24173
24174
24175
24177
24178
24180
24181
24182
24183
24184
24186
24187
24189
24190
24192
24193
24195
24199
24201
24204
24205
24208
24209
24210
24211
24212
24213
24214
24216
24220
24222
24223
24224
24228
24229
24232
24233
24236
24237
24238
24240
24244
24246
24247
24248
24252
24253
24256
24257
24260
24261
24262
24267
24268
24269
24278
24279
24281
24282
24290
24294
24295
24297
24306
24307
24309
24310
24318
24322
24323
24325
24331
24332
24333
24347
24348
24351
24352
24355
24356
24357
24371
24372
24375
24376
24379
24380
24381
24399
24408
24409
24411
24412
24414
24420
24421
24424
24426
24427
24436
24437
24439
24440
24442
24448
24449
24452
24454
24455
24463
24468
24469
24470
24474
24475
24476
24480
24481
24482
24483
24487
24491
24492
24499
24503
24504
24508
24509
24510
24511
24514
24515
24516
24517
24519
24520
24521
24522
24524
24525
24526
24527
24530
24531
24532
24533
24535
24536
24537
24538
24539
24542
24543
24544
24545
24546
24547
24548
24549
24550
24551
24552
24554
24556
24558
24563
24578
24579
24580
24581
24582
24583
24584
24585
24586
24587
24588
24589
24590
24591
24592
24593
24594
24595
24599
24600
24601
24602
24603
24604
24605
24606
24607
24608
24609
24610
24611
24612
24613
24614
24615
24616
24617
24618
24619
24620
24621
24622
24625
24626
24627
24628
24629
24630
24631
24632
24633
24634
24635
24636
24640
24641
24642
24643
24644
24645
24646
24647
24648
24649
24650
24651
24652
24653
24654
24655
24656
24657
24658
24659
24660
24661
24662
24663
24664
24665
24666
24667
24668
24669
24670
24671
24672
24673
24674
24675
24676
24677
24678
24679
24680
24681
24682
24683
24684
24685
24686
24687
24688
24689
24690
24691
24692
24693
24694
24695
24696
24697
24698
24699
24700
24701
24702
24703
24704
24705
24706
24708
24710
24711
24712
24713
24715
24718
24719
24720
24721
24722
24723
24724
24725
24726
24727
24728
24729
24730
24731
24732
24734
24736
24737
24738
24739
24741
24744
24745
24746
24747
24748
24749
24750
24751
24752
24753
24754
24755
24756
24757
24758
24760
24762
24764
24770
24772
24774
24775
24777
24780
24781
24782
24783
24785
24786
24787
24788
24789
24791
24792
24795
24796
24797
24800
24801
24802
24806
24807
24809
24810
24811
24814
24815
24816
24820
24821
24822
24823
24825
24826
24829
24830
24831
24834
24835
24836
24840
24841
24843
24844
24845
24848
24852
24854
24857
24858
24859
24861
24871
24872
24873
24874
24875
24876
24878
24880
24883
24897
24898
24899
24900
24901
24902
24904
24906
24909
24923
24925
24927
24928
24930
24933
24935
24936
24938
24942
24944
24948
24951
24956
24958
24959
24960
24962
24963
24964
24967
24969
24970
24972
24976
24978
24982
24985
24990
24992
24993
24994
24996
24997
24998
25001
25002
25004
25005
25011
25012
25014
25037
25038
25040
25063
25064
25066
25081
25087
25088
25092
25093
25094
25095
25097
25098
25101
25102
25103
25106
25107
25108
25112
25113
25115
25116
25117
25120
25121
25122
25126
25127
25128
25129
25131
25132
25135
25136
25137
25140
25141
25142
25146
25147
25149
25150
25151
25154
25158
25160
25163
25177
25178
25179
25180
25181
25182
25183
25184
25185
25186
25187
25188
25189
25203
25204
25205
25206
25207
25208
25209
25210
25211
25212
25213
25214
25215
25229
25230
25231
25232
25233
25234
25235
25236
25237
25238
25239
25240
25241
25242
25243
25244
25245
25246
25247
25248
25249
25250
25251
25252
25253
25254
25255
25256
25257
25258
25259
25267
25280
25281
25283
25285
25287
25300
25301
25303
25305
25307
25331
25332
25333
25334
25336
25337
25339
25340
25342
25343
25345
25348
25349
25351
25352
25353
25355
25356
25358
25359
25360
25361
25362
25364
25365
25367
25368
25370
25371
25373
25377
25379
25381
25382
25383
25384
25385
25386
25387
25390
25391
25392
25393
25394
25396
25398
25400
25401
25402
25405
25406
25407
25408
25409
25410
25411
25414
25415
25416
25417
25418
25420
25422
25424
25425
25426
25430
25431
25434
25435
25438
25439
25440
25442
25445
25446
25447
25449
25451
25456
25457
25459
25460
25462
25466
25468
25472
25473
25475
25477
25479
25484
25485
25487
25488
25490
25496
25500
25501
25503
25509
25510
25511
25525
25526
25529
25530
25533
25534
25535
25549
25550
25553
25554
25557
25558
25559
25577
25586
25587
25589
25590
25592
25598
25599
25602
25604
25605
25614
25615
25617
25618
25620
25626
25627
25630
25632
25633
25641
25656
25660
25662
25663
25664
25680
25684
25686
25687
25688
25707
25708
25709
25718
25719
25721
25722
25730
25734
25735
25737
25746
25747
25749
25750
25758
25762
25763
25765
25771
25772
25773
25786
25787
25788
25789
25790
25791
25792
25795
25796
25797
25810
25811
25812
25813
25814
25815
25816
25819
25820
25821
25834
25835
25836
25837
25838
25839
25840
25841
25842
25843
25844
25845
25846
25847
25848
25849
25850
25851
25852
25853
25854
25855
25856
25857
25858
25859
25860
25861
25862
25863
25864
25865
25866
25867
25868
25869
25870
25871
25872
25873
25874
25875
25876
25877
25878
25879
25880
25881
25882
25883
25884
25885
25886
25887
25888
25889
25890
25891
25892
25893
25894
25895
25896
25897
25898
25899
25900
25901
25902
25903
25904
25905
25906
25907
25908
25909
25910
25911
25912
25913
25914
25915
25916
25917
25918
25919
25921
25925
25926
25927
25928
25929
25930
25934
25935
25936
25937
25938
25939
25940
25941
25942
25944
25945
25946
25947
25951
25952
25953
25954
25955
25956
25957
25958
25962
25963
25964
25965
25966
25967
25968
25969
25970
25972
25973
25974
25975
25979
25980
25981
25982
25983
25984
25988
25989
25990
25991
26005
26006
26007
26008
26009
26010
26012
26014
26017
26031
26032
26033
26034
26035
26036
26038
26040
26043
26057
26059
26061
26062
26064
26067
26069
26070
26072
26076
26078
26079
26082
26083
26084
26085
26090
26092
26093
26094
26096
26097
26098
26101
26103
26104
26106
26110
26112
26113
26116
26117
26118
26119
26124
26126
26127
26128
26130
26131
26132
26135
26136
26138
26139
26141
26144
26145
26146
26148
26171
26172
26174
26197
26198
26200
26215
26221
26222
26226
26227
26228
26229
26231
26232
26235
26236
26237
26240
26241
26242
26246
26247
26250
26255
26256
26260
26261
26262
26263
26265
26266
26269
26270
26271
26274
26275
26276
26280
26281
26284
26292
26294
26297
26311
26312
26313
26314
26315
26316
26318
26320
26323
26337
26338
26339
26340
26341
26342
26344
26346
26349
26363
26364
26365
26366
26367
26368
26369
26370
26371
26372
26373
26375
26376
26377
26378
26382
26383
26384
26386
26388
26391
26392
26396
26397
26398
26399
26400
26401
26402
26403
26404
26405
26406
26407
26409
26410
26411
26412
26416
26417
26418
26420
26422
26425
26426
26430
26431
26432
26433
26434
26435
26436
26437
26438
26439
26440
26441
26442
26443
26444
26445
26446
26448
26451
26452
26453
26454
26455
26456
26457
26458
26459
26460
26461
26462
26463
26477
26478
26480
26482
26483
26484
26485
26487
26503
26504
26506
26508
26509
26510
26511
26513
26516
26517
26518
26519
26522
26523
26525
26527
26528
26529
26530
26532
26533
26536
26537
26538
26540
26542
26544
26546
26547
26549
26553
26555
26557
26561
26563
26566
26572
26578
26580
26583
26589
26595
26600
26604
26617
26630
26643
26656
26701
26702
26705
26706
26708
26709
26711
26712
26715
26716
26717
26718
26719
26721
26722
26725
26726
26727
26728
26729
26731
26732
26735
26736
26737
26738
26739
26741
26742
26745
26746
26747
26748
26749
26754
26755
26756
26764
26765
26766
26767
26768
26769
26770
26776
26777
26780
26781
26782
26783
26784
26792
26793
26794
26795
26796
26797
26798
26804
26805
26808
26809
26810
26811
26812
26818
26819
26820
26834
26835
26838
26839
26840
26841
26842
26843
26844
26858
26859
26862
26863
26864
26865
26866
26867
26868
26885
26886
26887
26895
26896
26897
26898
26899
26900
26901
26907
26908
26911
26912
26913
26914
26915
26923
26924
26925
26926
26927
26928
26929
26935
26936
26939
26940
26941
26942
26943
26949
26950
26951
26965
26969
26971
26972
26989
26993
26995
26996
27015
27025
27027
27039
27041
27053
27055
27064
27067
27069
27075
27079
27083
27084
27086
27088
27095
27096
27098
27100
27107
27108
27110
27112
27119
27120
27122
27124
27131
27132
27133
27134
27135
27136
27137
27141
27142
27143
27146
27148
27150
27153
27156
27158
27161
27164
27170
27175
27189
27196
27202
27203
27205
27207
27211
27212
27213
27223
27224
27225
27235
27236
27237
27362
27363
27369
27370
27371
27372
27374
27375
27383
27385
27386
27388
27393
27397
27399
27402
27411
27413
27416
27425
27432
27445
27458
27471
27484
27497
27499
27508
27510
27512
27513
27515
27516
27524
27525
27527
27529
27530
27532
27533
27541
27542
27544
27546
27547
27549
27550
27558
27559
27561
27563
27564
27566
27567
27575
27576
27578
27579
27584
27587
27588
27589
27597
27599
27600
27601
27602
27606
27607
27608
27609
27610
27612
27613
27614
27615
27619
27620
27621
27622
27623
27625
27626
27627
27628
27632
27633
27634
27635
27636
27638
27639
27640
27641
27645
27646
27647
27648
27649
27658
27659
27660
27670
27671
27672
27673
27674
27675
27676
27677
27687
27688
27689
27690
27691
27692
27693
27694
27704
27705
27706
27708
27710
27721
27722
27723
27725
27727
27733
27734
27736
27810
27825
27842
27870
27882
27943
27945
27947
27956
27957
27958
27959
27960
27961
27964
27965
27966
27967
27968
27969
27970
27971
27972
27973
27974
27975
27979
27980
27981
27982
27983
27984
27985
27986
27987
27988
27989
27990
27991
27992
27996
27997
27998
27999
28000
28001
28002
28003
28004
28005
28006
28007
28008
28009
28013
28014
28015
28016
28017
28018
28019
28020
28021
28022
28023
28024
28025
28026
28030
28031
28032
28033
28034
28035
28036
28037
28038
28041
28042
28043
28044
28045
28046
28047
28048
28049
28050
28051
28052
28053
28054
28055
28056
28057
28058
28059
28060
28061
28062
28063
28064
28065
28066
28067
28068
28069
28070
28071
28072
28073
28074
28075
28076
28077
28078
28079
28080
28081
28082
28083
28084
28085
28086
28087
28088
28089
28090
28091
28092
28093
28094
28095
28096
28097
28099
28101
28102
28103
28104
28106
28109
28110
28111
28112
28113
28114
28115
28116
28117
28118
28119
28120
28121
28122
28123
28124
28125
28126
28127
28128
28129
28130
28132
28134
28135
28138
28331
28334
28336
28339
28342
28345
28348
28350
28353
28356
28359
28360
28362
28363
28364
28366
28367
28369
28370
28371
28372
28373
28374
28375
28376
28377
28378
28379
28380
28381
28382
28383
28384
28385
28386
28387
28388
28389
28390
28391
28392
28393
28394
28395
28396
28397
28398
28401
28402
28403
28404
28405
28406
28407
28408
28409
28410
28413
28414
28415
28416
28417
28418
28420
28425
28426
28427
28435
28436
28437
28438
28439
28447
28448
28449
28450
28451
28453
28456
28457
28458
28460
28463
28468
28469
28470
28471
28472
28474
28477
28482
28483
28484
28485
28486
28654
28655
28657
28659
28661
28662
28666
28667
28669
28671
28678
28679
28681
28683
28690
28691
28693
28695
28702
28703
28705
28707
28714
28717
28721
28724
28727
28729
28735
28738
28741
28743
28749
28752
28755
28757
28763
28769
28830
28832
28833
28834
28838
28839
28840
28841
28842
28843
28844
28845
28846
28847
28848
28849
28850
28851
28852
28853
28854
28855
28856
28857
28858
28859
28860
28861
28863
