0 2 1
0 6 1
1 2 1
1 29 1
2 0 1
2 1 1
2 3 1
2 31 1
3 2 1
3 257 1
4 8 1
4 13 1
5 6 1
5 7 1
5 30 1
6 0 1
6 5 1
6 9 1
6 32 1
7 5 1
7 8 1
7 36 1
8 4 1
8 7 1
8 10 1
8 38 1
9 6 1
9 10 1
9 259 1
10 8 1
10 9 1
10 262 1
11 15 1
11 20 1
12 13 1
12 14 1
12 37 1
13 4 1
13 12 1
13 16 1
13 39 1
14 12 1
14 15 1
14 43 1
15 11 1
15 14 1
15 17 1
15 45 1
16 13 1
16 17 1
16 264 1
17 15 1
17 16 1
17 267 1
18 22 1
18 26 1
19 20 1
19 21 1
19 44 1
20 11 1
20 19 1
20 23 1
20 46 1
21 19 1
21 22 1
21 50 1
22 18 1
22 21 1
22 24 1
22 52 1
23 20 1
23 24 1
23 269 1
24 22 1
24 23 1
24 272 1
25 26 1
25 51 1
26 18 1
26 25 1
26 27 1
26 53 1
27 26 1
27 274 1
28 29 1
28 30 1
28 56 1
29 1 1
29 28 1
29 33 1
29 59 1
30 5 1
30 28 1
30 34 1
30 66 1
31 2 1
31 32 1
31 33 1
31 256 1
32 6 1
32 31 1
32 34 1
32 258 1
33 29 1
33 31 1
33 34 1
33 276 1
34 30 1
34 32 1
34 33 1
34 279 1
35 36 1
35 37 1
35 61 1
36 7 1
36 35 1
36 40 1
36 67 1
37 12 1
37 35 1
37 41 1
37 75 1
38 8 1
38 39 1
38 40 1
38 261 1
39 13 1
39 38 1
39 41 1
39 263 1
40 36 1
40 38 1
40 41 1
40 280 1
41 37 1
41 39 1
41 40 1
41 285 1
42 43 1
42 44 1
42 70 1
43 14 1
43 42 1
43 47 1
43 76 1
44 19 1
44 42 1
44 48 1
44 84 1
45 15 1
45 46 1
45 47 1
45 266 1
46 20 1
46 45 1
46 48 1
46 268 1
47 43 1
47 45 1
47 48 1
47 286 1
48 44 1
48 46 1
48 47 1
48 291 1
49 50 1
49 51 1
49 79 1
50 21 1
50 49 1
50 54 1
50 85 1
51 25 1
51 49 1
51 55 1
51 90 1
52 22 1
52 53 1
52 54 1
52 271 1
53 26 1
53 52 1
53 55 1
53 273 1
54 50 1
54 52 1
54 55 1
54 292 1
55 51 1
55 53 1
55 54 1
55 297 1
56 28 1
56 58 1
56 63 1
57 58 1
57 93 1
58 56 1
58 57 1
58 60 1
58 95 1
59 29 1
59 60 1
59 277 1
60 58 1
60 59 1
60 301 1
61 35 1
61 65 1
61 72 1
62 63 1
62 64 1
62 94 1
63 56 1
63 62 1
63 68 1
63 96 1
64 62 1
64 65 1
64 100 1
65 61 1
65 64 1
65 69 1
65 102 1
66 30 1
66 67 1
66 68 1
66 281 1
67 36 1
67 66 1
67 69 1
67 282 1
68 63 1
68 66 1
68 69 1
68 303 1
69 65 1
69 67 1
69 68 1
69 307 1
70 42 1
70 74 1
70 81 1
71 72 1
71 73 1
71 101 1
72 61 1
72 71 1
72 77 1
72 103 1
73 71 1
73 74 1
73 107 1
74 70 1
74 73 1
74 78 1
74 109 1
75 37 1
75 76 1
75 77 1
75 287 1
76 43 1
76 75 1
76 78 1
76 288 1
77 72 1
77 75 1
77 78 1
77 309 1
78 74 1
78 76 1
78 77 1
78 313 1
79 49 1
79 83 1
79 89 1
80 81 1
80 82 1
80 108 1
81 70 1
81 80 1
81 86 1
81 110 1
82 80 1
82 83 1
82 114 1
83 79 1
83 82 1
83 87 1
83 116 1
84 44 1
84 85 1
84 86 1
84 293 1
85 50 1
85 84 1
85 87 1
85 294 1
86 81 1
86 84 1
86 87 1
86 315 1
87 83 1
87 85 1
87 86 1
87 319 1
88 89 1
88 115 1
89 79 1
89 88 1
89 91 1
89 117 1
90 51 1
90 91 1
90 298 1
91 89 1
91 90 1
91 321 1
92 93 1
92 94 1
92 120 1
93 57 1
93 92 1
93 97 1
93 123 1
94 62 1
94 92 1
94 98 1
94 130 1
95 58 1
95 96 1
95 97 1
95 300 1
96 63 1
96 95 1
96 98 1
96 302 1
97 93 1
97 95 1
97 98 1
97 324 1
98 94 1
98 96 1
98 97 1
98 327 1
99 100 1
99 101 1
99 125 1
100 64 1
100 99 1
100 104 1
100 131 1
101 71 1
101 99 1
101 105 1
101 139 1
102 65 1
102 103 1
102 104 1
102 306 1
103 72 1
103 102 1
103 105 1
103 308 1
104 100 1
104 102 1
104 105 1
104 328 1
105 101 1
105 103 1
105 104 1
105 333 1
106 107 1
106 108 1
106 134 1
107 73 1
107 106 1
107 111 1
107 140 1
108 80 1
108 106 1
108 112 1
108 148 1
109 74 1
109 110 1
109 111 1
109 312 1
110 81 1
110 109 1
110 112 1
110 314 1
111 107 1
111 109 1
111 112 1
111 334 1
112 108 1
112 110 1
112 111 1
112 339 1
113 114 1
113 115 1
113 143 1
114 82 1
114 113 1
114 118 1
114 149 1
115 88 1
115 113 1
115 119 1
115 154 1
116 83 1
116 117 1
116 118 1
116 318 1
117 89 1
117 116 1
117 119 1
117 320 1
118 114 1
118 116 1
118 119 1
118 340 1
119 115 1
119 117 1
119 118 1
119 345 1
120 92 1
120 122 1
120 127 1
121 122 1
121 157 1
122 120 1
122 121 1
122 124 1
122 159 1
123 93 1
123 124 1
123 325 1
124 122 1
124 123 1
124 349 1
125 99 1
125 129 1
125 136 1
126 127 1
126 128 1
126 158 1
127 120 1
127 126 1
127 132 1
127 160 1
128 126 1
128 129 1
128 164 1
129 125 1
129 128 1
129 133 1
129 166 1
130 94 1
130 131 1
130 132 1
130 329 1
131 100 1
131 130 1
131 133 1
131 330 1
132 127 1
132 130 1
132 133 1
132 351 1
133 129 1
133 131 1
133 132 1
133 355 1
134 106 1
134 138 1
134 145 1
135 136 1
135 137 1
135 165 1
136 125 1
136 135 1
136 141 1
136 167 1
137 135 1
137 138 1
137 171 1
138 134 1
138 137 1
138 142 1
138 173 1
139 101 1
139 140 1
139 141 1
139 335 1
140 107 1
140 139 1
140 142 1
140 336 1
141 136 1
141 139 1
141 142 1
141 357 1
142 138 1
142 140 1
142 141 1
142 361 1
143 113 1
143 147 1
143 153 1
144 145 1
144 146 1
144 172 1
145 134 1
145 144 1
145 150 1
145 174 1
146 144 1
146 147 1
146 178 1
147 143 1
147 146 1
147 151 1
147 180 1
148 108 1
148 149 1
148 150 1
148 341 1
149 114 1
149 148 1
149 151 1
149 342 1
150 145 1
150 148 1
150 151 1
150 363 1
151 147 1
151 149 1
151 150 1
151 367 1
152 153 1
152 179 1
153 143 1
153 152 1
153 155 1
153 181 1
154 115 1
154 155 1
154 346 1
155 153 1
155 154 1
155 369 1
156 157 1
156 158 1
156 184 1
157 121 1
157 156 1
157 161 1
157 187 1
158 126 1
158 156 1
158 162 1
158 194 1
159 122 1
159 160 1
159 161 1
159 348 1
160 127 1
160 159 1
160 162 1
160 350 1
161 157 1
161 159 1
161 162 1
161 372 1
162 158 1
162 160 1
162 161 1
162 375 1
163 164 1
163 165 1
163 189 1
164 128 1
164 163 1
164 168 1
164 195 1
165 135 1
165 163 1
165 169 1
165 203 1
166 129 1
166 167 1
166 168 1
166 354 1
167 136 1
167 166 1
167 169 1
167 356 1
168 164 1
168 166 1
168 169 1
168 376 1
169 165 1
169 167 1
169 168 1
169 381 1
170 171 1
170 172 1
170 198 1
171 137 1
171 170 1
171 175 1
171 204 1
172 144 1
172 170 1
172 176 1
172 212 1
173 138 1
173 174 1
173 175 1
173 360 1
174 145 1
174 173 1
174 176 1
174 362 1
175 171 1
175 173 1
175 176 1
175 382 1
176 172 1
176 174 1
176 175 1
176 387 1
177 178 1
177 179 1
177 207 1
178 146 1
178 177 1
178 182 1
178 213 1
179 152 1
179 177 1
179 183 1
179 218 1
180 147 1
180 181 1
180 182 1
180 366 1
181 153 1
181 180 1
181 183 1
181 368 1
182 178 1
182 180 1
182 183 1
182 388 1
183 179 1
183 181 1
183 182 1
183 393 1
184 156 1
184 186 1
184 191 1
185 186 1
185 221 1
186 184 1
186 185 1
186 188 1
186 223 1
187 157 1
187 188 1
187 373 1
188 186 1
188 187 1
188 397 1
189 163 1
189 193 1
189 200 1
190 191 1
190 192 1
190 222 1
191 184 1
191 190 1
191 196 1
191 224 1
192 190 1
192 193 1
192 228 1
193 189 1
193 192 1
193 197 1
193 230 1
194 158 1
194 195 1
194 196 1
194 377 1
195 164 1
195 194 1
195 197 1
195 378 1
196 191 1
196 194 1
196 197 1
196 399 1
197 193 1
197 195 1
197 196 1
197 403 1
198 170 1
198 202 1
198 209 1
199 200 1
199 201 1
199 229 1
200 189 1
200 199 1
200 205 1
200 231 1
201 199 1
201 202 1
201 235 1
202 198 1
202 201 1
202 206 1
202 237 1
203 165 1
203 204 1
203 205 1
203 383 1
204 171 1
204 203 1
204 206 1
204 384 1
205 200 1
205 203 1
205 206 1
205 405 1
206 202 1
206 204 1
206 205 1
206 409 1
207 177 1
207 211 1
207 217 1
208 209 1
208 210 1
208 236 1
209 198 1
209 208 1
209 214 1
209 238 1
210 208 1
210 211 1
210 242 1
211 207 1
211 210 1
211 215 1
211 244 1
212 172 1
212 213 1
212 214 1
212 389 1
213 178 1
213 212 1
213 215 1
213 390 1
214 209 1
214 212 1
214 215 1
214 411 1
215 211 1
215 213 1
215 214 1
215 415 1
216 217 1
216 243 1
217 207 1
217 216 1
217 219 1
217 245 1
218 179 1
218 219 1
218 394 1
219 217 1
219 218 1
219 417 1
220 221 1
220 222 1
221 185 1
221 220 1
221 225 1
221 248 1
222 190 1
222 220 1
222 226 1
222 249 1
223 186 1
223 224 1
223 225 1
223 396 1
224 191 1
224 223 1
224 226 1
224 398 1
225 221 1
225 223 1
225 226 1
225 420 1
226 222 1
226 224 1
226 225 1
226 423 1
227 228 1
227 229 1
228 192 1
228 227 1
228 232 1
228 250 1
229 199 1
229 227 1
229 233 1
229 251 1
230 193 1
230 231 1
230 232 1
230 402 1
231 200 1
231 230 1
231 233 1
231 404 1
232 228 1
232 230 1
232 233 1
232 424 1
233 229 1
233 231 1
233 232 1
233 429 1
234 235 1
234 236 1
235 201 1
235 234 1
235 239 1
235 252 1
236 208 1
236 234 1
236 240 1
236 253 1
237 202 1
237 238 1
237 239 1
237 408 1
238 209 1
238 237 1
238 240 1
238 410 1
239 235 1
239 237 1
239 240 1
239 430 1
240 236 1
240 238 1
240 239 1
240 435 1
241 242 1
241 243 1
242 210 1
242 241 1
242 246 1
242 254 1
243 216 1
243 241 1
243 247 1
243 255 1
244 211 1
244 245 1
244 246 1
244 414 1
245 217 1
245 244 1
245 247 1
245 416 1
246 242 1
246 244 1
246 247 1
246 436 1
247 243 1
247 245 1
247 246 1
247 441 1
248 221 1
248 421 1
249 222 1
249 250 1
249 425 1
250 228 1
250 249 1
250 426 1
251 229 1
251 252 1
251 431 1
252 235 1
252 251 1
252 432 1
253 236 1
253 254 1
253 437 1
254 242 1
254 253 1
254 438 1
255 243 1
255 442 1
256 31 1
256 257 1
256 258 1
256 276 1
257 3 1
257 256 1
257 260 1
257 278 1
258 32 1
258 256 1
258 259 1
258 279 1
259 9 1
259 258 1
259 260 1
259 283 1
260 257 1
260 259 1
260 448 1
261 38 1
261 262 1
261 263 1
261 280 1
262 10 1
262 261 1
262 265 1
262 284 1
263 39 1
263 261 1
263 264 1
263 285 1
264 16 1
264 263 1
264 265 1
264 289 1
265 262 1
265 264 1
265 452 1
266 45 1
266 267 1
266 268 1
266 286 1
267 17 1
267 266 1
267 270 1
267 290 1
268 46 1
268 266 1
268 269 1
268 291 1
269 23 1
269 268 1
269 270 1
269 295 1
270 267 1
270 269 1
270 459 1
271 52 1
271 272 1
271 273 1
271 292 1
272 24 1
272 271 1
272 275 1
272 296 1
273 53 1
273 271 1
273 274 1
273 297 1
274 27 1
274 273 1
274 275 1
274 299 1
275 272 1
275 274 1
275 466 1
276 33 1
276 256 1
276 277 1
276 279 1
277 59 1
277 276 1
277 278 1
277 304 1
278 257 1
278 277 1
278 449 1
279 34 1
279 258 1
279 276 1
279 281 1
280 40 1
280 261 1
280 282 1
280 285 1
281 66 1
281 279 1
281 283 1
281 304 1
282 67 1
282 280 1
282 284 1
282 310 1
283 259 1
283 281 1
283 284 1
283 453 1
284 262 1
284 282 1
284 283 1
284 455 1
285 41 1
285 263 1
285 280 1
285 287 1
286 47 1
286 266 1
286 288 1
286 291 1
287 75 1
287 285 1
287 289 1
287 310 1
288 76 1
288 286 1
288 290 1
288 316 1
289 264 1
289 287 1
289 290 1
289 460 1
290 267 1
290 288 1
290 289 1
290 462 1
291 48 1
291 268 1
291 286 1
291 293 1
292 54 1
292 271 1
292 294 1
292 297 1
293 84 1
293 291 1
293 295 1
293 316 1
294 85 1
294 292 1
294 296 1
294 322 1
295 269 1
295 293 1
295 296 1
295 467 1
296 272 1
296 294 1
296 295 1
296 469 1
297 55 1
297 273 1
297 292 1
297 298 1
298 90 1
298 297 1
298 299 1
298 322 1
299 274 1
299 298 1
299 473 1
300 95 1
300 301 1
300 302 1
300 324 1
301 60 1
301 300 1
301 305 1
301 326 1
302 96 1
302 300 1
302 303 1
302 327 1
303 68 1
303 302 1
303 305 1
303 331 1
304 277 1
304 281 1
304 305 1
304 476 1
305 301 1
305 303 1
305 304 1
305 504 1
306 102 1
306 307 1
306 308 1
306 328 1
307 69 1
307 306 1
307 311 1
307 332 1
308 103 1
308 306 1
308 309 1
308 333 1
309 77 1
309 308 1
309 311 1
309 337 1
310 282 1
310 287 1
310 311 1
310 483 1
311 307 1
311 309 1
311 310 1
311 509 1
312 109 1
312 313 1
312 314 1
312 334 1
313 78 1
313 312 1
313 317 1
313 338 1
314 110 1
314 312 1
314 315 1
314 339 1
315 86 1
315 314 1
315 317 1
315 343 1
316 288 1
316 293 1
316 317 1
316 490 1
317 313 1
317 315 1
317 316 1
317 518 1
318 116 1
318 319 1
318 320 1
318 340 1
319 87 1
319 318 1
319 323 1
319 344 1
320 117 1
320 318 1
320 321 1
320 345 1
321 91 1
321 320 1
321 323 1
321 347 1
322 294 1
322 298 1
322 323 1
322 497 1
323 319 1
323 321 1
323 322 1
323 527 1
324 97 1
324 300 1
324 325 1
324 327 1
325 123 1
325 324 1
325 326 1
325 352 1
326 301 1
326 325 1
326 505 1
327 98 1
327 302 1
327 324 1
327 329 1
328 104 1
328 306 1
328 330 1
328 333 1
329 130 1
329 327 1
329 331 1
329 352 1
330 131 1
330 328 1
330 332 1
330 358 1
331 303 1
331 329 1
331 332 1
331 510 1
332 307 1
332 330 1
332 331 1
332 512 1
333 105 1
333 308 1
333 328 1
333 335 1
334 111 1
334 312 1
334 336 1
334 339 1
335 139 1
335 333 1
335 337 1
335 358 1
336 140 1
336 334 1
336 338 1
336 364 1
337 309 1
337 335 1
337 338 1
337 519 1
338 313 1
338 336 1
338 337 1
338 521 1
339 112 1
339 314 1
339 334 1
339 341 1
340 118 1
340 318 1
340 342 1
340 345 1
341 148 1
341 339 1
341 343 1
341 364 1
342 149 1
342 340 1
342 344 1
342 370 1
343 315 1
343 341 1
343 344 1
343 528 1
344 319 1
344 342 1
344 343 1
344 530 1
345 119 1
345 320 1
345 340 1
345 346 1
346 154 1
346 345 1
346 347 1
346 370 1
347 321 1
347 346 1
347 536 1
348 159 1
348 349 1
348 350 1
348 372 1
349 124 1
349 348 1
349 353 1
349 374 1
350 160 1
350 348 1
350 351 1
350 375 1
351 132 1
351 350 1
351 353 1
351 379 1
352 325 1
352 329 1
352 353 1
352 540 1
353 349 1
353 351 1
353 352 1
353 568 1
354 166 1
354 355 1
354 356 1
354 376 1
355 133 1
355 354 1
355 359 1
355 380 1
356 167 1
356 354 1
356 357 1
356 381 1
357 141 1
357 356 1
357 359 1
357 385 1
358 330 1
358 335 1
358 359 1
358 547 1
359 355 1
359 357 1
359 358 1
359 573 1
360 173 1
360 361 1
360 362 1
360 382 1
361 142 1
361 360 1
361 365 1
361 386 1
362 174 1
362 360 1
362 363 1
362 387 1
363 150 1
363 362 1
363 365 1
363 391 1
364 336 1
364 341 1
364 365 1
364 554 1
365 361 1
365 363 1
365 364 1
365 582 1
366 180 1
366 367 1
366 368 1
366 388 1
367 151 1
367 366 1
367 371 1
367 392 1
368 181 1
368 366 1
368 369 1
368 393 1
369 155 1
369 368 1
369 371 1
369 395 1
370 342 1
370 346 1
370 371 1
370 561 1
371 367 1
371 369 1
371 370 1
371 591 1
372 161 1
372 348 1
372 373 1
372 375 1
373 187 1
373 372 1
373 374 1
373 400 1
374 349 1
374 373 1
374 569 1
375 162 1
375 350 1
375 372 1
375 377 1
376 168 1
376 354 1
376 378 1
376 381 1
377 194 1
377 375 1
377 379 1
377 400 1
378 195 1
378 376 1
378 380 1
378 406 1
379 351 1
379 377 1
379 380 1
379 574 1
380 355 1
380 378 1
380 379 1
380 576 1
381 169 1
381 356 1
381 376 1
381 383 1
382 175 1
382 360 1
382 384 1
382 387 1
383 203 1
383 381 1
383 385 1
383 406 1
384 204 1
384 382 1
384 386 1
384 412 1
385 357 1
385 383 1
385 386 1
385 583 1
386 361 1
386 384 1
386 385 1
386 585 1
387 176 1
387 362 1
387 382 1
387 389 1
388 182 1
388 366 1
388 390 1
388 393 1
389 212 1
389 387 1
389 391 1
389 412 1
390 213 1
390 388 1
390 392 1
390 418 1
391 363 1
391 389 1
391 392 1
391 592 1
392 367 1
392 390 1
392 391 1
392 594 1
393 183 1
393 368 1
393 388 1
393 394 1
394 218 1
394 393 1
394 395 1
394 418 1
395 369 1
395 394 1
395 600 1
396 223 1
396 397 1
396 398 1
396 420 1
397 188 1
397 396 1
397 401 1
397 422 1
398 224 1
398 396 1
398 399 1
398 423 1
399 196 1
399 398 1
399 401 1
399 427 1
400 373 1
400 377 1
400 401 1
400 604 1
401 397 1
401 399 1
401 400 1
401 632 1
402 230 1
402 403 1
402 404 1
402 424 1
403 197 1
403 402 1
403 407 1
403 428 1
404 231 1
404 402 1
404 405 1
404 429 1
405 205 1
405 404 1
405 407 1
405 433 1
406 378 1
406 383 1
406 407 1
406 611 1
407 403 1
407 405 1
407 406 1
407 637 1
408 237 1
408 409 1
408 410 1
408 430 1
409 206 1
409 408 1
409 413 1
409 434 1
410 238 1
410 408 1
410 411 1
410 435 1
411 214 1
411 410 1
411 413 1
411 439 1
412 384 1
412 389 1
412 413 1
412 618 1
413 409 1
413 411 1
413 412 1
413 646 1
414 244 1
414 415 1
414 416 1
414 436 1
415 215 1
415 414 1
415 419 1
415 440 1
416 245 1
416 414 1
416 417 1
416 441 1
417 219 1
417 416 1
417 419 1
417 443 1
418 390 1
418 394 1
418 419 1
418 625 1
419 415 1
419 417 1
419 418 1
419 655 1
420 225 1
420 396 1
420 421 1
420 423 1
421 248 1
421 420 1
421 422 1
421 444 1
422 397 1
422 421 1
422 633 1
423 226 1
423 398 1
423 420 1
423 425 1
424 232 1
424 402 1
424 426 1
424 429 1
425 249 1
425 423 1
425 427 1
425 444 1
426 250 1
426 424 1
426 428 1
426 445 1
427 399 1
427 425 1
427 428 1
427 638 1
428 403 1
428 426 1
428 427 1
428 640 1
429 233 1
429 404 1
429 424 1
429 431 1
430 239 1
430 408 1
430 432 1
430 435 1
431 251 1
431 429 1
431 433 1
431 445 1
432 252 1
432 430 1
432 434 1
432 446 1
433 405 1
433 431 1
433 434 1
433 647 1
434 409 1
434 432 1
434 433 1
434 649 1
435 240 1
435 410 1
435 430 1
435 437 1
436 246 1
436 414 1
436 438 1
436 441 1
437 253 1
437 435 1
437 439 1
437 446 1
438 254 1
438 436 1
438 440 1
438 447 1
439 411 1
439 437 1
439 440 1
439 656 1
440 415 1
440 438 1
440 439 1
440 658 1
441 247 1
441 416 1
441 436 1
441 442 1
442 255 1
442 441 1
442 443 1
442 447 1
443 417 1
443 442 1
443 664 1
444 421 1
444 425 1
444 668 1
445 426 1
445 431 1
445 675 1
446 432 1
446 437 1
446 682 1
447 438 1
447 442 1
447 689 1
448 260 1
448 450 1
448 454 1
449 278 1
449 450 1
449 477 1
450 448 1
450 449 1
450 451 1
450 479 1
451 450 1
451 705 1
452 265 1
452 456 1
452 461 1
453 283 1
453 454 1
453 455 1
453 478 1
454 448 1
454 453 1
454 457 1
454 480 1
455 284 1
455 453 1
455 456 1
455 484 1
456 452 1
456 455 1
456 458 1
456 486 1
457 454 1
457 458 1
457 707 1
458 456 1
458 457 1
458 710 1
459 270 1
459 463 1
459 468 1
460 289 1
460 461 1
460 462 1
460 485 1
461 452 1
461 460 1
461 464 1
461 487 1
462 290 1
462 460 1
462 463 1
462 491 1
463 459 1
463 462 1
463 465 1
463 493 1
464 461 1
464 465 1
464 712 1
465 463 1
465 464 1
465 715 1
466 275 1
466 470 1
466 474 1
467 295 1
467 468 1
467 469 1
467 492 1
468 459 1
468 467 1
468 471 1
468 494 1
469 296 1
469 467 1
469 470 1
469 498 1
470 466 1
470 469 1
470 472 1
470 500 1
471 468 1
471 472 1
471 717 1
472 470 1
472 471 1
472 720 1
473 299 1
473 474 1
473 499 1
474 466 1
474 473 1
474 475 1
474 501 1
475 474 1
475 722 1
476 304 1
476 477 1
476 478 1
476 504 1
477 449 1
477 476 1
477 481 1
477 507 1
478 453 1
478 476 1
478 482 1
478 514 1
479 450 1
479 480 1
479 481 1
479 704 1
480 454 1
480 479 1
480 482 1
480 706 1
481 477 1
481 479 1
481 482 1
481 724 1
482 478 1
482 480 1
482 481 1
482 727 1
483 310 1
483 484 1
483 485 1
483 509 1
484 455 1
484 483 1
484 488 1
484 515 1
485 460 1
485 483 1
485 489 1
485 523 1
486 456 1
486 487 1
486 488 1
486 709 1
487 461 1
487 486 1
487 489 1
487 711 1
488 484 1
488 486 1
488 489 1
488 728 1
489 485 1
489 487 1
489 488 1
489 733 1
490 316 1
490 491 1
490 492 1
490 518 1
491 462 1
491 490 1
491 495 1
491 524 1
492 467 1
492 490 1
492 496 1
492 532 1
493 463 1
493 494 1
493 495 1
493 714 1
494 468 1
494 493 1
494 496 1
494 716 1
495 491 1
495 493 1
495 496 1
495 734 1
496 492 1
496 494 1
496 495 1
496 739 1
497 322 1
497 498 1
497 499 1
497 527 1
498 469 1
498 497 1
498 502 1
498 533 1
499 473 1
499 497 1
499 503 1
499 538 1
500 470 1
500 501 1
500 502 1
500 719 1
501 474 1
501 500 1
501 503 1
501 721 1
502 498 1
502 500 1
502 503 1
502 740 1
503 499 1
503 501 1
503 502 1
503 745 1
504 305 1
504 476 1
504 506 1
504 511 1
505 326 1
505 506 1
505 541 1
506 504 1
506 505 1
506 508 1
506 543 1
507 477 1
507 508 1
507 725 1
508 506 1
508 507 1
508 749 1
509 311 1
509 483 1
509 513 1
509 520 1
510 331 1
510 511 1
510 512 1
510 542 1
511 504 1
511 510 1
511 516 1
511 544 1
512 332 1
512 510 1
512 513 1
512 548 1
513 509 1
513 512 1
513 517 1
513 550 1
514 478 1
514 515 1
514 516 1
514 729 1
515 484 1
515 514 1
515 517 1
515 730 1
516 511 1
516 514 1
516 517 1
516 751 1
517 513 1
517 515 1
517 516 1
517 755 1
518 317 1
518 490 1
518 522 1
518 529 1
519 337 1
519 520 1
519 521 1
519 549 1
520 509 1
520 519 1
520 525 1
520 551 1
521 338 1
521 519 1
521 522 1
521 555 1
522 518 1
522 521 1
522 526 1
522 557 1
523 485 1
523 524 1
523 525 1
523 735 1
524 491 1
524 523 1
524 526 1
524 736 1
525 520 1
525 523 1
525 526 1
525 757 1
526 522 1
526 524 1
526 525 1
526 761 1
527 323 1
527 497 1
527 531 1
527 537 1
528 343 1
528 529 1
528 530 1
528 556 1
529 518 1
529 528 1
529 534 1
529 558 1
530 344 1
530 528 1
530 531 1
530 562 1
531 527 1
531 530 1
531 535 1
531 564 1
532 492 1
532 533 1
532 534 1
532 741 1
533 498 1
533 532 1
533 535 1
533 742 1
534 529 1
534 532 1
534 535 1
534 763 1
535 531 1
535 533 1
535 534 1
535 767 1
536 347 1
536 537 1
536 563 1
537 527 1
537 536 1
537 539 1
537 565 1
538 499 1
538 539 1
538 746 1
539 537 1
539 538 1
539 769 1
540 352 1
540 541 1
540 542 1
540 568 1
541 505 1
541 540 1
541 545 1
541 571 1
542 510 1
542 540 1
542 546 1
542 578 1
543 506 1
543 544 1
543 545 1
543 748 1
544 511 1
544 543 1
544 546 1
544 750 1
545 541 1
545 543 1
545 546 1
545 772 1
546 542 1
546 544 1
546 545 1
546 775 1
547 358 1
547 548 1
547 549 1
547 573 1
548 512 1
548 547 1
548 552 1
548 579 1
549 519 1
549 547 1
549 553 1
549 587 1
550 513 1
550 551 1
550 552 1
550 754 1
551 520 1
551 550 1
551 553 1
551 756 1
552 548 1
552 550 1
552 553 1
552 776 1
553 549 1
553 551 1
553 552 1
553 781 1
554 364 1
554 555 1
554 556 1
554 582 1
555 521 1
555 554 1
555 559 1
555 588 1
556 528 1
556 554 1
556 560 1
556 596 1
557 522 1
557 558 1
557 559 1
557 760 1
558 529 1
558 557 1
558 560 1
558 762 1
559 555 1
559 557 1
559 560 1
559 782 1
560 556 1
560 558 1
560 559 1
560 787 1
561 370 1
561 562 1
561 563 1
561 591 1
562 530 1
562 561 1
562 566 1
562 597 1
563 536 1
563 561 1
563 567 1
563 602 1
564 531 1
564 565 1
564 566 1
564 766 1
565 537 1
565 564 1
565 567 1
565 768 1
566 562 1
566 564 1
566 567 1
566 788 1
567 563 1
567 565 1
567 566 1
567 793 1
568 353 1
568 540 1
568 570 1
568 575 1
569 374 1
569 570 1
569 605 1
570 568 1
570 569 1
570 572 1
570 607 1
571 541 1
571 572 1
571 773 1
572 570 1
572 571 1
572 797 1
573 359 1
573 547 1
573 577 1
573 584 1
574 379 1
574 575 1
574 576 1
574 606 1
575 568 1
575 574 1
575 580 1
575 608 1
576 380 1
576 574 1
576 577 1
576 612 1
577 573 1
577 576 1
577 581 1
577 614 1
578 542 1
578 579 1
578 580 1
578 777 1
579 548 1
579 578 1
579 581 1
579 778 1
580 575 1
580 578 1
580 581 1
580 799 1
581 577 1
581 579 1
581 580 1
581 803 1
582 365 1
582 554 1
582 586 1
582 593 1
583 385 1
583 584 1
583 585 1
583 613 1
584 573 1
584 583 1
584 589 1
584 615 1
585 386 1
585 583 1
585 586 1
585 619 1
586 582 1
586 585 1
586 590 1
586 621 1
587 549 1
587 588 1
587 589 1
587 783 1
588 555 1
588 587 1
588 590 1
588 784 1
589 584 1
589 587 1
589 590 1
589 805 1
590 586 1
590 588 1
590 589 1
590 809 1
591 371 1
591 561 1
591 595 1
591 601 1
592 391 1
592 593 1
592 594 1
592 620 1
593 582 1
593 592 1
593 598 1
593 622 1
594 392 1
594 592 1
594 595 1
594 626 1
595 591 1
595 594 1
595 599 1
595 628 1
596 556 1
596 597 1
596 598 1
596 789 1
597 562 1
597 596 1
597 599 1
597 790 1
598 593 1
598 596 1
598 599 1
598 811 1
599 595 1
599 597 1
599 598 1
599 815 1
600 395 1
600 601 1
600 627 1
601 591 1
601 600 1
601 603 1
601 629 1
602 563 1
602 603 1
602 794 1
603 601 1
603 602 1
603 817 1
604 400 1
604 605 1
604 606 1
604 632 1
605 569 1
605 604 1
605 609 1
605 635 1
606 574 1
606 604 1
606 610 1
606 642 1
607 570 1
607 608 1
607 609 1
607 796 1
608 575 1
608 607 1
608 610 1
608 798 1
609 605 1
609 607 1
609 610 1
609 820 1
610 606 1
610 608 1
610 609 1
610 823 1
611 406 1
611 612 1
611 613 1
611 637 1
612 576 1
612 611 1
612 616 1
612 643 1
613 583 1
613 611 1
613 617 1
613 651 1
614 577 1
614 615 1
614 616 1
614 802 1
615 584 1
615 614 1
615 617 1
615 804 1
616 612 1
616 614 1
616 617 1
616 824 1
617 613 1
617 615 1
617 616 1
617 829 1
618 412 1
618 619 1
618 620 1
618 646 1
619 585 1
619 618 1
619 623 1
619 652 1
620 592 1
620 618 1
620 624 1
620 660 1
621 586 1
621 622 1
621 623 1
621 808 1
622 593 1
622 621 1
622 624 1
622 810 1
623 619 1
623 621 1
623 624 1
623 830 1
624 620 1
624 622 1
624 623 1
624 835 1
625 418 1
625 626 1
625 627 1
625 655 1
626 594 1
626 625 1
626 630 1
626 661 1
627 600 1
627 625 1
627 631 1
627 666 1
628 595 1
628 629 1
628 630 1
628 814 1
629 601 1
629 628 1
629 631 1
629 816 1
630 626 1
630 628 1
630 631 1
630 836 1
631 627 1
631 629 1
631 630 1
631 841 1
632 401 1
632 604 1
632 634 1
632 639 1
633 422 1
633 634 1
633 669 1
634 632 1
634 633 1
634 636 1
634 671 1
635 605 1
635 636 1
635 821 1
636 634 1
636 635 1
636 845 1
637 407 1
637 611 1
637 641 1
637 648 1
638 427 1
638 639 1
638 640 1
638 670 1
639 632 1
639 638 1
639 644 1
639 672 1
640 428 1
640 638 1
640 641 1
640 676 1
641 637 1
641 640 1
641 645 1
641 678 1
642 606 1
642 643 1
642 644 1
642 825 1
643 612 1
643 642 1
643 645 1
643 826 1
644 639 1
644 642 1
644 645 1
644 847 1
645 641 1
645 643 1
645 644 1
645 851 1
646 413 1
646 618 1
646 650 1
646 657 1
647 433 1
647 648 1
647 649 1
647 677 1
648 637 1
648 647 1
648 653 1
648 679 1
649 434 1
649 647 1
649 650 1
649 683 1
650 646 1
650 649 1
650 654 1
650 685 1
651 613 1
651 652 1
651 653 1
651 831 1
652 619 1
652 651 1
652 654 1
652 832 1
653 648 1
653 651 1
653 654 1
653 853 1
654 650 1
654 652 1
654 653 1
654 857 1
655 419 1
655 625 1
655 659 1
655 665 1
656 439 1
656 657 1
656 658 1
656 684 1
657 646 1
657 656 1
657 662 1
657 686 1
658 440 1
658 656 1
658 659 1
658 690 1
659 655 1
659 658 1
659 663 1
659 692 1
660 620 1
660 661 1
660 662 1
660 837 1
661 626 1
661 660 1
661 663 1
661 838 1
662 657 1
662 660 1
662 663 1
662 859 1
663 659 1
663 661 1
663 662 1
663 863 1
664 443 1
664 665 1
664 691 1
665 655 1
665 664 1
665 667 1
665 693 1
666 627 1
666 667 1
666 842 1
667 665 1
667 666 1
667 865 1
668 444 1
668 669 1
668 670 1
669 633 1
669 668 1
669 673 1
669 696 1
670 638 1
670 668 1
670 674 1
670 697 1
671 634 1
671 672 1
671 673 1
671 844 1
672 639 1
672 671 1
672 674 1
672 846 1
673 669 1
673 671 1
673 674 1
673 868 1
674 670 1
674 672 1
674 673 1
674 871 1
675 445 1
675 676 1
675 677 1
676 640 1
676 675 1
676 680 1
676 698 1
677 647 1
677 675 1
677 681 1
677 699 1
678 641 1
678 679 1
678 680 1
678 850 1
679 648 1
679 678 1
679 681 1
679 852 1
680 676 1
680 678 1
680 681 1
680 872 1
681 677 1
681 679 1
681 680 1
681 877 1
682 446 1
682 683 1
682 684 1
683 649 1
683 682 1
683 687 1
683 700 1
684 656 1
684 682 1
684 688 1
684 701 1
685 650 1
685 686 1
685 687 1
685 856 1
686 657 1
686 685 1
686 688 1
686 858 1
687 683 1
687 685 1
687 688 1
687 878 1
688 684 1
688 686 1
688 687 1
688 883 1
689 447 1
689 690 1
689 691 1
690 658 1
690 689 1
690 694 1
690 702 1
691 664 1
691 689 1
691 695 1
691 703 1
692 659 1
692 693 1
692 694 1
692 862 1
693 665 1
693 692 1
693 695 1
693 864 1
694 690 1
694 692 1
694 695 1
694 884 1
695 691 1
695 693 1
695 694 1
695 889 1
696 669 1
696 869 1
697 670 1
697 698 1
697 873 1
698 676 1
698 697 1
698 874 1
699 677 1
699 700 1
699 879 1
700 683 1
700 699 1
700 880 1
701 684 1
701 702 1
701 885 1
702 690 1
702 701 1
702 886 1
703 691 1
703 890 1
704 479 1
704 705 1
704 706 1
704 724 1
705 451 1
705 704 1
705 708 1
705 726 1
706 480 1
706 704 1
706 707 1
706 727 1
707 457 1
707 706 1
707 708 1
707 731 1
708 705 1
708 707 1
708 896 1
709 486 1
709 710 1
709 711 1
709 728 1
710 458 1
710 709 1
710 713 1
710 732 1
711 487 1
711 709 1
711 712 1
711 733 1
712 464 1
712 711 1
712 713 1
712 737 1
713 710 1
713 712 1
713 900 1
714 493 1
714 715 1
714 716 1
714 734 1
715 465 1
715 714 1
715 718 1
715 738 1
716 494 1
716 714 1
716 717 1
716 739 1
717 471 1
717 716 1
717 718 1
717 743 1
718 715 1
718 717 1
718 907 1
719 500 1
719 720 1
719 721 1
719 740 1
720 472 1
720 719 1
720 723 1
720 744 1
721 501 1
721 719 1
721 722 1
721 745 1
722 475 1
722 721 1
722 723 1
722 747 1
723 720 1
723 722 1
723 914 1
724 481 1
724 704 1
724 725 1
724 727 1
725 507 1
725 724 1
725 726 1
725 752 1
726 705 1
726 725 1
726 897 1
727 482 1
727 706 1
727 724 1
727 729 1
728 488 1
728 709 1
728 730 1
728 733 1
729 514 1
729 727 1
729 731 1
729 752 1
730 515 1
730 728 1
730 732 1
730 758 1
731 707 1
731 729 1
731 732 1
731 901 1
732 710 1
732 730 1
732 731 1
732 903 1
733 489 1
733 711 1
733 728 1
733 735 1
734 495 1
734 714 1
734 736 1
734 739 1
735 523 1
735 733 1
735 737 1
735 758 1
736 524 1
736 734 1
736 738 1
736 764 1
737 712 1
737 735 1
737 738 1
737 908 1
738 715 1
738 736 1
738 737 1
738 910 1
739 496 1
739 716 1
739 734 1
739 741 1
740 502 1
740 719 1
740 742 1
740 745 1
741 532 1
741 739 1
741 743 1
741 764 1
742 533 1
742 740 1
742 744 1
742 770 1
743 717 1
743 741 1
743 744 1
743 915 1
744 720 1
744 742 1
744 743 1
744 917 1
745 503 1
745 721 1
745 740 1
745 746 1
746 538 1
746 745 1
746 747 1
746 770 1
747 722 1
747 746 1
747 921 1
748 543 1
748 749 1
748 750 1
748 772 1
749 508 1
749 748 1
749 753 1
749 774 1
750 544 1
750 748 1
750 751 1
750 775 1
751 516 1
751 750 1
751 753 1
751 779 1
752 725 1
752 729 1
752 753 1
752 924 1
753 749 1
753 751 1
753 752 1
753 952 1
754 550 1
754 755 1
754 756 1
754 776 1
755 517 1
755 754 1
755 759 1
755 780 1
756 551 1
756 754 1
756 757 1
756 781 1
757 525 1
757 756 1
757 759 1
757 785 1
758 730 1
758 735 1
758 759 1
758 931 1
759 755 1
759 757 1
759 758 1
759 957 1
760 557 1
760 761 1
760 762 1
760 782 1
761 526 1
761 760 1
761 765 1
761 786 1
762 558 1
762 760 1
762 763 1
762 787 1
763 534 1
763 762 1
763 765 1
763 791 1
764 736 1
764 741 1
764 765 1
764 938 1
765 761 1
765 763 1
765 764 1
765 966 1
766 564 1
766 767 1
766 768 1
766 788 1
767 535 1
767 766 1
767 771 1
767 792 1
768 565 1
768 766 1
768 769 1
768 793 1
769 539 1
769 768 1
769 771 1
769 795 1
770 742 1
770 746 1
770 771 1
770 945 1
771 767 1
771 769 1
771 770 1
771 975 1
772 545 1
772 748 1
772 773 1
772 775 1
773 571 1
773 772 1
773 774 1
773 800 1
774 749 1
774 773 1
774 953 1
775 546 1
775 750 1
775 772 1
775 777 1
776 552 1
776 754 1
776 778 1
776 781 1
777 578 1
777 775 1
777 779 1
777 800 1
778 579 1
778 776 1
778 780 1
778 806 1
779 751 1
779 777 1
779 780 1
779 958 1
780 755 1
780 778 1
780 779 1
780 960 1
781 553 1
781 756 1
781 776 1
781 783 1
782 559 1
782 760 1
782 784 1
782 787 1
783 587 1
783 781 1
783 785 1
783 806 1
784 588 1
784 782 1
784 786 1
784 812 1
785 757 1
785 783 1
785 786 1
785 967 1
786 761 1
786 784 1
786 785 1
786 969 1
787 560 1
787 762 1
787 782 1
787 789 1
788 566 1
788 766 1
788 790 1
788 793 1
789 596 1
789 787 1
789 791 1
789 812 1
790 597 1
790 788 1
790 792 1
790 818 1
791 763 1
791 789 1
791 792 1
791 976 1
792 767 1
792 790 1
792 791 1
792 978 1
793 567 1
793 768 1
793 788 1
793 794 1
794 602 1
794 793 1
794 795 1
794 818 1
795 769 1
795 794 1
795 984 1
796 607 1
796 797 1
796 798 1
796 820 1
797 572 1
797 796 1
797 801 1
797 822 1
798 608 1
798 796 1
798 799 1
798 823 1
799 580 1
799 798 1
799 801 1
799 827 1
800 773 1
800 777 1
800 801 1
800 988 1
801 797 1
801 799 1
801 800 1
801 1016 1
802 614 1
802 803 1
802 804 1
802 824 1
803 581 1
803 802 1
803 807 1
803 828 1
804 615 1
804 802 1
804 805 1
804 829 1
805 589 1
805 804 1
805 807 1
805 833 1
806 778 1
806 783 1
806 807 1
806 995 1
807 803 1
807 805 1
807 806 1
807 1021 1
808 621 1
808 809 1
808 810 1
808 830 1
809 590 1
809 808 1
809 813 1
809 834 1
810 622 1
810 808 1
810 811 1
810 835 1
811 598 1
811 810 1
811 813 1
811 839 1
812 784 1
812 789 1
812 813 1
812 1002 1
813 809 1
813 811 1
813 812 1
813 1030 1
814 628 1
814 815 1
814 816 1
814 836 1
815 599 1
815 814 1
815 819 1
815 840 1
816 629 1
816 814 1
816 817 1
816 841 1
817 603 1
817 816 1
817 819 1
817 843 1
818 790 1
818 794 1
818 819 1
818 1009 1
819 815 1
819 817 1
819 818 1
819 1039 1
820 609 1
820 796 1
820 821 1
820 823 1
821 635 1
821 820 1
821 822 1
821 848 1
822 797 1
822 821 1
822 1017 1
823 610 1
823 798 1
823 820 1
823 825 1
824 616 1
824 802 1
824 826 1
824 829 1
825 642 1
825 823 1
825 827 1
825 848 1
826 643 1
826 824 1
826 828 1
826 854 1
827 799 1
827 825 1
827 828 1
827 1022 1
828 803 1
828 826 1
828 827 1
828 1024 1
829 617 1
829 804 1
829 824 1
829 831 1
830 623 1
830 808 1
830 832 1
830 835 1
831 651 1
831 829 1
831 833 1
831 854 1
832 652 1
832 830 1
832 834 1
832 860 1
833 805 1
833 831 1
833 834 1
833 1031 1
834 809 1
834 832 1
834 833 1
834 1033 1
835 624 1
835 810 1
835 830 1
835 837 1
836 630 1
836 814 1
836 838 1
836 841 1
837 660 1
837 835 1
837 839 1
837 860 1
838 661 1
838 836 1
838 840 1
838 866 1
839 811 1
839 837 1
839 840 1
839 1040 1
840 815 1
840 838 1
840 839 1
840 1042 1
841 631 1
841 816 1
841 836 1
841 842 1
842 666 1
842 841 1
842 843 1
842 866 1
843 817 1
843 842 1
843 1048 1
844 671 1
844 845 1
844 846 1
844 868 1
845 636 1
845 844 1
845 849 1
845 870 1
846 672 1
846 844 1
846 847 1
846 871 1
847 644 1
847 846 1
847 849 1
847 875 1
848 821 1
848 825 1
848 849 1
848 1052 1
849 845 1
849 847 1
849 848 1
849 1080 1
850 678 1
850 851 1
850 852 1
850 872 1
851 645 1
851 850 1
851 855 1
851 876 1
852 679 1
852 850 1
852 853 1
852 877 1
853 653 1
853 852 1
853 855 1
853 881 1
854 826 1
854 831 1
854 855 1
854 1059 1
855 851 1
855 853 1
855 854 1
855 1085 1
856 685 1
856 857 1
856 858 1
856 878 1
857 654 1
857 856 1
857 861 1
857 882 1
858 686 1
858 856 1
858 859 1
858 883 1
859 662 1
859 858 1
859 861 1
859 887 1
860 832 1
860 837 1
860 861 1
860 1066 1
861 857 1
861 859 1
861 860 1
861 1094 1
862 692 1
862 863 1
862 864 1
862 884 1
863 663 1
863 862 1
863 867 1
863 888 1
864 693 1
864 862 1
864 865 1
864 889 1
865 667 1
865 864 1
865 867 1
865 891 1
866 838 1
866 842 1
866 867 1
866 1073 1
867 863 1
867 865 1
867 866 1
867 1103 1
868 673 1
868 844 1
868 869 1
868 871 1
869 696 1
869 868 1
869 870 1
869 892 1
870 845 1
870 869 1
870 1081 1
871 674 1
871 846 1
871 868 1
871 873 1
872 680 1
872 850 1
872 874 1
872 877 1
873 697 1
873 871 1
873 875 1
873 892 1
874 698 1
874 872 1
874 876 1
874 893 1
875 847 1
875 873 1
875 876 1
875 1086 1
876 851 1
876 874 1
876 875 1
876 1088 1
877 681 1
877 852 1
877 872 1
877 879 1
878 687 1
878 856 1
878 880 1
878 883 1
879 699 1
879 877 1
879 881 1
879 893 1
880 700 1
880 878 1
880 882 1
880 894 1
881 853 1
881 879 1
881 882 1
881 1095 1
882 857 1
882 880 1
882 881 1
882 1097 1
883 688 1
883 858 1
883 878 1
883 885 1
884 694 1
884 862 1
884 886 1
884 889 1
885 701 1
885 883 1
885 887 1
885 894 1
886 702 1
886 884 1
886 888 1
886 895 1
887 859 1
887 885 1
887 888 1
887 1104 1
888 863 1
888 886 1
888 887 1
888 1106 1
889 695 1
889 864 1
889 884 1
889 890 1
890 703 1
890 889 1
890 891 1
890 895 1
891 865 1
891 890 1
891 1112 1
892 869 1
892 873 1
892 1116 1
893 874 1
893 879 1
893 1123 1
894 880 1
894 885 1
894 1130 1
895 886 1
895 890 1
895 1137 1
896 708 1
896 898 1
896 902 1
897 726 1
897 898 1
897 925 1
898 896 1
898 897 1
898 899 1
898 927 1
899 898 1
899 1153 1
900 713 1
900 904 1
900 909 1
901 731 1
901 902 1
901 903 1
901 926 1
902 896 1
902 901 1
902 905 1
902 928 1
903 732 1
903 901 1
903 904 1
903 932 1
904 900 1
904 903 1
904 906 1
904 934 1
905 902 1
905 906 1
905 1155 1
906 904 1
906 905 1
906 1158 1
907 718 1
907 911 1
907 916 1
908 737 1
908 909 1
908 910 1
908 933 1
909 900 1
909 908 1
909 912 1
909 935 1
910 738 1
910 908 1
910 911 1
910 939 1
911 907 1
911 910 1
911 913 1
911 941 1
912 909 1
912 913 1
912 1160 1
913 911 1
913 912 1
913 1163 1
914 723 1
914 918 1
914 922 1
915 743 1
915 916 1
915 917 1
915 940 1
916 907 1
916 915 1
916 919 1
916 942 1
917 744 1
917 915 1
917 918 1
917 946 1
918 914 1
918 917 1
918 920 1
918 948 1
919 916 1
919 920 1
919 1165 1
920 918 1
920 919 1
920 1168 1
921 747 1
921 922 1
921 947 1
922 914 1
922 921 1
922 923 1
922 949 1
923 922 1
923 1170 1
924 752 1
924 925 1
924 926 1
924 952 1
925 897 1
925 924 1
925 929 1
925 955 1
926 901 1
926 924 1
926 930 1
926 962 1
927 898 1
927 928 1
927 929 1
927 1152 1
928 902 1
928 927 1
928 930 1
928 1154 1
929 925 1
929 927 1
929 930 1
929 1172 1
930 926 1
930 928 1
930 929 1
930 1175 1
931 758 1
931 932 1
931 933 1
931 957 1
932 903 1
932 931 1
932 936 1
932 963 1
933 908 1
933 931 1
933 937 1
933 971 1
934 904 1
934 935 1
934 936 1
934 1157 1
935 909 1
935 934 1
935 937 1
935 1159 1
936 932 1
936 934 1
936 937 1
936 1176 1
937 933 1
937 935 1
937 936 1
937 1181 1
938 764 1
938 939 1
938 940 1
938 966 1
939 910 1
939 938 1
939 943 1
939 972 1
940 915 1
940 938 1
940 944 1
940 980 1
941 911 1
941 942 1
941 943 1
941 1162 1
942 916 1
942 941 1
942 944 1
942 1164 1
943 939 1
943 941 1
943 944 1
943 1182 1
944 940 1
944 942 1
944 943 1
944 1187 1
945 770 1
945 946 1
945 947 1
945 975 1
946 917 1
946 945 1
946 950 1
946 981 1
947 921 1
947 945 1
947 951 1
947 986 1
948 918 1
948 949 1
948 950 1
948 1167 1
949 922 1
949 948 1
949 951 1
949 1169 1
950 946 1
950 948 1
950 951 1
950 1188 1
951 947 1
951 949 1
951 950 1
951 1193 1
952 753 1
952 924 1
952 954 1
952 959 1
953 774 1
953 954 1
953 989 1
954 952 1
954 953 1
954 956 1
954 991 1
955 925 1
955 956 1
955 1173 1
956 954 1
956 955 1
956 1197 1
957 759 1
957 931 1
957 961 1
957 968 1
958 779 1
958 959 1
958 960 1
958 990 1
959 952 1
959 958 1
959 964 1
959 992 1
960 780 1
960 958 1
960 961 1
960 996 1
961 957 1
961 960 1
961 965 1
961 998 1
962 926 1
962 963 1
962 964 1
962 1177 1
963 932 1
963 962 1
963 965 1
963 1178 1
964 959 1
964 962 1
964 965 1
964 1199 1
965 961 1
965 963 1
965 964 1
965 1203 1
966 765 1
966 938 1
966 970 1
966 977 1
967 785 1
967 968 1
967 969 1
967 997 1
968 957 1
968 967 1
968 973 1
968 999 1
969 786 1
969 967 1
969 970 1
969 1003 1
970 966 1
970 969 1
970 974 1
970 1005 1
971 933 1
971 972 1
971 973 1
971 1183 1
972 939 1
972 971 1
972 974 1
972 1184 1
973 968 1
973 971 1
973 974 1
973 1205 1
974 970 1
974 972 1
974 973 1
974 1209 1
975 771 1
975 945 1
975 979 1
975 985 1
976 791 1
976 977 1
976 978 1
976 1004 1
977 966 1
977 976 1
977 982 1
977 1006 1
978 792 1
978 976 1
978 979 1
978 1010 1
979 975 1
979 978 1
979 983 1
979 1012 1
980 940 1
980 981 1
980 982 1
980 1189 1
981 946 1
981 980 1
981 983 1
981 1190 1
982 977 1
982 980 1
982 983 1
982 1211 1
983 979 1
983 981 1
983 982 1
983 1215 1
984 795 1
984 985 1
984 1011 1
985 975 1
985 984 1
985 987 1
985 1013 1
986 947 1
986 987 1
986 1194 1
987 985 1
987 986 1
987 1217 1
988 800 1
988 989 1
988 990 1
988 1016 1
989 953 1
989 988 1
989 993 1
989 1019 1
990 958 1
990 988 1
990 994 1
990 1026 1
991 954 1
991 992 1
991 993 1
991 1196 1
992 959 1
992 991 1
992 994 1
992 1198 1
993 989 1
993 991 1
993 994 1
993 1220 1
994 990 1
994 992 1
994 993 1
994 1223 1
995 806 1
995 996 1
995 997 1
995 1021 1
996 960 1
996 995 1
996 1000 1
996 1027 1
997 967 1
997 995 1
997 1001 1
997 1035 1
998 961 1
998 999 1
998 1000 1
998 1202 1
999 968 1
999 998 1
999 1001 1
999 1204 1
1000 996 1
1000 998 1
1000 1001 1
1000 1224 1
1001 997 1
1001 999 1
1001 1000 1
1001 1229 1
1002 812 1
1002 1003 1
1002 1004 1
1002 1030 1
1003 969 1
1003 1002 1
1003 1007 1
1003 1036 1
1004 976 1
1004 1002 1
1004 1008 1
1004 1044 1
1005 970 1
1005 1006 1
1005 1007 1
1005 1208 1
1006 977 1
1006 1005 1
1006 1008 1
1006 1210 1
1007 1003 1
1007 1005 1
1007 1008 1
1007 1230 1
1008 1004 1
1008 1006 1
1008 1007 1
1008 1235 1
1009 818 1
1009 1010 1
1009 1011 1
1009 1039 1
1010 978 1
1010 1009 1
1010 1014 1
1010 1045 1
1011 984 1
1011 1009 1
1011 1015 1
1011 1050 1
1012 979 1
1012 1013 1
1012 1014 1
1012 1214 1
1013 985 1
1013 1012 1
1013 1015 1
1013 1216 1
1014 1010 1
1014 1012 1
1014 1015 1
1014 1236 1
1015 1011 1
1015 1013 1
1015 1014 1
1015 1241 1
1016 801 1
1016 988 1
1016 1018 1
1016 1023 1
1017 822 1
1017 1018 1
1017 1053 1
1018 1016 1
1018 1017 1
1018 1020 1
1018 1055 1
1019 989 1
1019 1020 1
1019 1221 1
1020 1018 1
1020 1019 1
1020 1245 1
1021 807 1
1021 995 1
1021 1025 1
1021 1032 1
1022 827 1
1022 1023 1
1022 1024 1
1022 1054 1
1023 1016 1
1023 1022 1
1023 1028 1
1023 1056 1
1024 828 1
1024 1022 1
1024 1025 1
1024 1060 1
1025 1021 1
1025 1024 1
1025 1029 1
1025 1062 1
1026 990 1
1026 1027 1
1026 1028 1
1026 1225 1
1027 996 1
1027 1026 1
1027 1029 1
1027 1226 1
1028 1023 1
1028 1026 1
1028 1029 1
1028 1247 1
1029 1025 1
1029 1027 1
1029 1028 1
1029 1251 1
1030 813 1
1030 1002 1
1030 1034 1
1030 1041 1
1031 833 1
1031 1032 1
1031 1033 1
1031 1061 1
1032 1021 1
1032 1031 1
1032 1037 1
1032 1063 1
1033 834 1
1033 1031 1
1033 1034 1
1033 1067 1
1034 1030 1
1034 1033 1
1034 1038 1
1034 1069 1
1035 997 1
1035 1036 1
1035 1037 1
1035 1231 1
1036 1003 1
1036 1035 1
1036 1038 1
1036 1232 1
1037 1032 1
1037 1035 1
1037 1038 1
1037 1253 1
1038 1034 1
1038 1036 1
1038 1037 1
1038 1257 1
1039 819 1
1039 1009 1
1039 1043 1
1039 1049 1
1040 839 1
1040 1041 1
1040 1042 1
1040 1068 1
1041 1030 1
1041 1040 1
1041 1046 1
1041 1070 1
1042 840 1
1042 1040 1
1042 1043 1
1042 1074 1
1043 1039 1
1043 1042 1
1043 1047 1
1043 1076 1
1044 1004 1
1044 1045 1
1044 1046 1
1044 1237 1
1045 1010 1
1045 1044 1
1045 1047 1
1045 1238 1
1046 1041 1
1046 1044 1
1046 1047 1
1046 1259 1
1047 1043 1
1047 1045 1
1047 1046 1
1047 1263 1
1048 843 1
1048 1049 1
1048 1075 1
1049 1039 1
1049 1048 1
1049 1051 1
1049 1077 1
1050 1011 1
1050 1051 1
1050 1242 1
1051 1049 1
1051 1050 1
1051 1265 1
1052 848 1
1052 1053 1
1052 1054 1
1052 1080 1
1053 1017 1
1053 1052 1
1053 1057 1
1053 1083 1
1054 1022 1
1054 1052 1
1054 1058 1
1054 1090 1
1055 1018 1
1055 1056 1
1055 1057 1
1055 1244 1
1056 1023 1
1056 1055 1
1056 1058 1
1056 1246 1
1057 1053 1
1057 1055 1
1057 1058 1
1057 1268 1
1058 1054 1
1058 1056 1
1058 1057 1
1058 1271 1
1059 854 1
1059 1060 1
1059 1061 1
1059 1085 1
1060 1024 1
1060 1059 1
1060 1064 1
1060 1091 1
1061 1031 1
1061 1059 1
1061 1065 1
1061 1099 1
1062 1025 1
1062 1063 1
1062 1064 1
1062 1250 1
1063 1032 1
1063 1062 1
1063 1065 1
1063 1252 1
1064 1060 1
1064 1062 1
1064 1065 1
1064 1272 1
1065 1061 1
1065 1063 1
1065 1064 1
1065 1277 1
1066 860 1
1066 1067 1
1066 1068 1
1066 1094 1
1067 1033 1
1067 1066 1
1067 1071 1
1067 1100 1
1068 1040 1
1068 1066 1
1068 1072 1
1068 1108 1
1069 1034 1
1069 1070 1
1069 1071 1
1069 1256 1
1070 1041 1
1070 1069 1
1070 1072 1
1070 1258 1
1071 1067 1
1071 1069 1
1071 1072 1
1071 1278 1
1072 1068 1
1072 1070 1
1072 1071 1
1072 1283 1
1073 866 1
1073 1074 1
1073 1075 1
1073 1103 1
1074 1042 1
1074 1073 1
1074 1078 1
1074 1109 1
1075 1048 1
1075 1073 1
1075 1079 1
1075 1114 1
1076 1043 1
1076 1077 1
1076 1078 1
1076 1262 1
1077 1049 1
1077 1076 1
1077 1079 1
1077 1264 1
1078 1074 1
1078 1076 1
1078 1079 1
1078 1284 1
1079 1075 1
1079 1077 1
1079 1078 1
1079 1289 1
1080 849 1
1080 1052 1
1080 1082 1
1080 1087 1
1081 870 1
1081 1082 1
1081 1117 1
1082 1080 1
1082 1081 1
1082 1084 1
1082 1119 1
1083 1053 1
1083 1084 1
1083 1269 1
1084 1082 1
1084 1083 1
1084 1293 1
1085 855 1
1085 1059 1
1085 1089 1
1085 1096 1
1086 875 1
1086 1087 1
1086 1088 1
1086 1118 1
1087 1080 1
1087 1086 1
1087 1092 1
1087 1120 1
1088 876 1
1088 1086 1
1088 1089 1
1088 1124 1
1089 1085 1
1089 1088 1
1089 1093 1
1089 1126 1
1090 1054 1
1090 1091 1
1090 1092 1
1090 1273 1
1091 1060 1
1091 1090 1
1091 1093 1
1091 1274 1
1092 1087 1
1092 1090 1
1092 1093 1
1092 1295 1
1093 1089 1
1093 1091 1
1093 1092 1
1093 1299 1
1094 861 1
1094 1066 1
1094 1098 1
1094 1105 1
1095 881 1
1095 1096 1
1095 1097 1
1095 1125 1
1096 1085 1
1096 1095 1
1096 1101 1
1096 1127 1
1097 882 1
1097 1095 1
1097 1098 1
1097 1131 1
1098 1094 1
1098 1097 1
1098 1102 1
1098 1133 1
1099 1061 1
1099 1100 1
1099 1101 1
1099 1279 1
1100 1067 1
1100 1099 1
1100 1102 1
1100 1280 1
1101 1096 1
1101 1099 1
1101 1102 1
1101 1301 1
1102 1098 1
1102 1100 1
1102 1101 1
1102 1305 1
1103 867 1
1103 1073 1
1103 1107 1
1103 1113 1
1104 887 1
1104 1105 1
1104 1106 1
1104 1132 1
1105 1094 1
1105 1104 1
1105 1110 1
1105 1134 1
1106 888 1
1106 1104 1
1106 1107 1
1106 1138 1
1107 1103 1
1107 1106 1
1107 1111 1
1107 1140 1
1108 1068 1
1108 1109 1
1108 1110 1
1108 1285 1
1109 1074 1
1109 1108 1
1109 1111 1
1109 1286 1
1110 1105 1
1110 1108 1
1110 1111 1
1110 1307 1
1111 1107 1
1111 1109 1
1111 1110 1
1111 1311 1
1112 891 1
1112 1113 1
1112 1139 1
1113 1103 1
1113 1112 1
1113 1115 1
1113 1141 1
1114 1075 1
1114 1115 1
1114 1290 1
1115 1113 1
1115 1114 1
1115 1313 1
1116 892 1
1116 1117 1
1116 1118 1
1117 1081 1
1117 1116 1
1117 1121 1
1117 1144 1
1118 1086 1
1118 1116 1
1118 1122 1
1118 1145 1
1119 1082 1
1119 1120 1
1119 1121 1
1119 1292 1
1120 1087 1
1120 1119 1
1120 1122 1
1120 1294 1
1121 1117 1
1121 1119 1
1121 1122 1
1121 1316 1
1122 1118 1
1122 1120 1
1122 1121 1
1122 1319 1
1123 893 1
1123 1124 1
1123 1125 1
1124 1088 1
1124 1123 1
1124 1128 1
1124 1146 1
1125 1095 1
1125 1123 1
1125 1129 1
1125 1147 1
1126 1089 1
1126 1127 1
1126 1128 1
1126 1298 1
1127 1096 1
1127 1126 1
1127 1129 1
1127 1300 1
1128 1124 1
1128 1126 1
1128 1129 1
1128 1320 1
1129 1125 1
1129 1127 1
1129 1128 1
1129 1325 1
1130 894 1
1130 1131 1
1130 1132 1
1131 1097 1
1131 1130 1
1131 1135 1
1131 1148 1
1132 1104 1
1132 1130 1
1132 1136 1
1132 1149 1
1133 1098 1
1133 1134 1
1133 1135 1
1133 1304 1
1134 1105 1
1134 1133 1
1134 1136 1
1134 1306 1
1135 1131 1
1135 1133 1
1135 1136 1
1135 1326 1
1136 1132 1
1136 1134 1
1136 1135 1
1136 1331 1
1137 895 1
1137 1138 1
1137 1139 1
1138 1106 1
1138 1137 1
1138 1142 1
1138 1150 1
1139 1112 1
1139 1137 1
1139 1143 1
1139 1151 1
1140 1107 1
1140 1141 1
1140 1142 1
1140 1310 1
1141 1113 1
1141 1140 1
1141 1143 1
1141 1312 1
1142 1138 1
1142 1140 1
1142 1143 1
1142 1332 1
1143 1139 1
1143 1141 1
1143 1142 1
1143 1337 1
1144 1117 1
1144 1317 1
1145 1118 1
1145 1146 1
1145 1321 1
1146 1124 1
1146 1145 1
1146 1322 1
1147 1125 1
1147 1148 1
1147 1327 1
1148 1131 1
1148 1147 1
1148 1328 1
1149 1132 1
1149 1150 1
1149 1333 1
1150 1138 1
1150 1149 1
1150 1334 1
1151 1139 1
1151 1338 1
1152 927 1
1152 1153 1
1152 1154 1
1152 1172 1
1153 899 1
1153 1152 1
1153 1156 1
1153 1174 1
1154 928 1
1154 1152 1
1154 1155 1
1154 1175 1
1155 905 1
1155 1154 1
1155 1156 1
1155 1179 1
1156 1153 1
1156 1155 1
1156 1344 1
1157 934 1
1157 1158 1
1157 1159 1
1157 1176 1
1158 906 1
1158 1157 1
1158 1161 1
1158 1180 1
1159 935 1
1159 1157 1
1159 1160 1
1159 1181 1
1160 912 1
1160 1159 1
1160 1161 1
1160 1185 1
1161 1158 1
1161 1160 1
1161 1348 1
1162 941 1
1162 1163 1
1162 1164 1
1162 1182 1
1163 913 1
1163 1162 1
1163 1166 1
1163 1186 1
1164 942 1
1164 1162 1
1164 1165 1
1164 1187 1
1165 919 1
1165 1164 1
1165 1166 1
1165 1191 1
1166 1163 1
1166 1165 1
1166 1355 1
1167 948 1
1167 1168 1
1167 1169 1
1167 1188 1
1168 920 1
1168 1167 1
1168 1171 1
1168 1192 1
1169 949 1
1169 1167 1
1169 1170 1
1169 1193 1
1170 923 1
1170 1169 1
1170 1171 1
1170 1195 1
1171 1168 1
1171 1170 1
1171 1362 1
1172 929 1
1172 1152 1
1172 1173 1
1172 1175 1
1173 955 1
1173 1172 1
1173 1174 1
1173 1200 1
1174 1153 1
1174 1173 1
1174 1345 1
1175 930 1
1175 1154 1
1175 1172 1
1175 1177 1
1176 936 1
1176 1157 1
1176 1178 1
1176 1181 1
1177 962 1
1177 1175 1
1177 1179 1
1177 1200 1
1178 963 1
1178 1176 1
1178 1180 1
1178 1206 1
1179 1155 1
1179 1177 1
1179 1180 1
1179 1349 1
1180 1158 1
1180 1178 1
1180 1179 1
1180 1351 1
1181 937 1
1181 1159 1
1181 1176 1
1181 1183 1
1182 943 1
1182 1162 1
1182 1184 1
1182 1187 1
1183 971 1
1183 1181 1
1183 1185 1
1183 1206 1
1184 972 1
1184 1182 1
1184 1186 1
1184 1212 1
1185 1160 1
1185 1183 1
1185 1186 1
1185 1356 1
1186 1163 1
1186 1184 1
1186 1185 1
1186 1358 1
1187 944 1
1187 1164 1
1187 1182 1
1187 1189 1
1188 950 1
1188 1167 1
1188 1190 1
1188 1193 1
1189 980 1
1189 1187 1
1189 1191 1
1189 1212 1
1190 981 1
1190 1188 1
1190 1192 1
1190 1218 1
1191 1165 1
1191 1189 1
1191 1192 1
1191 1363 1
1192 1168 1
1192 1190 1
1192 1191 1
1192 1365 1
1193 951 1
1193 1169 1
1193 1188 1
1193 1194 1
1194 986 1
1194 1193 1
1194 1195 1
1194 1218 1
1195 1170 1
1195 1194 1
1195 1369 1
1196 991 1
1196 1197 1
1196 1198 1
1196 1220 1
1197 956 1
1197 1196 1
1197 1201 1
1197 1222 1
1198 992 1
1198 1196 1
1198 1199 1
1198 1223 1
1199 964 1
1199 1198 1
1199 1201 1
1199 1227 1
1200 1173 1
1200 1177 1
1200 1201 1
1200 1372 1
1201 1197 1
1201 1199 1
1201 1200 1
1201 1400 1
1202 998 1
1202 1203 1
1202 1204 1
1202 1224 1
1203 965 1
1203 1202 1
1203 1207 1
1203 1228 1
1204 999 1
1204 1202 1
1204 1205 1
1204 1229 1
1205 973 1
1205 1204 1
1205 1207 1
1205 1233 1
1206 1178 1
1206 1183 1
1206 1207 1
1206 1379 1
1207 1203 1
1207 1205 1
1207 1206 1
1207 1405 1
1208 1005 1
1208 1209 1
1208 1210 1
1208 1230 1
1209 974 1
1209 1208 1
1209 1213 1
1209 1234 1
1210 1006 1
1210 1208 1
1210 1211 1
1210 1235 1
1211 982 1
1211 1210 1
1211 1213 1
1211 1239 1
1212 1184 1
1212 1189 1
1212 1213 1
1212 1386 1
1213 1209 1
1213 1211 1
1213 1212 1
1213 1414 1
1214 1012 1
1214 1215 1
1214 1216 1
1214 1236 1
1215 983 1
1215 1214 1
1215 1219 1
1215 1240 1
1216 1013 1
1216 1214 1
1216 1217 1
1216 1241 1
1217 987 1
1217 1216 1
1217 1219 1
1217 1243 1
1218 1190 1
1218 1194 1
1218 1219 1
1218 1393 1
1219 1215 1
1219 1217 1
1219 1218 1
1219 1423 1
1220 993 1
1220 1196 1
1220 1221 1
1220 1223 1
1221 1019 1
1221 1220 1
1221 1222 1
1221 1248 1
1222 1197 1
1222 1221 1
1222 1401 1
1223 994 1
1223 1198 1
1223 1220 1
1223 1225 1
1224 1000 1
1224 1202 1
1224 1226 1
1224 1229 1
1225 1026 1
1225 1223 1
1225 1227 1
1225 1248 1
1226 1027 1
1226 1224 1
1226 1228 1
1226 1254 1
1227 1199 1
1227 1225 1
1227 1228 1
1227 1406 1
1228 1203 1
1228 1226 1
1228 1227 1
1228 1408 1
1229 1001 1
1229 1204 1
1229 1224 1
1229 1231 1
1230 1007 1
1230 1208 1
1230 1232 1
1230 1235 1
1231 1035 1
1231 1229 1
1231 1233 1
1231 1254 1
1232 1036 1
1232 1230 1
1232 1234 1
1232 1260 1
1233 1205 1
1233 1231 1
1233 1234 1
1233 1415 1
1234 1209 1
1234 1232 1
1234 1233 1
1234 1417 1
1235 1008 1
1235 1210 1
1235 1230 1
1235 1237 1
1236 1014 1
1236 1214 1
1236 1238 1
1236 1241 1
1237 1044 1
1237 1235 1
1237 1239 1
1237 1260 1
1238 1045 1
1238 1236 1
1238 1240 1
1238 1266 1
1239 1211 1
1239 1237 1
1239 1240 1
1239 1424 1
1240 1215 1
1240 1238 1
1240 1239 1
1240 1426 1
1241 1015 1
1241 1216 1
1241 1236 1
1241 1242 1
1242 1050 1
1242 1241 1
1242 1243 1
1242 1266 1
1243 1217 1
1243 1242 1
1243 1432 1
1244 1055 1
1244 1245 1
1244 1246 1
1244 1268 1
1245 1020 1
1245 1244 1
1245 1249 1
1245 1270 1
1246 1056 1
1246 1244 1
1246 1247 1
1246 1271 1
1247 1028 1
1247 1246 1
1247 1249 1
1247 1275 1
1248 1221 1
1248 1225 1
1248 1249 1
1248 1436 1
1249 1245 1
1249 1247 1
1249 1248 1
1249 1464 1
1250 1062 1
1250 1251 1
1250 1252 1
1250 1272 1
1251 1029 1
1251 1250 1
1251 1255 1
1251 1276 1
1252 1063 1
1252 1250 1
1252 1253 1
1252 1277 1
1253 1037 1
1253 1252 1
1253 1255 1
1253 1281 1
1254 1226 1
1254 1231 1
1254 1255 1
1254 1443 1
1255 1251 1
1255 1253 1
1255 1254 1
1255 1469 1
1256 1069 1
1256 1257 1
1256 1258 1
1256 1278 1
1257 1038 1
1257 1256 1
1257 1261 1
1257 1282 1
1258 1070 1
1258 1256 1
1258 1259 1
1258 1283 1
1259 1046 1
1259 1258 1
1259 1261 1
1259 1287 1
1260 1232 1
1260 1237 1
1260 1261 1
1260 1450 1
1261 1257 1
1261 1259 1
1261 1260 1
1261 1478 1
1262 1076 1
1262 1263 1
1262 1264 1
1262 1284 1
1263 1047 1
1263 1262 1
1263 1267 1
1263 1288 1
1264 1077 1
1264 1262 1
1264 1265 1
1264 1289 1
1265 1051 1
1265 1264 1
1265 1267 1
1265 1291 1
1266 1238 1
1266 1242 1
1266 1267 1
1266 1457 1
1267 1263 1
1267 1265 1
1267 1266 1
1267 1487 1
1268 1057 1
1268 1244 1
1268 1269 1
1268 1271 1
1269 1083 1
1269 1268 1
1269 1270 1
1269 1296 1
1270 1245 1
1270 1269 1
1270 1465 1
1271 1058 1
1271 1246 1
1271 1268 1
1271 1273 1
1272 1064 1
1272 1250 1
1272 1274 1
1272 1277 1
1273 1090 1
1273 1271 1
1273 1275 1
1273 1296 1
1274 1091 1
1274 1272 1
1274 1276 1
1274 1302 1
1275 1247 1
1275 1273 1
1275 1276 1
1275 1470 1
1276 1251 1
1276 1274 1
1276 1275 1
1276 1472 1
1277 1065 1
1277 1252 1
1277 1272 1
1277 1279 1
1278 1071 1
1278 1256 1
1278 1280 1
1278 1283 1
1279 1099 1
1279 1277 1
1279 1281 1
1279 1302 1
1280 1100 1
1280 1278 1
1280 1282 1
1280 1308 1
1281 1253 1
1281 1279 1
1281 1282 1
1281 1479 1
1282 1257 1
1282 1280 1
1282 1281 1
1282 1481 1
1283 1072 1
1283 1258 1
1283 1278 1
1283 1285 1
1284 1078 1
1284 1262 1
1284 1286 1
1284 1289 1
1285 1108 1
1285 1283 1
1285 1287 1
1285 1308 1
1286 1109 1
1286 1284 1
1286 1288 1
1286 1314 1
1287 1259 1
1287 1285 1
1287 1288 1
1287 1488 1
1288 1263 1
1288 1286 1
1288 1287 1
1288 1490 1
1289 1079 1
1289 1264 1
1289 1284 1
1289 1290 1
1290 1114 1
1290 1289 1
1290 1291 1
1290 1314 1
1291 1265 1
1291 1290 1
1291 1496 1
1292 1119 1
1292 1293 1
1292 1294 1
1292 1316 1
1293 1084 1
1293 1292 1
1293 1297 1
1293 1318 1
1294 1120 1
1294 1292 1
1294 1295 1
1294 1319 1
1295 1092 1
1295 1294 1
1295 1297 1
1295 1323 1
1296 1269 1
1296 1273 1
1296 1297 1
1296 1500 1
1297 1293 1
1297 1295 1
1297 1296 1
1297 1528 1
1298 1126 1
1298 1299 1
1298 1300 1
1298 1320 1
1299 1093 1
1299 1298 1
1299 1303 1
1299 1324 1
1300 1127 1
1300 1298 1
1300 1301 1
1300 1325 1
1301 1101 1
1301 1300 1
1301 1303 1
1301 1329 1
1302 1274 1
1302 1279 1
1302 1303 1
1302 1507 1
1303 1299 1
1303 1301 1
1303 1302 1
1303 1533 1
1304 1133 1
1304 1305 1
1304 1306 1
1304 1326 1
1305 1102 1
1305 1304 1
1305 1309 1
1305 1330 1
1306 1134 1
1306 1304 1
1306 1307 1
1306 1331 1
1307 1110 1
1307 1306 1
1307 1309 1
1307 1335 1
1308 1280 1
1308 1285 1
1308 1309 1
1308 1514 1
1309 1305 1
1309 1307 1
1309 1308 1
1309 1542 1
1310 1140 1
1310 1311 1
1310 1312 1
1310 1332 1
1311 1111 1
1311 1310 1
1311 1315 1
1311 1336 1
1312 1141 1
1312 1310 1
1312 1313 1
1312 1337 1
1313 1115 1
1313 1312 1
1313 1315 1
1313 1339 1
1314 1286 1
1314 1290 1
1314 1315 1
1314 1521 1
1315 1311 1
1315 1313 1
1315 1314 1
1315 1551 1
1316 1121 1
1316 1292 1
1316 1317 1
1316 1319 1
1317 1144 1
1317 1316 1
1317 1318 1
1317 1340 1
1318 1293 1
1318 1317 1
1318 1529 1
1319 1122 1
1319 1294 1
1319 1316 1
1319 1321 1
1320 1128 1
1320 1298 1
1320 1322 1
1320 1325 1
1321 1145 1
1321 1319 1
1321 1323 1
1321 1340 1
1322 1146 1
1322 1320 1
1322 1324 1
1322 1341 1
1323 1295 1
1323 1321 1
1323 1324 1
1323 1534 1
1324 1299 1
1324 1322 1
1324 1323 1
1324 1536 1
1325 1129 1
1325 1300 1
1325 1320 1
1325 1327 1
1326 1135 1
1326 1304 1
1326 1328 1
1326 1331 1
1327 1147 1
1327 1325 1
1327 1329 1
1327 1341 1
1328 1148 1
1328 1326 1
1328 1330 1
1328 1342 1
1329 1301 1
1329 1327 1
1329 1330 1
1329 1543 1
1330 1305 1
1330 1328 1
1330 1329 1
1330 1545 1
1331 1136 1
1331 1306 1
1331 1326 1
1331 1333 1
1332 1142 1
1332 1310 1
1332 1334 1
1332 1337 1
1333 1149 1
1333 1331 1
1333 1335 1
1333 1342 1
1334 1150 1
1334 1332 1
1334 1336 1
1334 1343 1
1335 1307 1
1335 1333 1
1335 1336 1
1335 1552 1
1336 1311 1
1336 1334 1
1336 1335 1
1336 1554 1
1337 1143 1
1337 1312 1
1337 1332 1
1337 1338 1
1338 1151 1
1338 1337 1
1338 1339 1
1338 1343 1
1339 1313 1
1339 1338 1
1339 1560 1
1340 1317 1
1340 1321 1
1340 1564 1
1341 1322 1
1341 1327 1
1341 1571 1
1342 1328 1
1342 1333 1
1342 1578 1
1343 1334 1
1343 1338 1
1343 1585 1
1344 1156 1
1344 1346 1
1344 1350 1
1345 1174 1
1345 1346 1
1345 1373 1
1346 1344 1
1346 1345 1
1346 1347 1
1346 1375 1
1347 1346 1
1347 1601 1
1348 1161 1
1348 1352 1
1348 1357 1
1349 1179 1
1349 1350 1
1349 1351 1
1349 1374 1
1350 1344 1
1350 1349 1
1350 1353 1
1350 1376 1
1351 1180 1
1351 1349 1
1351 1352 1
1351 1380 1
1352 1348 1
1352 1351 1
1352 1354 1
1352 1382 1
1353 1350 1
1353 1354 1
1353 1603 1
1354 1352 1
1354 1353 1
1354 1606 1
1355 1166 1
1355 1359 1
1355 1364 1
1356 1185 1
1356 1357 1
1356 1358 1
1356 1381 1
1357 1348 1
1357 1356 1
1357 1360 1
1357 1383 1
1358 1186 1
1358 1356 1
1358 1359 1
1358 1387 1
1359 1355 1
1359 1358 1
1359 1361 1
1359 1389 1
1360 1357 1
1360 1361 1
1360 1608 1
1361 1359 1
1361 1360 1
1361 1611 1
1362 1171 1
1362 1366 1
1362 1370 1
1363 1191 1
1363 1364 1
1363 1365 1
1363 1388 1
1364 1355 1
1364 1363 1
1364 1367 1
1364 1390 1
1365 1192 1
1365 1363 1
1365 1366 1
1365 1394 1
1366 1362 1
1366 1365 1
1366 1368 1
1366 1396 1
1367 1364 1
1367 1368 1
1367 1613 1
1368 1366 1
1368 1367 1
1368 1616 1
1369 1195 1
1369 1370 1
1369 1395 1
1370 1362 1
1370 1369 1
1370 1371 1
1370 1397 1
1371 1370 1
1371 1618 1
1372 1200 1
1372 1373 1
1372 1374 1
1372 1400 1
1373 1345 1
1373 1372 1
1373 1377 1
1373 1403 1
1374 1349 1
1374 1372 1
1374 1378 1
1374 1410 1
1375 1346 1
1375 1376 1
1375 1377 1
1375 1600 1
1376 1350 1
1376 1375 1
1376 1378 1
1376 1602 1
1377 1373 1
1377 1375 1
1377 1378 1
1377 1620 1
1378 1374 1
1378 1376 1
1378 1377 1
1378 1623 1
1379 1206 1
1379 1380 1
1379 1381 1
1379 1405 1
1380 1351 1
1380 1379 1
1380 1384 1
1380 1411 1
1381 1356 1
1381 1379 1
1381 1385 1
1381 1419 1
1382 1352 1
1382 1383 1
1382 1384 1
1382 1605 1
1383 1357 1
1383 1382 1
1383 1385 1
1383 1607 1
1384 1380 1
1384 1382 1
1384 1385 1
1384 1624 1
1385 1381 1
1385 1383 1
1385 1384 1
1385 1629 1
1386 1212 1
1386 1387 1
1386 1388 1
1386 1414 1
1387 1358 1
1387 1386 1
1387 1391 1
1387 1420 1
1388 1363 1
1388 1386 1
1388 1392 1
1388 1428 1
1389 1359 1
1389 1390 1
1389 1391 1
1389 1610 1
1390 1364 1
1390 1389 1
1390 1392 1
1390 1612 1
1391 1387 1
1391 1389 1
1391 1392 1
1391 1630 1
1392 1388 1
1392 1390 1
1392 1391 1
1392 1635 1
1393 1218 1
1393 1394 1
1393 1395 1
1393 1423 1
1394 1365 1
1394 1393 1
1394 1398 1
1394 1429 1
1395 1369 1
1395 1393 1
1395 1399 1
1395 1434 1
1396 1366 1
1396 1397 1
1396 1398 1
1396 1615 1
1397 1370 1
1397 1396 1
1397 1399 1
1397 1617 1
1398 1394 1
1398 1396 1
1398 1399 1
1398 1636 1
1399 1395 1
1399 1397 1
1399 1398 1
1399 1641 1
1400 1201 1
1400 1372 1
1400 1402 1
1400 1407 1
1401 1222 1
1401 1402 1
1401 1437 1
1402 1400 1
1402 1401 1
1402 1404 1
1402 1439 1
1403 1373 1
1403 1404 1
1403 1621 1
1404 1402 1
1404 1403 1
1404 1645 1
1405 1207 1
1405 1379 1
1405 1409 1
1405 1416 1
1406 1227 1
1406 1407 1
1406 1408 1
1406 1438 1
1407 1400 1
1407 1406 1
1407 1412 1
1407 1440 1
1408 1228 1
1408 1406 1
1408 1409 1
1408 1444 1
1409 1405 1
1409 1408 1
1409 1413 1
1409 1446 1
1410 1374 1
1410 1411 1
1410 1412 1
1410 1625 1
1411 1380 1
1411 1410 1
1411 1413 1
1411 1626 1
1412 1407 1
1412 1410 1
1412 1413 1
1412 1647 1
1413 1409 1
1413 1411 1
1413 1412 1
1413 1651 1
1414 1213 1
1414 1386 1
1414 1418 1
1414 1425 1
1415 1233 1
1415 1416 1
1415 1417 1
1415 1445 1
1416 1405 1
1416 1415 1
1416 1421 1
1416 1447 1
1417 1234 1
1417 1415 1
1417 1418 1
1417 1451 1
1418 1414 1
1418 1417 1
1418 1422 1
1418 1453 1
1419 1381 1
1419 1420 1
1419 1421 1
1419 1631 1
1420 1387 1
1420 1419 1
1420 1422 1
1420 1632 1
1421 1416 1
1421 1419 1
1421 1422 1
1421 1653 1
1422 1418 1
1422 1420 1
1422 1421 1
1422 1657 1
1423 1219 1
1423 1393 1
1423 1427 1
1423 1433 1
1424 1239 1
1424 1425 1
1424 1426 1
1424 1452 1
1425 1414 1
1425 1424 1
1425 1430 1
1425 1454 1
1426 1240 1
1426 1424 1
1426 1427 1
1426 1458 1
1427 1423 1
1427 1426 1
1427 1431 1
1427 1460 1
1428 1388 1
1428 1429 1
1428 1430 1
1428 1637 1
1429 1394 1
1429 1428 1
1429 1431 1
1429 1638 1
1430 1425 1
1430 1428 1
1430 1431 1
1430 1659 1
1431 1427 1
1431 1429 1
1431 1430 1
1431 1663 1
1432 1243 1
1432 1433 1
1432 1459 1
1433 1423 1
1433 1432 1
1433 1435 1
1433 1461 1
1434 1395 1
1434 1435 1
1434 1642 1
1435 1433 1
1435 1434 1
1435 1665 1
1436 1248 1
1436 1437 1
1436 1438 1
1436 1464 1
1437 1401 1
1437 1436 1
1437 1441 1
1437 1467 1
1438 1406 1
1438 1436 1
1438 1442 1
1438 1474 1
1439 1402 1
1439 1440 1
1439 1441 1
1439 1644 1
1440 1407 1
1440 1439 1
1440 1442 1
1440 1646 1
1441 1437 1
1441 1439 1
1441 1442 1
1441 1668 1
1442 1438 1
1442 1440 1
1442 1441 1
1442 1671 1
1443 1254 1
1443 1444 1
1443 1445 1
1443 1469 1
1444 1408 1
1444 1443 1
1444 1448 1
1444 1475 1
1445 1415 1
1445 1443 1
1445 1449 1
1445 1483 1
1446 1409 1
1446 1447 1
1446 1448 1
1446 1650 1
1447 1416 1
1447 1446 1
1447 1449 1
1447 1652 1
1448 1444 1
1448 1446 1
1448 1449 1
1448 1672 1
1449 1445 1
1449 1447 1
1449 1448 1
1449 1677 1
1450 1260 1
1450 1451 1
1450 1452 1
1450 1478 1
1451 1417 1
1451 1450 1
1451 1455 1
1451 1484 1
1452 1424 1
1452 1450 1
1452 1456 1
1452 1492 1
1453 1418 1
1453 1454 1
1453 1455 1
1453 1656 1
1454 1425 1
1454 1453 1
1454 1456 1
1454 1658 1
1455 1451 1
1455 1453 1
1455 1456 1
1455 1678 1
1456 1452 1
1456 1454 1
1456 1455 1
1456 1683 1
1457 1266 1
1457 1458 1
1457 1459 1
1457 1487 1
1458 1426 1
1458 1457 1
1458 1462 1
1458 1493 1
1459 1432 1
1459 1457 1
1459 1463 1
1459 1498 1
1460 1427 1
1460 1461 1
1460 1462 1
1460 1662 1
1461 1433 1
1461 1460 1
1461 1463 1
1461 1664 1
1462 1458 1
1462 1460 1
1462 1463 1
1462 1684 1
1463 1459 1
1463 1461 1
1463 1462 1
1463 1689 1
1464 1249 1
1464 1436 1
1464 1466 1
1464 1471 1
1465 1270 1
1465 1466 1
1465 1501 1
1466 1464 1
1466 1465 1
1466 1468 1
1466 1503 1
1467 1437 1
1467 1468 1
1467 1669 1
1468 1466 1
1468 1467 1
1468 1693 1
1469 1255 1
1469 1443 1
1469 1473 1
1469 1480 1
1470 1275 1
1470 1471 1
1470 1472 1
1470 1502 1
1471 1464 1
1471 1470 1
1471 1476 1
1471 1504 1
1472 1276 1
1472 1470 1
1472 1473 1
1472 1508 1
1473 1469 1
1473 1472 1
1473 1477 1
1473 1510 1
1474 1438 1
1474 1475 1
1474 1476 1
1474 1673 1
1475 1444 1
1475 1474 1
1475 1477 1
1475 1674 1
1476 1471 1
1476 1474 1
1476 1477 1
1476 1695 1
1477 1473 1
1477 1475 1
1477 1476 1
1477 1699 1
1478 1261 1
1478 1450 1
1478 1482 1
1478 1489 1
1479 1281 1
1479 1480 1
1479 1481 1
1479 1509 1
1480 1469 1
1480 1479 1
1480 1485 1
1480 1511 1
1481 1282 1
1481 1479 1
1481 1482 1
1481 1515 1
1482 1478 1
1482 1481 1
1482 1486 1
1482 1517 1
1483 1445 1
1483 1484 1
1483 1485 1
1483 1679 1
1484 1451 1
1484 1483 1
1484 1486 1
1484 1680 1
1485 1480 1
1485 1483 1
1485 1486 1
1485 1701 1
1486 1482 1
1486 1484 1
1486 1485 1
1486 1705 1
1487 1267 1
1487 1457 1
1487 1491 1
1487 1497 1
1488 1287 1
1488 1489 1
1488 1490 1
1488 1516 1
1489 1478 1
1489 1488 1
1489 1494 1
1489 1518 1
1490 1288 1
1490 1488 1
1490 1491 1
1490 1522 1
1491 1487 1
1491 1490 1
1491 1495 1
1491 1524 1
1492 1452 1
1492 1493 1
1492 1494 1
1492 1685 1
1493 1458 1
1493 1492 1
1493 1495 1
1493 1686 1
1494 1489 1
1494 1492 1
1494 1495 1
1494 1707 1
1495 1491 1
1495 1493 1
1495 1494 1
1495 1711 1
1496 1291 1
1496 1497 1
1496 1523 1
1497 1487 1
1497 1496 1
1497 1499 1
1497 1525 1
1498 1459 1
1498 1499 1
1498 1690 1
1499 1497 1
1499 1498 1
1499 1713 1
1500 1296 1
1500 1501 1
1500 1502 1
1500 1528 1
1501 1465 1
1501 1500 1
1501 1505 1
1501 1531 1
1502 1470 1
1502 1500 1
1502 1506 1
1502 1538 1
1503 1466 1
1503 1504 1
1503 1505 1
1503 1692 1
1504 1471 1
1504 1503 1
1504 1506 1
1504 1694 1
1505 1501 1
1505 1503 1
1505 1506 1
1505 1716 1
1506 1502 1
1506 1504 1
1506 1505 1
1506 1719 1
1507 1302 1
1507 1508 1
1507 1509 1
1507 1533 1
1508 1472 1
1508 1507 1
1508 1512 1
1508 1539 1
1509 1479 1
1509 1507 1
1509 1513 1
1509 1547 1
1510 1473 1
1510 1511 1
1510 1512 1
1510 1698 1
1511 1480 1
1511 1510 1
1511 1513 1
1511 1700 1
1512 1508 1
1512 1510 1
1512 1513 1
1512 1720 1
1513 1509 1
1513 1511 1
1513 1512 1
1513 1725 1
1514 1308 1
1514 1515 1
1514 1516 1
1514 1542 1
1515 1481 1
1515 1514 1
1515 1519 1
1515 1548 1
1516 1488 1
1516 1514 1
1516 1520 1
1516 1556 1
1517 1482 1
1517 1518 1
1517 1519 1
1517 1704 1
1518 1489 1
1518 1517 1
1518 1520 1
1518 1706 1
1519 1515 1
1519 1517 1
1519 1520 1
1519 1726 1
1520 1516 1
1520 1518 1
1520 1519 1
1520 1731 1
1521 1314 1
1521 1522 1
1521 1523 1
1521 1551 1
1522 1490 1
1522 1521 1
1522 1526 1
1522 1557 1
1523 1496 1
1523 1521 1
1523 1527 1
1523 1562 1
1524 1491 1
1524 1525 1
1524 1526 1
1524 1710 1
1525 1497 1
1525 1524 1
1525 1527 1
1525 1712 1
1526 1522 1
1526 1524 1
1526 1527 1
1526 1732 1
1527 1523 1
1527 1525 1
1527 1526 1
1527 1737 1
1528 1297 1
1528 1500 1
1528 1530 1
1528 1535 1
1529 1318 1
1529 1530 1
1529 1565 1
1530 1528 1
1530 1529 1
1530 1532 1
1530 1567 1
1531 1501 1
1531 1532 1
1531 1717 1
1532 1530 1
1532 1531 1
1532 1741 1
1533 1303 1
1533 1507 1
1533 1537 1
1533 1544 1
1534 1323 1
1534 1535 1
1534 1536 1
1534 1566 1
1535 1528 1
1535 1534 1
1535 1540 1
1535 1568 1
1536 1324 1
1536 1534 1
1536 1537 1
1536 1572 1
1537 1533 1
1537 1536 1
1537 1541 1
1537 1574 1
1538 1502 1
1538 1539 1
1538 1540 1
1538 1721 1
1539 1508 1
1539 1538 1
1539 1541 1
1539 1722 1
1540 1535 1
1540 1538 1
1540 1541 1
1540 1743 1
1541 1537 1
1541 1539 1
1541 1540 1
1541 1747 1
1542 1309 1
1542 1514 1
1542 1546 1
1542 1553 1
1543 1329 1
1543 1544 1
1543 1545 1
1543 1573 1
1544 1533 1
1544 1543 1
1544 1549 1
1544 1575 1
1545 1330 1
1545 1543 1
1545 1546 1
1545 1579 1
1546 1542 1
1546 1545 1
1546 1550 1
1546 1581 1
1547 1509 1
1547 1548 1
1547 1549 1
1547 1727 1
1548 1515 1
1548 1547 1
1548 1550 1
1548 1728 1
1549 1544 1
1549 1547 1
1549 1550 1
1549 1749 1
1550 1546 1
1550 1548 1
1550 1549 1
1550 1753 1
1551 1315 1
1551 1521 1
1551 1555 1
1551 1561 1
1552 1335 1
1552 1553 1
1552 1554 1
1552 1580 1
1553 1542 1
1553 1552 1
1553 1558 1
1553 1582 1
1554 1336 1
1554 1552 1
1554 1555 1
1554 1586 1
1555 1551 1
1555 1554 1
1555 1559 1
1555 1588 1
1556 1516 1
1556 1557 1
1556 1558 1
1556 1733 1
1557 1522 1
1557 1556 1
1557 1559 1
1557 1734 1
1558 1553 1
1558 1556 1
1558 1559 1
1558 1755 1
1559 1555 1
1559 1557 1
1559 1558 1
1559 1759 1
1560 1339 1
1560 1561 1
1560 1587 1
1561 1551 1
1561 1560 1
1561 1563 1
1561 1589 1
1562 1523 1
1562 1563 1
1562 1738 1
1563 1561 1
1563 1562 1
1563 1761 1
1564 1340 1
1564 1565 1
1564 1566 1
1565 1529 1
1565 1564 1
1565 1569 1
1565 1592 1
1566 1534 1
1566 1564 1
1566 1570 1
1566 1593 1
1567 1530 1
1567 1568 1
1567 1569 1
1567 1740 1
1568 1535 1
1568 1567 1
1568 1570 1
1568 1742 1
1569 1565 1
1569 1567 1
1569 1570 1
1569 1764 1
1570 1566 1
1570 1568 1
1570 1569 1
1570 1767 1
1571 1341 1
1571 1572 1
1571 1573 1
1572 1536 1
1572 1571 1
1572 1576 1
1572 1594 1
1573 1543 1
1573 1571 1
1573 1577 1
1573 1595 1
1574 1537 1
1574 1575 1
1574 1576 1
1574 1746 1
1575 1544 1
1575 1574 1
1575 1577 1
1575 1748 1
1576 1572 1
1576 1574 1
1576 1577 1
1576 1768 1
1577 1573 1
1577 1575 1
1577 1576 1
1577 1773 1
1578 1342 1
1578 1579 1
1578 1580 1
1579 1545 1
1579 1578 1
1579 1583 1
1579 1596 1
1580 1552 1
1580 1578 1
1580 1584 1
1580 1597 1
1581 1546 1
1581 1582 1
1581 1583 1
1581 1752 1
1582 1553 1
1582 1581 1
1582 1584 1
1582 1754 1
1583 1579 1
1583 1581 1
1583 1584 1
1583 1774 1
1584 1580 1
1584 1582 1
1584 1583 1
1584 1779 1
1585 1343 1
1585 1586 1
1585 1587 1
1586 1554 1
1586 1585 1
1586 1590 1
1586 1598 1
1587 1560 1
1587 1585 1
1587 1591 1
1587 1599 1
1588 1555 1
1588 1589 1
1588 1590 1
1588 1758 1
1589 1561 1
1589 1588 1
1589 1591 1
1589 1760 1
1590 1586 1
1590 1588 1
1590 1591 1
1590 1780 1
1591 1587 1
1591 1589 1
1591 1590 1
1591 1785 1
1592 1565 1
1592 1765 1
1593 1566 1
1593 1594 1
1593 1769 1
1594 1572 1
1594 1593 1
1594 1770 1
1595 1573 1
1595 1596 1
1595 1775 1
1596 1579 1
1596 1595 1
1596 1776 1
1597 1580 1
1597 1598 1
1597 1781 1
1598 1586 1
1598 1597 1
1598 1782 1
1599 1587 1
1599 1786 1
1600 1375 1
1600 1601 1
1600 1602 1
1600 1620 1
1601 1347 1
1601 1600 1
1601 1604 1
1601 1622 1
1602 1376 1
1602 1600 1
1602 1603 1
1602 1623 1
1603 1353 1
1603 1602 1
1603 1604 1
1603 1627 1
1604 1601 1
1604 1603 1
1605 1382 1
1605 1606 1
1605 1607 1
1605 1624 1
1606 1354 1
1606 1605 1
1606 1609 1
1606 1628 1
1607 1383 1
1607 1605 1
1607 1608 1
1607 1629 1
1608 1360 1
1608 1607 1
1608 1609 1
1608 1633 1
1609 1606 1
1609 1608 1
1610 1389 1
1610 1611 1
1610 1612 1
1610 1630 1
1611 1361 1
1611 1610 1
1611 1614 1
1611 1634 1
1612 1390 1
1612 1610 1
1612 1613 1
1612 1635 1
1613 1367 1
1613 1612 1
1613 1614 1
1613 1639 1
1614 1611 1
1614 1613 1
1615 1396 1
1615 1616 1
1615 1617 1
1615 1636 1
1616 1368 1
1616 1615 1
1616 1619 1
1616 1640 1
1617 1397 1
1617 1615 1
1617 1618 1
1617 1641 1
1618 1371 1
1618 1617 1
1618 1619 1
1618 1643 1
1619 1616 1
1619 1618 1
1620 1377 1
1620 1600 1
1620 1621 1
1620 1623 1
1621 1403 1
1621 1620 1
1621 1622 1
1621 1648 1
1622 1601 1
1622 1621 1
1623 1378 1
1623 1602 1
1623 1620 1
1623 1625 1
1624 1384 1
1624 1605 1
1624 1626 1
1624 1629 1
1625 1410 1
1625 1623 1
1625 1627 1
1625 1648 1
1626 1411 1
1626 1624 1
1626 1628 1
1626 1654 1
1627 1603 1
1627 1625 1
1627 1628 1
1628 1606 1
1628 1626 1
1628 1627 1
1629 1385 1
1629 1607 1
1629 1624 1
1629 1631 1
1630 1391 1
1630 1610 1
1630 1632 1
1630 1635 1
1631 1419 1
1631 1629 1
1631 1633 1
1631 1654 1
1632 1420 1
1632 1630 1
1632 1634 1
1632 1660 1
1633 1608 1
1633 1631 1
1633 1634 1
1634 1611 1
1634 1632 1
1634 1633 1
1635 1392 1
1635 1612 1
1635 1630 1
1635 1637 1
1636 1398 1
1636 1615 1
1636 1638 1
1636 1641 1
1637 1428 1
1637 1635 1
1637 1639 1
1637 1660 1
1638 1429 1
1638 1636 1
1638 1640 1
1638 1666 1
1639 1613 1
1639 1637 1
1639 1640 1
1640 1616 1
1640 1638 1
1640 1639 1
1641 1399 1
1641 1617 1
1641 1636 1
1641 1642 1
1642 1434 1
1642 1641 1
1642 1643 1
1642 1666 1
1643 1618 1
1643 1642 1
1644 1439 1
1644 1645 1
1644 1646 1
1644 1668 1
1645 1404 1
1645 1644 1
1645 1649 1
1645 1670 1
1646 1440 1
1646 1644 1
1646 1647 1
1646 1671 1
1647 1412 1
1647 1646 1
1647 1649 1
1647 1675 1
1648 1621 1
1648 1625 1
1648 1649 1
1649 1645 1
1649 1647 1
1649 1648 1
1650 1446 1
1650 1651 1
1650 1652 1
1650 1672 1
1651 1413 1
1651 1650 1
1651 1655 1
1651 1676 1
1652 1447 1
1652 1650 1
1652 1653 1
1652 1677 1
1653 1421 1
1653 1652 1
1653 1655 1
1653 1681 1
1654 1626 1
1654 1631 1
1654 1655 1
1655 1651 1
1655 1653 1
1655 1654 1
1656 1453 1
1656 1657 1
1656 1658 1
1656 1678 1
1657 1422 1
1657 1656 1
1657 1661 1
1657 1682 1
1658 1454 1
1658 1656 1
1658 1659 1
1658 1683 1
1659 1430 1
1659 1658 1
1659 1661 1
1659 1687 1
1660 1632 1
1660 1637 1
1660 1661 1
1661 1657 1
1661 1659 1
1661 1660 1
1662 1460 1
1662 1663 1
1662 1664 1
1662 1684 1
1663 1431 1
1663 1662 1
1663 1667 1
1663 1688 1
1664 1461 1
1664 1662 1
1664 1665 1
1664 1689 1
1665 1435 1
1665 1664 1
1665 1667 1
1665 1691 1
1666 1638 1
1666 1642 1
1666 1667 1
1667 1663 1
1667 1665 1
1667 1666 1
1668 1441 1
1668 1644 1
1668 1669 1
1668 1671 1
1669 1467 1
1669 1668 1
1669 1670 1
1669 1696 1
1670 1645 1
1670 1669 1
1671 1442 1
1671 1646 1
1671 1668 1
1671 1673 1
1672 1448 1
1672 1650 1
1672 1674 1
1672 1677 1
1673 1474 1
1673 1671 1
1673 1675 1
1673 1696 1
1674 1475 1
1674 1672 1
1674 1676 1
1674 1702 1
1675 1647 1
1675 1673 1
1675 1676 1
1676 1651 1
1676 1674 1
1676 1675 1
1677 1449 1
1677 1652 1
1677 1672 1
1677 1679 1
1678 1455 1
1678 1656 1
1678 1680 1
1678 1683 1
1679 1483 1
1679 1677 1
1679 1681 1
1679 1702 1
1680 1484 1
1680 1678 1
1680 1682 1
1680 1708 1
1681 1653 1
1681 1679 1
1681 1682 1
1682 1657 1
1682 1680 1
1682 1681 1
1683 1456 1
1683 1658 1
1683 1678 1
1683 1685 1
1684 1462 1
1684 1662 1
1684 1686 1
1684 1689 1
1685 1492 1
1685 1683 1
1685 1687 1
1685 1708 1
1686 1493 1
1686 1684 1
1686 1688 1
1686 1714 1
1687 1659 1
1687 1685 1
1687 1688 1
1688 1663 1
1688 1686 1
1688 1687 1
1689 1463 1
1689 1664 1
1689 1684 1
1689 1690 1
1690 1498 1
1690 1689 1
1690 1691 1
1690 1714 1
1691 1665 1
1691 1690 1
1692 1503 1
1692 1693 1
1692 1694 1
1692 1716 1
1693 1468 1
1693 1692 1
1693 1697 1
1693 1718 1
1694 1504 1
1694 1692 1
1694 1695 1
1694 1719 1
1695 1476 1
1695 1694 1
1695 1697 1
1695 1723 1
1696 1669 1
1696 1673 1
1696 1697 1
1697 1693 1
1697 1695 1
1697 1696 1
1698 1510 1
1698 1699 1
1698 1700 1
1698 1720 1
1699 1477 1
1699 1698 1
1699 1703 1
1699 1724 1
1700 1511 1
1700 1698 1
1700 1701 1
1700 1725 1
1701 1485 1
1701 1700 1
1701 1703 1
1701 1729 1
1702 1674 1
1702 1679 1
1702 1703 1
1703 1699 1
1703 1701 1
1703 1702 1
1704 1517 1
1704 1705 1
1704 1706 1
1704 1726 1
1705 1486 1
1705 1704 1
1705 1709 1
1705 1730 1
1706 1518 1
1706 1704 1
1706 1707 1
1706 1731 1
1707 1494 1
1707 1706 1
1707 1709 1
1707 1735 1
1708 1680 1
1708 1685 1
1708 1709 1
1709 1705 1
1709 1707 1
1709 1708 1
1710 1524 1
1710 1711 1
1710 1712 1
1710 1732 1
1711 1495 1
1711 1710 1
1711 1715 1
1711 1736 1
1712 1525 1
1712 1710 1
1712 1713 1
1712 1737 1
1713 1499 1
1713 1712 1
1713 1715 1
1713 1739 1
1714 1686 1
1714 1690 1
1714 1715 1
1715 1711 1
1715 1713 1
1715 1714 1
1716 1505 1
1716 1692 1
1716 1717 1
1716 1719 1
1717 1531 1
1717 1716 1
1717 1718 1
1717 1744 1
1718 1693 1
1718 1717 1
1719 1506 1
1719 1694 1
1719 1716 1
1719 1721 1
1720 1512 1
1720 1698 1
1720 1722 1
1720 1725 1
1721 1538 1
1721 1719 1
1721 1723 1
1721 1744 1
1722 1539 1
1722 1720 1
1722 1724 1
1722 1750 1
1723 1695 1
1723 1721 1
1723 1724 1
1724 1699 1
1724 1722 1
1724 1723 1
1725 1513 1
1725 1700 1
1725 1720 1
1725 1727 1
1726 1519 1
1726 1704 1
1726 1728 1
1726 1731 1
1727 1547 1
1727 1725 1
1727 1729 1
1727 1750 1
1728 1548 1
1728 1726 1
1728 1730 1
1728 1756 1
1729 1701 1
1729 1727 1
1729 1730 1
1730 1705 1
1730 1728 1
1730 1729 1
1731 1520 1
1731 1706 1
1731 1726 1
1731 1733 1
1732 1526 1
1732 1710 1
1732 1734 1
1732 1737 1
1733 1556 1
1733 1731 1
1733 1735 1
1733 1756 1
1734 1557 1
1734 1732 1
1734 1736 1
1734 1762 1
1735 1707 1
1735 1733 1
1735 1736 1
1736 1711 1
1736 1734 1
1736 1735 1
1737 1527 1
1737 1712 1
1737 1732 1
1737 1738 1
1738 1562 1
1738 1737 1
1738 1739 1
1738 1762 1
1739 1713 1
1739 1738 1
1740 1567 1
1740 1741 1
1740 1742 1
1740 1764 1
1741 1532 1
1741 1740 1
1741 1745 1
1741 1766 1
1742 1568 1
1742 1740 1
1742 1743 1
1742 1767 1
1743 1540 1
1743 1742 1
1743 1745 1
1743 1771 1
1744 1717 1
1744 1721 1
1744 1745 1
1745 1741 1
1745 1743 1
1745 1744 1
1746 1574 1
1746 1747 1
1746 1748 1
1746 1768 1
1747 1541 1
1747 1746 1
1747 1751 1
1747 1772 1
1748 1575 1
1748 1746 1
1748 1749 1
1748 1773 1
1749 1549 1
1749 1748 1
1749 1751 1
1749 1777 1
1750 1722 1
1750 1727 1
1750 1751 1
1751 1747 1
1751 1749 1
1751 1750 1
1752 1581 1
1752 1753 1
1752 1754 1
1752 1774 1
1753 1550 1
1753 1752 1
1753 1757 1
1753 1778 1
1754 1582 1
1754 1752 1
1754 1755 1
1754 1779 1
1755 1558 1
1755 1754 1
1755 1757 1
1755 1783 1
1756 1728 1
1756 1733 1
1756 1757 1
1757 1753 1
1757 1755 1
1757 1756 1
1758 1588 1
1758 1759 1
1758 1760 1
1758 1780 1
1759 1559 1
1759 1758 1
1759 1763 1
1759 1784 1
1760 1589 1
1760 1758 1
1760 1761 1
1760 1785 1
1761 1563 1
1761 1760 1
1761 1763 1
1761 1787 1
1762 1734 1
1762 1738 1
1762 1763 1
1763 1759 1
1763 1761 1
1763 1762 1
1764 1569 1
1764 1740 1
1764 1765 1
1764 1767 1
1765 1592 1
1765 1764 1
1765 1766 1
1765 1788 1
1766 1741 1
1766 1765 1
1767 1570 1
1767 1742 1
1767 1764 1
1767 1769 1
1768 1576 1
1768 1746 1
1768 1770 1
1768 1773 1
1769 1593 1
1769 1767 1
1769 1771 1
1769 1788 1
1770 1594 1
1770 1768 1
1770 1772 1
1770 1789 1
1771 1743 1
1771 1769 1
1771 1772 1
1772 1747 1
1772 1770 1
1772 1771 1
1773 1577 1
1773 1748 1
1773 1768 1
1773 1775 1
1774 1583 1
1774 1752 1
1774 1776 1
1774 1779 1
1775 1595 1
1775 1773 1
1775 1777 1
1775 1789 1
1776 1596 1
1776 1774 1
1776 1778 1
1776 1790 1
1777 1749 1
1777 1775 1
1777 1778 1
1778 1753 1
1778 1776 1
1778 1777 1
1779 1584 1
1779 1754 1
1779 1774 1
1779 1781 1
1780 1590 1
1780 1758 1
1780 1782 1
1780 1785 1
1781 1597 1
1781 1779 1
1781 1783 1
1781 1790 1
1782 1598 1
1782 1780 1
1782 1784 1
1782 1791 1
1783 1755 1
1783 1781 1
1783 1784 1
1784 1759 1
1784 1782 1
1784 1783 1
1785 1591 1
1785 1760 1
1785 1780 1
1785 1786 1
1786 1599 1
1786 1785 1
1786 1787 1
1786 1791 1
1787 1761 1
1787 1786 1
1788 1765 1
1788 1769 1
1789 1770 1
1789 1775 1
1790 1776 1
1790 1781 1
1791 1782 1
1791 1786 1
