0 0 1
0 1 1
0 2 1
0 3 1
0 4 1
0 5 1
1 0 -1
1 6 1
1 7 1
1 8 1
1 9 1
1 10 1
1 11 1
1 12 1
1 13 1
2 6 -1
2 14 1
2 15 1
2 16 1
2 17 1
2 18 1
2 19 1
2 20 1
2 21 1
3 14 -1
3 22 1
3 23 1
3 24 1
3 25 1
3 26 1
3 27 1
3 28 1
3 29 1
4 22 -1
4 30 1
4 31 1
4 32 1
4 33 1
4 34 1
5 1 -1
5 7 -1
5 35 1
5 36 1
5 37 1
5 38 1
5 39 1
5 40 1
5 41 1
6 8 -1
6 15 -1
6 42 1
6 43 1
6 44 1
6 45 1
6 46 1
6 47 1
6 48 1
7 16 -1
7 23 -1
7 49 1
7 50 1
7 51 1
7 52 1
7 53 1
7 54 1
7 55 1
8 24 -1
8 30 -1
8 56 1
8 57 1
8 58 1
8 59 1
8 60 1
8 61 1
8 62 1
9 2 -1
9 35 -1
9 63 1
9 64 1
9 65 1
9 66 1
9 67 1
9 68 1
9 69 1
10 9 -1
10 36 -1
10 42 -1
10 63 -1
10 70 1
10 71 1
10 72 1
10 73 1
10 74 1
10 75 1
10 76 1
10 77 1
10 78 1
11 17 -1
11 43 -1
11 49 -1
11 70 -1
11 79 1
11 80 1
11 81 1
11 82 1
11 83 1
11 84 1
11 85 1
11 86 1
11 87 1
12 25 -1
12 50 -1
12 56 -1
12 79 -1
12 88 1
12 89 1
12 90 1
12 91 1
12 92 1
12 93 1
12 94 1
12 95 1
12 96 1
13 31 -1
13 57 -1
13 88 -1
13 97 1
13 98 1
13 99 1
13 100 1
13 101 1
13 102 1
14 64 -1
14 71 -1
14 103 1
14 104 1
14 105 1
14 106 1
14 107 1
14 108 1
14 109 1
15 72 -1
15 80 -1
15 110 1
15 111 1
15 112 1
15 113 1
15 114 1
15 115 1
15 116 1
16 81 -1
16 89 -1
16 117 1
16 118 1
16 119 1
16 120 1
16 121 1
16 122 1
16 123 1
17 90 -1
17 97 -1
17 124 1
17 125 1
17 126 1
17 127 1
17 128 1
17 129 1
17 130 1
18 65 -1
18 103 -1
18 131 1
18 132 1
18 133 1
18 134 1
18 135 1
18 136 1
18 137 1
19 73 -1
19 104 -1
19 110 -1
19 131 -1
19 138 1
19 139 1
19 140 1
19 141 1
19 142 1
19 143 1
19 144 1
19 145 1
19 146 1
20 82 -1
20 111 -1
20 117 -1
20 138 -1
20 147 1
20 148 1
20 149 1
20 150 1
20 151 1
20 152 1
20 153 1
20 154 1
20 155 1
21 91 -1
21 118 -1
21 124 -1
21 147 -1
21 156 1
21 157 1
21 158 1
21 159 1
21 160 1
21 161 1
21 162 1
21 163 1
21 164 1
22 98 -1
22 125 -1
22 156 -1
22 165 1
22 166 1
22 167 1
22 168 1
22 169 1
22 170 1
23 132 -1
23 139 -1
23 171 1
23 172 1
23 173 1
23 174 1
23 175 1
23 176 1
23 177 1
24 140 -1
24 148 -1
24 178 1
24 179 1
24 180 1
24 181 1
24 182 1
24 183 1
24 184 1
25 149 -1
25 157 -1
25 185 1
25 186 1
25 187 1
25 188 1
25 189 1
25 190 1
25 191 1
26 158 -1
26 165 -1
26 192 1
26 193 1
26 194 1
26 195 1
26 196 1
26 197 1
26 198 1
27 133 -1
27 171 -1
27 199 1
27 200 1
27 201 1
27 202 1
27 203 1
27 204 1
27 205 1
28 141 -1
28 172 -1
28 178 -1
28 199 -1
28 206 1
28 207 1
28 208 1
28 209 1
28 210 1
28 211 1
28 212 1
28 213 1
28 214 1
29 150 -1
29 179 -1
29 185 -1
29 206 -1
29 215 1
29 216 1
29 217 1
29 218 1
29 219 1
29 220 1
29 221 1
29 222 1
29 223 1
30 159 -1
30 186 -1
30 192 -1
30 215 -1
30 224 1
30 225 1
30 226 1
30 227 1
30 228 1
30 229 1
30 230 1
30 231 1
30 232 1
31 166 -1
31 193 -1
31 224 -1
31 233 1
31 234 1
31 235 1
31 236 1
31 237 1
31 238 1
32 200 -1
32 207 -1
32 239 1
32 240 1
32 241 1
32 242 1
32 243 1
32 244 1
32 245 1
33 208 -1
33 216 -1
33 246 1
33 247 1
33 248 1
33 249 1
33 250 1
33 251 1
33 252 1
34 217 -1
34 225 -1
34 253 1
34 254 1
34 255 1
34 256 1
34 257 1
34 258 1
34 259 1
35 226 -1
35 233 -1
35 260 1
35 261 1
35 262 1
35 263 1
35 264 1
35 265 1
35 266 1
36 201 -1
36 239 -1
36 267 1
36 268 1
36 269 1
36 270 1
37 209 -1
37 240 -1
37 246 -1
37 267 -1
37 271 1
37 272 1
37 273 1
37 274 1
37 275 1
38 218 -1
38 247 -1
38 253 -1
38 271 -1
38 276 1
38 277 1
38 278 1
38 279 1
38 280 1
39 227 -1
39 254 -1
39 260 -1
39 276 -1
39 281 1
39 282 1
39 283 1
39 284 1
39 285 1
40 234 -1
40 261 -1
40 281 -1
40 286 1
40 287 1
40 288 1
41 3 -1
41 10 -1
41 37 -1
41 289 1
41 290 1
41 291 1
41 292 1
41 293 1
41 294 1
42 11 -1
42 18 -1
42 44 -1
42 295 1
42 296 1
42 297 1
42 298 1
42 299 1
42 300 1
43 19 -1
43 26 -1
43 51 -1
43 301 1
43 302 1
43 303 1
43 304 1
43 305 1
43 306 1
44 27 -1
44 32 -1
44 58 -1
44 307 1
44 308 1
44 309 1
44 310 1
44 311 1
44 312 1
45 4 -1
45 38 -1
45 66 -1
45 289 -1
45 313 1
45 314 1
45 315 1
45 316 1
45 317 1
46 39 -1
46 290 -1
46 313 -1
46 318 1
46 319 1
46 320 1
47 12 -1
47 40 -1
47 45 -1
47 74 -1
47 291 -1
47 295 -1
47 318 -1
47 321 1
47 322 1
47 323 1
47 324 1
47 325 1
47 326 1
47 327 1
48 46 -1
48 296 -1
48 321 -1
48 328 1
48 329 1
48 330 1
49 20 -1
49 47 -1
49 52 -1
49 83 -1
49 297 -1
49 301 -1
49 328 -1
49 331 1
49 332 1
49 333 1
49 334 1
49 335 1
49 336 1
49 337 1
50 53 -1
50 302 -1
50 331 -1
50 338 1
50 339 1
50 340 1
51 28 -1
51 54 -1
51 59 -1
51 92 -1
51 303 -1
51 307 -1
51 338 -1
51 341 1
51 342 1
51 343 1
51 344 1
51 345 1
51 346 1
51 347 1
52 60 -1
52 308 -1
52 341 -1
52 348 1
52 349 1
52 350 1
53 33 -1
53 61 -1
53 99 -1
53 309 -1
53 348 -1
53 351 1
53 352 1
53 353 1
53 354 1
54 41 -1
54 67 -1
54 75 -1
54 105 -1
54 314 -1
54 319 -1
54 322 -1
54 355 1
54 356 1
54 357 1
54 358 1
54 359 1
54 360 1
54 361 1
55 48 -1
55 76 -1
55 84 -1
55 112 -1
55 323 -1
55 329 -1
55 332 -1
55 362 1
55 363 1
55 364 1
55 365 1
55 366 1
55 367 1
55 368 1
56 55 -1
56 85 -1
56 93 -1
56 119 -1
56 333 -1
56 339 -1
56 342 -1
56 369 1
56 370 1
56 371 1
56 372 1
56 373 1
56 374 1
56 375 1
57 62 -1
57 94 -1
57 100 -1
57 126 -1
57 343 -1
57 349 -1
57 351 -1
57 376 1
57 377 1
57 378 1
57 379 1
57 380 1
57 381 1
57 382 1
58 68 -1
58 106 -1
58 134 -1
58 355 -1
58 383 1
58 384 1
58 385 1
58 386 1
58 387 1
59 107 -1
59 356 -1
59 383 -1
59 388 1
59 389 1
59 390 1
60 77 -1
60 108 -1
60 113 -1
60 142 -1
60 357 -1
60 362 -1
60 388 -1
60 391 1
60 392 1
60 393 1
60 394 1
60 395 1
60 396 1
60 397 1
61 114 -1
61 363 -1
61 391 -1
61 398 1
61 399 1
61 400 1
62 86 -1
62 115 -1
62 120 -1
62 151 -1
62 364 -1
62 369 -1
62 398 -1
62 401 1
62 402 1
62 403 1
62 404 1
62 405 1
62 406 1
62 407 1
63 121 -1
63 370 -1
63 401 -1
63 408 1
63 409 1
63 410 1
64 95 -1
64 122 -1
64 127 -1
64 160 -1
64 371 -1
64 376 -1
64 408 -1
64 411 1
64 412 1
64 413 1
64 414 1
64 415 1
64 416 1
64 417 1
65 128 -1
65 377 -1
65 411 -1
65 418 1
65 419 1
65 420 1
66 101 -1
66 129 -1
66 167 -1
66 378 -1
66 418 -1
66 421 1
66 422 1
66 423 1
66 424 1
67 109 -1
67 135 -1
67 143 -1
67 173 -1
67 384 -1
67 389 -1
67 392 -1
67 425 1
67 426 1
67 427 1
67 428 1
67 429 1
67 430 1
67 431 1
68 116 -1
68 144 -1
68 152 -1
68 180 -1
68 393 -1
68 399 -1
68 402 -1
68 432 1
68 433 1
68 434 1
68 435 1
68 436 1
68 437 1
68 438 1
69 123 -1
69 153 -1
69 161 -1
69 187 -1
69 403 -1
69 409 -1
69 412 -1
69 439 1
69 440 1
69 441 1
69 442 1
69 443 1
69 444 1
69 445 1
70 130 -1
70 162 -1
70 168 -1
70 194 -1
70 413 -1
70 419 -1
70 421 -1
70 446 1
70 447 1
70 448 1
70 449 1
70 450 1
70 451 1
70 452 1
71 136 -1
71 174 -1
71 202 -1
71 425 -1
71 453 1
71 454 1
71 455 1
71 456 1
71 457 1
72 175 -1
72 426 -1
72 453 -1
72 458 1
72 459 1
72 460 1
73 145 -1
73 176 -1
73 181 -1
73 210 -1
73 427 -1
73 432 -1
73 458 -1
73 461 1
73 462 1
73 463 1
73 464 1
73 465 1
73 466 1
73 467 1
74 182 -1
74 433 -1
74 461 -1
74 468 1
74 469 1
74 470 1
75 154 -1
75 183 -1
75 188 -1
75 219 -1
75 434 -1
75 439 -1
75 468 -1
75 471 1
75 472 1
75 473 1
75 474 1
75 475 1
75 476 1
75 477 1
76 189 -1
76 440 -1
76 471 -1
76 478 1
76 479 1
76 480 1
77 163 -1
77 190 -1
77 195 -1
77 228 -1
77 441 -1
77 446 -1
77 478 -1
77 481 1
77 482 1
77 483 1
77 484 1
77 485 1
77 486 1
77 487 1
78 196 -1
78 447 -1
78 481 -1
78 488 1
78 489 1
78 490 1
79 169 -1
79 197 -1
79 235 -1
79 448 -1
79 488 -1
79 491 1
79 492 1
79 493 1
79 494 1
80 177 -1
80 203 -1
80 211 -1
80 241 -1
80 454 -1
80 459 -1
80 462 -1
80 495 1
80 496 1
80 497 1
80 498 1
80 499 1
80 500 1
80 501 1
81 184 -1
81 212 -1
81 220 -1
81 248 -1
81 463 -1
81 469 -1
81 472 -1
81 502 1
81 503 1
81 504 1
81 505 1
81 506 1
81 507 1
81 508 1
82 191 -1
82 221 -1
82 229 -1
82 255 -1
82 473 -1
82 479 -1
82 482 -1
82 509 1
82 510 1
82 511 1
82 512 1
82 513 1
82 514 1
82 515 1
83 198 -1
83 230 -1
83 236 -1
83 262 -1
83 483 -1
83 489 -1
83 491 -1
83 516 1
83 517 1
83 518 1
83 519 1
83 520 1
83 521 1
83 522 1
84 204 -1
84 242 -1
84 268 -1
84 495 -1
84 523 1
84 524 1
84 525 1
84 526 1
84 527 1
85 243 -1
85 496 -1
85 523 -1
85 528 1
85 529 1
85 530 1
86 213 -1
86 244 -1
86 249 -1
86 272 -1
86 497 -1
86 502 -1
86 528 -1
86 531 1
86 532 1
86 533 1
86 534 1
86 535 1
86 536 1
86 537 1
87 250 -1
87 503 -1
87 531 -1
87 538 1
87 539 1
87 540 1
88 222 -1
88 251 -1
88 256 -1
88 277 -1
88 504 -1
88 509 -1
88 538 -1
88 541 1
88 542 1
88 543 1
88 544 1
88 545 1
88 546 1
88 547 1
89 257 -1
89 510 -1
89 541 -1
89 548 1
89 549 1
89 550 1
90 231 -1
90 258 -1
90 263 -1
90 282 -1
90 511 -1
90 516 -1
90 548 -1
90 551 1
90 552 1
90 553 1
90 554 1
90 555 1
90 556 1
90 557 1
91 264 -1
91 517 -1
91 551 -1
91 558 1
91 559 1
91 560 1
92 237 -1
92 265 -1
92 286 -1
92 518 -1
92 558 -1
92 561 1
92 562 1
92 563 1
92 564 1
93 245 -1
93 269 -1
93 273 -1
93 524 -1
93 529 -1
93 532 -1
93 565 1
93 566 1
93 567 1
94 252 -1
94 274 -1
94 278 -1
94 533 -1
94 539 -1
94 542 -1
94 568 1
94 569 1
94 570 1
95 259 -1
95 279 -1
95 283 -1
95 543 -1
95 549 -1
95 552 -1
95 571 1
95 572 1
95 573 1
96 266 -1
96 284 -1
96 287 -1
96 553 -1
96 559 -1
96 561 -1
96 574 1
96 575 1
96 576 1
97 5 -1
97 292 -1
97 315 -1
97 577 1
97 578 1
97 579 1
97 580 1
97 581 1
97 582 1
98 13 -1
98 293 -1
98 298 -1
98 324 -1
98 577 -1
98 583 1
98 584 1
98 585 1
98 586 1
98 587 1
98 588 1
98 589 1
98 590 1
99 21 -1
99 299 -1
99 304 -1
99 334 -1
99 583 -1
99 591 1
99 592 1
99 593 1
99 594 1
99 595 1
99 596 1
99 597 1
99 598 1
100 29 -1
100 305 -1
100 310 -1
100 344 -1
100 591 -1
100 599 1
100 600 1
100 601 1
100 602 1
100 603 1
100 604 1
100 605 1
100 606 1
101 34 -1
101 311 -1
101 352 -1
101 599 -1
101 607 1
101 608 1
101 609 1
101 610 1
101 611 1
102 294 -1
102 316 -1
102 320 -1
102 325 -1
102 358 -1
102 578 -1
102 584 -1
102 612 1
102 613 1
102 614 1
102 615 1
102 616 1
102 617 1
102 618 1
103 300 -1
103 326 -1
103 330 -1
103 335 -1
103 365 -1
103 585 -1
103 592 -1
103 619 1
103 620 1
103 621 1
103 622 1
103 623 1
103 624 1
103 625 1
104 306 -1
104 336 -1
104 340 -1
104 345 -1
104 372 -1
104 593 -1
104 600 -1
104 626 1
104 627 1
104 628 1
104 629 1
104 630 1
104 631 1
104 632 1
105 312 -1
105 346 -1
105 350 -1
105 353 -1
105 379 -1
105 601 -1
105 607 -1
105 633 1
105 634 1
105 635 1
105 636 1
105 637 1
105 638 1
105 639 1
106 69 -1
106 317 -1
106 359 -1
106 385 -1
106 579 -1
106 612 -1
106 640 1
106 641 1
106 642 1
106 643 1
106 644 1
106 645 1
106 646 1
107 78 -1
107 327 -1
107 360 -1
107 366 -1
107 394 -1
107 586 -1
107 613 -1
107 619 -1
107 640 -1
107 647 1
107 648 1
107 649 1
107 650 1
107 651 1
107 652 1
107 653 1
107 654 1
107 655 1
108 87 -1
108 337 -1
108 367 -1
108 373 -1
108 404 -1
108 594 -1
108 620 -1
108 626 -1
108 647 -1
108 656 1
108 657 1
108 658 1
108 659 1
108 660 1
108 661 1
108 662 1
108 663 1
108 664 1
109 96 -1
109 347 -1
109 374 -1
109 380 -1
109 414 -1
109 602 -1
109 627 -1
109 633 -1
109 656 -1
109 665 1
109 666 1
109 667 1
109 668 1
109 669 1
109 670 1
109 671 1
109 672 1
109 673 1
110 102 -1
110 354 -1
110 381 -1
110 422 -1
110 608 -1
110 634 -1
110 665 -1
110 674 1
110 675 1
110 676 1
110 677 1
110 678 1
110 679 1
111 361 -1
111 386 -1
111 390 -1
111 395 -1
111 428 -1
111 641 -1
111 648 -1
111 680 1
111 681 1
111 682 1
111 683 1
111 684 1
111 685 1
111 686 1
112 368 -1
112 396 -1
112 400 -1
112 405 -1
112 435 -1
112 649 -1
112 657 -1
112 687 1
112 688 1
112 689 1
112 690 1
112 691 1
112 692 1
112 693 1
113 375 -1
113 406 -1
113 410 -1
113 415 -1
113 442 -1
113 658 -1
113 666 -1
113 694 1
113 695 1
113 696 1
113 697 1
113 698 1
113 699 1
113 700 1
114 382 -1
114 416 -1
114 420 -1
114 423 -1
114 449 -1
114 667 -1
114 674 -1
114 701 1
114 702 1
114 703 1
114 704 1
114 705 1
114 706 1
114 707 1
115 137 -1
115 387 -1
115 429 -1
115 455 -1
115 642 -1
115 680 -1
115 708 1
115 709 1
115 710 1
115 711 1
115 712 1
115 713 1
115 714 1
116 146 -1
116 397 -1
116 430 -1
116 436 -1
116 464 -1
116 650 -1
116 681 -1
116 687 -1
116 708 -1
116 715 1
116 716 1
116 717 1
116 718 1
116 719 1
116 720 1
116 721 1
116 722 1
116 723 1
117 155 -1
117 407 -1
117 437 -1
117 443 -1
117 474 -1
117 659 -1
117 688 -1
117 694 -1
117 715 -1
117 724 1
117 725 1
117 726 1
117 727 1
117 728 1
117 729 1
117 730 1
117 731 1
117 732 1
118 164 -1
118 417 -1
118 444 -1
118 450 -1
118 484 -1
118 668 -1
118 695 -1
118 701 -1
118 724 -1
118 733 1
118 734 1
118 735 1
118 736 1
118 737 1
118 738 1
118 739 1
118 740 1
118 741 1
119 170 -1
119 424 -1
119 451 -1
119 492 -1
119 675 -1
119 702 -1
119 733 -1
119 742 1
119 743 1
119 744 1
119 745 1
119 746 1
119 747 1
120 431 -1
120 456 -1
120 460 -1
120 465 -1
120 498 -1
120 709 -1
120 716 -1
120 748 1
120 749 1
120 750 1
120 751 1
120 752 1
120 753 1
120 754 1
121 438 -1
121 466 -1
121 470 -1
121 475 -1
121 505 -1
121 717 -1
121 725 -1
121 755 1
121 756 1
121 757 1
121 758 1
121 759 1
121 760 1
121 761 1
122 445 -1
122 476 -1
122 480 -1
122 485 -1
122 512 -1
122 726 -1
122 734 -1
122 762 1
122 763 1
122 764 1
122 765 1
122 766 1
122 767 1
122 768 1
123 452 -1
123 486 -1
123 490 -1
123 493 -1
123 519 -1
123 735 -1
123 742 -1
123 769 1
123 770 1
123 771 1
123 772 1
123 773 1
123 774 1
123 775 1
124 205 -1
124 457 -1
124 499 -1
124 525 -1
124 710 -1
124 748 -1
124 776 1
124 777 1
124 778 1
124 779 1
124 780 1
124 781 1
124 782 1
125 214 -1
125 467 -1
125 500 -1
125 506 -1
125 534 -1
125 718 -1
125 749 -1
125 755 -1
125 776 -1
125 783 1
125 784 1
125 785 1
125 786 1
125 787 1
125 788 1
125 789 1
125 790 1
125 791 1
126 223 -1
126 477 -1
126 507 -1
126 513 -1
126 544 -1
126 727 -1
126 756 -1
126 762 -1
126 783 -1
126 792 1
126 793 1
126 794 1
126 795 1
126 796 1
126 797 1
126 798 1
126 799 1
126 800 1
127 232 -1
127 487 -1
127 514 -1
127 520 -1
127 554 -1
127 736 -1
127 763 -1
127 769 -1
127 792 -1
127 801 1
127 802 1
127 803 1
127 804 1
127 805 1
127 806 1
127 807 1
127 808 1
127 809 1
128 238 -1
128 494 -1
128 521 -1
128 562 -1
128 743 -1
128 770 -1
128 801 -1
128 810 1
128 811 1
128 812 1
128 813 1
128 814 1
128 815 1
129 501 -1
129 526 -1
129 530 -1
129 535 -1
129 565 -1
129 777 -1
129 784 -1
129 816 1
129 817 1
129 818 1
129 819 1
129 820 1
129 821 1
129 822 1
130 508 -1
130 536 -1
130 540 -1
130 545 -1
130 568 -1
130 785 -1
130 793 -1
130 823 1
130 824 1
130 825 1
130 826 1
130 827 1
130 828 1
130 829 1
131 515 -1
131 546 -1
131 550 -1
131 555 -1
131 571 -1
131 794 -1
131 802 -1
131 830 1
131 831 1
131 832 1
131 833 1
131 834 1
131 835 1
131 836 1
132 522 -1
132 556 -1
132 560 -1
132 563 -1
132 574 -1
132 803 -1
132 810 -1
132 837 1
132 838 1
132 839 1
132 840 1
132 841 1
132 842 1
132 843 1
133 270 -1
133 527 -1
133 566 -1
133 778 -1
133 816 -1
133 844 1
133 845 1
133 846 1
133 847 1
134 275 -1
134 537 -1
134 567 -1
134 569 -1
134 786 -1
134 817 -1
134 823 -1
134 844 -1
134 848 1
134 849 1
134 850 1
134 851 1
134 852 1
135 280 -1
135 547 -1
135 570 -1
135 572 -1
135 795 -1
135 824 -1
135 830 -1
135 848 -1
135 853 1
135 854 1
135 855 1
135 856 1
135 857 1
136 285 -1
136 557 -1
136 573 -1
136 575 -1
136 804 -1
136 831 -1
136 837 -1
136 853 -1
136 858 1
136 859 1
136 860 1
136 861 1
136 862 1
137 288 -1
137 564 -1
137 576 -1
137 811 -1
137 838 -1
137 858 -1
137 863 1
137 864 1
137 865 1
138 580 -1
138 587 -1
138 614 -1
138 866 1
138 867 1
138 868 1
138 869 1
138 870 1
138 871 1
139 588 -1
139 595 -1
139 621 -1
139 872 1
139 873 1
139 874 1
139 875 1
139 876 1
139 877 1
140 596 -1
140 603 -1
140 628 -1
140 878 1
140 879 1
140 880 1
140 881 1
140 882 1
140 883 1
141 604 -1
141 609 -1
141 635 -1
141 884 1
141 885 1
141 886 1
141 887 1
141 888 1
141 889 1
142 581 -1
142 615 -1
142 643 -1
142 866 -1
142 890 1
142 891 1
142 892 1
142 893 1
142 894 1
143 616 -1
143 867 -1
143 890 -1
143 895 1
143 896 1
143 897 1
144 589 -1
144 617 -1
144 622 -1
144 651 -1
144 868 -1
144 872 -1
144 895 -1
144 898 1
144 899 1
144 900 1
144 901 1
144 902 1
144 903 1
144 904 1
145 623 -1
145 873 -1
145 898 -1
145 905 1
145 906 1
145 907 1
146 597 -1
146 624 -1
146 629 -1
146 660 -1
146 874 -1
146 878 -1
146 905 -1
146 908 1
146 909 1
146 910 1
146 911 1
146 912 1
146 913 1
146 914 1
147 630 -1
147 879 -1
147 908 -1
147 915 1
147 916 1
147 917 1
148 605 -1
148 631 -1
148 636 -1
148 669 -1
148 880 -1
148 884 -1
148 915 -1
148 918 1
148 919 1
148 920 1
148 921 1
148 922 1
148 923 1
148 924 1
149 637 -1
149 885 -1
149 918 -1
149 925 1
149 926 1
149 927 1
150 610 -1
150 638 -1
150 676 -1
150 886 -1
150 925 -1
150 928 1
150 929 1
150 930 1
150 931 1
151 618 -1
151 644 -1
151 652 -1
151 682 -1
151 891 -1
151 896 -1
151 899 -1
151 932 1
151 933 1
151 934 1
151 935 1
151 936 1
151 937 1
151 938 1
152 625 -1
152 653 -1
152 661 -1
152 689 -1
152 900 -1
152 906 -1
152 909 -1
152 939 1
152 940 1
152 941 1
152 942 1
152 943 1
152 944 1
152 945 1
153 632 -1
153 662 -1
153 670 -1
153 696 -1
153 910 -1
153 916 -1
153 919 -1
153 946 1
153 947 1
153 948 1
153 949 1
153 950 1
153 951 1
153 952 1
154 639 -1
154 671 -1
154 677 -1
154 703 -1
154 920 -1
154 926 -1
154 928 -1
154 953 1
154 954 1
154 955 1
154 956 1
154 957 1
154 958 1
154 959 1
155 645 -1
155 683 -1
155 711 -1
155 932 -1
155 960 1
155 961 1
155 962 1
155 963 1
155 964 1
156 684 -1
156 933 -1
156 960 -1
156 965 1
156 966 1
156 967 1
157 654 -1
157 685 -1
157 690 -1
157 719 -1
157 934 -1
157 939 -1
157 965 -1
157 968 1
157 969 1
157 970 1
157 971 1
157 972 1
157 973 1
157 974 1
158 691 -1
158 940 -1
158 968 -1
158 975 1
158 976 1
158 977 1
159 663 -1
159 692 -1
159 697 -1
159 728 -1
159 941 -1
159 946 -1
159 975 -1
159 978 1
159 979 1
159 980 1
159 981 1
159 982 1
159 983 1
159 984 1
160 698 -1
160 947 -1
160 978 -1
160 985 1
160 986 1
160 987 1
161 672 -1
161 699 -1
161 704 -1
161 737 -1
161 948 -1
161 953 -1
161 985 -1
161 988 1
161 989 1
161 990 1
161 991 1
161 992 1
161 993 1
161 994 1
162 705 -1
162 954 -1
162 988 -1
162 995 1
162 996 1
162 997 1
163 678 -1
163 706 -1
163 744 -1
163 955 -1
163 995 -1
163 998 1
163 999 1
163 1000 1
163 1001 1
164 686 -1
164 712 -1
164 720 -1
164 750 -1
164 961 -1
164 966 -1
164 969 -1
164 1002 1
164 1003 1
164 1004 1
164 1005 1
164 1006 1
164 1007 1
164 1008 1
165 693 -1
165 721 -1
165 729 -1
165 757 -1
165 970 -1
165 976 -1
165 979 -1
165 1009 1
165 1010 1
165 1011 1
165 1012 1
165 1013 1
165 1014 1
165 1015 1
166 700 -1
166 730 -1
166 738 -1
166 764 -1
166 980 -1
166 986 -1
166 989 -1
166 1016 1
166 1017 1
166 1018 1
166 1019 1
166 1020 1
166 1021 1
166 1022 1
167 707 -1
167 739 -1
167 745 -1
167 771 -1
167 990 -1
167 996 -1
167 998 -1
167 1023 1
167 1024 1
167 1025 1
167 1026 1
167 1027 1
167 1028 1
167 1029 1
168 713 -1
168 751 -1
168 779 -1
168 1002 -1
168 1030 1
168 1031 1
168 1032 1
168 1033 1
168 1034 1
169 752 -1
169 1003 -1
169 1030 -1
169 1035 1
169 1036 1
169 1037 1
170 722 -1
170 753 -1
170 758 -1
170 787 -1
170 1004 -1
170 1009 -1
170 1035 -1
170 1038 1
170 1039 1
170 1040 1
170 1041 1
170 1042 1
170 1043 1
170 1044 1
171 759 -1
171 1010 -1
171 1038 -1
171 1045 1
171 1046 1
171 1047 1
172 731 -1
172 760 -1
172 765 -1
172 796 -1
172 1011 -1
172 1016 -1
172 1045 -1
172 1048 1
172 1049 1
172 1050 1
172 1051 1
172 1052 1
172 1053 1
172 1054 1
173 766 -1
173 1017 -1
173 1048 -1
173 1055 1
173 1056 1
173 1057 1
174 740 -1
174 767 -1
174 772 -1
174 805 -1
174 1018 -1
174 1023 -1
174 1055 -1
174 1058 1
174 1059 1
174 1060 1
174 1061 1
174 1062 1
174 1063 1
174 1064 1
175 773 -1
175 1024 -1
175 1058 -1
175 1065 1
175 1066 1
175 1067 1
176 746 -1
176 774 -1
176 812 -1
176 1025 -1
176 1065 -1
176 1068 1
176 1069 1
176 1070 1
176 1071 1
177 754 -1
177 780 -1
177 788 -1
177 818 -1
177 1031 -1
177 1036 -1
177 1039 -1
177 1072 1
177 1073 1
177 1074 1
177 1075 1
177 1076 1
177 1077 1
177 1078 1
178 761 -1
178 789 -1
178 797 -1
178 825 -1
178 1040 -1
178 1046 -1
178 1049 -1
178 1079 1
178 1080 1
178 1081 1
178 1082 1
178 1083 1
178 1084 1
178 1085 1
179 768 -1
179 798 -1
179 806 -1
179 832 -1
179 1050 -1
179 1056 -1
179 1059 -1
179 1086 1
179 1087 1
179 1088 1
179 1089 1
179 1090 1
179 1091 1
179 1092 1
180 775 -1
180 807 -1
180 813 -1
180 839 -1
180 1060 -1
180 1066 -1
180 1068 -1
180 1093 1
180 1094 1
180 1095 1
180 1096 1
180 1097 1
180 1098 1
180 1099 1
181 781 -1
181 819 -1
181 845 -1
181 1072 -1
181 1100 1
181 1101 1
181 1102 1
181 1103 1
181 1104 1
182 820 -1
182 1073 -1
182 1100 -1
182 1105 1
182 1106 1
182 1107 1
183 790 -1
183 821 -1
183 826 -1
183 849 -1
183 1074 -1
183 1079 -1
183 1105 -1
183 1108 1
183 1109 1
183 1110 1
183 1111 1
183 1112 1
183 1113 1
183 1114 1
184 827 -1
184 1080 -1
184 1108 -1
184 1115 1
184 1116 1
184 1117 1
185 799 -1
185 828 -1
185 833 -1
185 854 -1
185 1081 -1
185 1086 -1
185 1115 -1
185 1118 1
185 1119 1
185 1120 1
185 1121 1
185 1122 1
185 1123 1
185 1124 1
186 834 -1
186 1087 -1
186 1118 -1
186 1125 1
186 1126 1
186 1127 1
187 808 -1
187 835 -1
187 840 -1
187 859 -1
187 1088 -1
187 1093 -1
187 1125 -1
187 1128 1
187 1129 1
187 1130 1
187 1131 1
187 1132 1
187 1133 1
187 1134 1
188 841 -1
188 1094 -1
188 1128 -1
188 1135 1
188 1136 1
188 1137 1
189 814 -1
189 842 -1
189 863 -1
189 1095 -1
189 1135 -1
189 1138 1
189 1139 1
189 1140 1
189 1141 1
190 822 -1
190 846 -1
190 850 -1
190 1101 -1
190 1106 -1
190 1109 -1
190 1142 1
190 1143 1
190 1144 1
191 829 -1
191 851 -1
191 855 -1
191 1110 -1
191 1116 -1
191 1119 -1
191 1145 1
191 1146 1
191 1147 1
192 836 -1
192 856 -1
192 860 -1
192 1120 -1
192 1126 -1
192 1129 -1
192 1148 1
192 1149 1
192 1150 1
193 843 -1
193 861 -1
193 864 -1
193 1130 -1
193 1136 -1
193 1138 -1
193 1151 1
193 1152 1
193 1153 1
194 582 -1
194 869 -1
194 892 -1
194 1154 1
194 1155 1
194 1156 1
194 1157 1
194 1158 1
194 1159 1
195 590 -1
195 870 -1
195 875 -1
195 901 -1
195 1154 -1
195 1160 1
195 1161 1
195 1162 1
195 1163 1
195 1164 1
195 1165 1
195 1166 1
195 1167 1
196 598 -1
196 876 -1
196 881 -1
196 911 -1
196 1160 -1
196 1168 1
196 1169 1
196 1170 1
196 1171 1
196 1172 1
196 1173 1
196 1174 1
196 1175 1
197 606 -1
197 882 -1
197 887 -1
197 921 -1
197 1168 -1
197 1176 1
197 1177 1
197 1178 1
197 1179 1
197 1180 1
197 1181 1
197 1182 1
197 1183 1
198 611 -1
198 888 -1
198 929 -1
198 1176 -1
198 1184 1
198 1185 1
198 1186 1
198 1187 1
198 1188 1
199 871 -1
199 893 -1
199 897 -1
199 902 -1
199 935 -1
199 1155 -1
199 1161 -1
199 1189 1
199 1190 1
199 1191 1
199 1192 1
199 1193 1
199 1194 1
199 1195 1
200 877 -1
200 903 -1
200 907 -1
200 912 -1
200 942 -1
200 1162 -1
200 1169 -1
200 1196 1
200 1197 1
200 1198 1
200 1199 1
200 1200 1
200 1201 1
200 1202 1
201 883 -1
201 913 -1
201 917 -1
201 922 -1
201 949 -1
201 1170 -1
201 1177 -1
201 1203 1
201 1204 1
201 1205 1
201 1206 1
201 1207 1
201 1208 1
201 1209 1
202 889 -1
202 923 -1
202 927 -1
202 930 -1
202 956 -1
202 1178 -1
202 1184 -1
202 1210 1
202 1211 1
202 1212 1
202 1213 1
202 1214 1
202 1215 1
202 1216 1
203 646 -1
203 894 -1
203 936 -1
203 962 -1
203 1156 -1
203 1189 -1
203 1217 1
203 1218 1
203 1219 1
203 1220 1
203 1221 1
203 1222 1
203 1223 1
204 655 -1
204 904 -1
204 937 -1
204 943 -1
204 971 -1
204 1163 -1
204 1190 -1
204 1196 -1
204 1217 -1
204 1224 1
204 1225 1
204 1226 1
204 1227 1
204 1228 1
204 1229 1
204 1230 1
204 1231 1
204 1232 1
205 664 -1
205 914 -1
205 944 -1
205 950 -1
205 981 -1
205 1171 -1
205 1197 -1
205 1203 -1
205 1224 -1
205 1233 1
205 1234 1
205 1235 1
205 1236 1
205 1237 1
205 1238 1
205 1239 1
205 1240 1
205 1241 1
206 673 -1
206 924 -1
206 951 -1
206 957 -1
206 991 -1
206 1179 -1
206 1204 -1
206 1210 -1
206 1233 -1
206 1242 1
206 1243 1
206 1244 1
206 1245 1
206 1246 1
206 1247 1
206 1248 1
206 1249 1
206 1250 1
207 679 -1
207 931 -1
207 958 -1
207 999 -1
207 1185 -1
207 1211 -1
207 1242 -1
207 1251 1
207 1252 1
207 1253 1
207 1254 1
207 1255 1
207 1256 1
208 938 -1
208 963 -1
208 967 -1
208 972 -1
208 1005 -1
208 1218 -1
208 1225 -1
208 1257 1
208 1258 1
208 1259 1
208 1260 1
208 1261 1
208 1262 1
208 1263 1
209 945 -1
209 973 -1
209 977 -1
209 982 -1
209 1012 -1
209 1226 -1
209 1234 -1
209 1264 1
209 1265 1
209 1266 1
209 1267 1
209 1268 1
209 1269 1
209 1270 1
210 952 -1
210 983 -1
210 987 -1
210 992 -1
210 1019 -1
210 1235 -1
210 1243 -1
210 1271 1
210 1272 1
210 1273 1
210 1274 1
210 1275 1
210 1276 1
210 1277 1
211 959 -1
211 993 -1
211 997 -1
211 1000 -1
211 1026 -1
211 1244 -1
211 1251 -1
211 1278 1
211 1279 1
211 1280 1
211 1281 1
211 1282 1
211 1283 1
211 1284 1
212 714 -1
212 964 -1
212 1006 -1
212 1032 -1
212 1219 -1
212 1257 -1
212 1285 1
212 1286 1
212 1287 1
212 1288 1
212 1289 1
212 1290 1
212 1291 1
213 723 -1
213 974 -1
213 1007 -1
213 1013 -1
213 1041 -1
213 1227 -1
213 1258 -1
213 1264 -1
213 1285 -1
213 1292 1
213 1293 1
213 1294 1
213 1295 1
213 1296 1
213 1297 1
213 1298 1
213 1299 1
213 1300 1
214 732 -1
214 984 -1
214 1014 -1
214 1020 -1
214 1051 -1
214 1236 -1
214 1265 -1
214 1271 -1
214 1292 -1
214 1301 1
214 1302 1
214 1303 1
214 1304 1
214 1305 1
214 1306 1
214 1307 1
214 1308 1
214 1309 1
215 741 -1
215 994 -1
215 1021 -1
215 1027 -1
215 1061 -1
215 1245 -1
215 1272 -1
215 1278 -1
215 1301 -1
215 1310 1
215 1311 1
215 1312 1
215 1313 1
215 1314 1
215 1315 1
215 1316 1
215 1317 1
215 1318 1
216 747 -1
216 1001 -1
216 1028 -1
216 1069 -1
216 1252 -1
216 1279 -1
216 1310 -1
216 1319 1
216 1320 1
216 1321 1
216 1322 1
216 1323 1
216 1324 1
217 1008 -1
217 1033 -1
217 1037 -1
217 1042 -1
217 1075 -1
217 1286 -1
217 1293 -1
217 1325 1
217 1326 1
217 1327 1
217 1328 1
217 1329 1
217 1330 1
217 1331 1
218 1015 -1
218 1043 -1
218 1047 -1
218 1052 -1
218 1082 -1
218 1294 -1
218 1302 -1
218 1332 1
218 1333 1
218 1334 1
218 1335 1
218 1336 1
218 1337 1
218 1338 1
219 1022 -1
219 1053 -1
219 1057 -1
219 1062 -1
219 1089 -1
219 1303 -1
219 1311 -1
219 1339 1
219 1340 1
219 1341 1
219 1342 1
219 1343 1
219 1344 1
219 1345 1
220 1029 -1
220 1063 -1
220 1067 -1
220 1070 -1
220 1096 -1
220 1312 -1
220 1319 -1
220 1346 1
220 1347 1
220 1348 1
220 1349 1
220 1350 1
220 1351 1
220 1352 1
221 782 -1
221 1034 -1
221 1076 -1
221 1102 -1
221 1287 -1
221 1325 -1
221 1353 1
221 1354 1
221 1355 1
221 1356 1
221 1357 1
221 1358 1
221 1359 1
222 791 -1
222 1044 -1
222 1077 -1
222 1083 -1
222 1111 -1
222 1295 -1
222 1326 -1
222 1332 -1
222 1353 -1
222 1360 1
222 1361 1
222 1362 1
222 1363 1
222 1364 1
222 1365 1
222 1366 1
222 1367 1
222 1368 1
223 800 -1
223 1054 -1
223 1084 -1
223 1090 -1
223 1121 -1
223 1304 -1
223 1333 -1
223 1339 -1
223 1360 -1
223 1369 1
223 1370 1
223 1371 1
223 1372 1
223 1373 1
223 1374 1
223 1375 1
223 1376 1
223 1377 1
224 809 -1
224 1064 -1
224 1091 -1
224 1097 -1
224 1131 -1
224 1313 -1
224 1340 -1
224 1346 -1
224 1369 -1
224 1378 1
224 1379 1
224 1380 1
224 1381 1
224 1382 1
224 1383 1
224 1384 1
224 1385 1
224 1386 1
225 815 -1
225 1071 -1
225 1098 -1
225 1139 -1
225 1320 -1
225 1347 -1
225 1378 -1
225 1387 1
225 1388 1
225 1389 1
225 1390 1
225 1391 1
225 1392 1
226 1078 -1
226 1103 -1
226 1107 -1
226 1112 -1
226 1142 -1
226 1354 -1
226 1361 -1
226 1393 1
226 1394 1
226 1395 1
226 1396 1
226 1397 1
226 1398 1
226 1399 1
227 1085 -1
227 1113 -1
227 1117 -1
227 1122 -1
227 1145 -1
227 1362 -1
227 1370 -1
227 1400 1
227 1401 1
227 1402 1
227 1403 1
227 1404 1
227 1405 1
227 1406 1
228 1092 -1
228 1123 -1
228 1127 -1
228 1132 -1
228 1148 -1
228 1371 -1
228 1379 -1
228 1407 1
228 1408 1
228 1409 1
228 1410 1
228 1411 1
228 1412 1
228 1413 1
229 1099 -1
229 1133 -1
229 1137 -1
229 1140 -1
229 1151 -1
229 1380 -1
229 1387 -1
229 1414 1
229 1415 1
229 1416 1
229 1417 1
229 1418 1
229 1419 1
229 1420 1
230 847 -1
230 1104 -1
230 1143 -1
230 1355 -1
230 1393 -1
230 1421 1
230 1422 1
230 1423 1
230 1424 1
231 852 -1
231 1114 -1
231 1144 -1
231 1146 -1
231 1363 -1
231 1394 -1
231 1400 -1
231 1421 -1
231 1425 1
231 1426 1
231 1427 1
231 1428 1
231 1429 1
232 857 -1
232 1124 -1
232 1147 -1
232 1149 -1
232 1372 -1
232 1401 -1
232 1407 -1
232 1425 -1
232 1430 1
232 1431 1
232 1432 1
232 1433 1
232 1434 1
233 862 -1
233 1134 -1
233 1150 -1
233 1152 -1
233 1381 -1
233 1408 -1
233 1414 -1
233 1430 -1
233 1435 1
233 1436 1
233 1437 1
233 1438 1
233 1439 1
234 865 -1
234 1141 -1
234 1153 -1
234 1388 -1
234 1415 -1
234 1435 -1
234 1440 1
234 1441 1
234 1442 1
235 1157 -1
235 1164 -1
235 1191 -1
235 1443 1
235 1444 1
235 1445 1
235 1446 1
235 1447 1
235 1448 1
236 1165 -1
236 1172 -1
236 1198 -1
236 1449 1
236 1450 1
236 1451 1
236 1452 1
236 1453 1
236 1454 1
237 1173 -1
237 1180 -1
237 1205 -1
237 1455 1
237 1456 1
237 1457 1
237 1458 1
237 1459 1
237 1460 1
238 1181 -1
238 1186 -1
238 1212 -1
238 1461 1
238 1462 1
238 1463 1
238 1464 1
238 1465 1
238 1466 1
239 1158 -1
239 1192 -1
239 1220 -1
239 1443 -1
239 1467 1
239 1468 1
239 1469 1
239 1470 1
239 1471 1
240 1193 -1
240 1444 -1
240 1467 -1
240 1472 1
240 1473 1
240 1474 1
241 1166 -1
241 1194 -1
241 1199 -1
241 1228 -1
241 1445 -1
241 1449 -1
241 1472 -1
241 1475 1
241 1476 1
241 1477 1
241 1478 1
241 1479 1
241 1480 1
241 1481 1
242 1200 -1
242 1450 -1
242 1475 -1
242 1482 1
242 1483 1
242 1484 1
243 1174 -1
243 1201 -1
243 1206 -1
243 1237 -1
243 1451 -1
243 1455 -1
243 1482 -1
243 1485 1
243 1486 1
243 1487 1
243 1488 1
243 1489 1
243 1490 1
243 1491 1
244 1207 -1
244 1456 -1
244 1485 -1
244 1492 1
244 1493 1
244 1494 1
245 1182 -1
245 1208 -1
245 1213 -1
245 1246 -1
245 1457 -1
245 1461 -1
245 1492 -1
245 1495 1
245 1496 1
245 1497 1
245 1498 1
245 1499 1
245 1500 1
245 1501 1
246 1214 -1
246 1462 -1
246 1495 -1
246 1502 1
246 1503 1
246 1504 1
247 1187 -1
247 1215 -1
247 1253 -1
247 1463 -1
247 1502 -1
247 1505 1
247 1506 1
247 1507 1
247 1508 1
248 1195 -1
248 1221 -1
248 1229 -1
248 1259 -1
248 1468 -1
248 1473 -1
248 1476 -1
248 1509 1
248 1510 1
248 1511 1
248 1512 1
248 1513 1
248 1514 1
248 1515 1
249 1202 -1
249 1230 -1
249 1238 -1
249 1266 -1
249 1477 -1
249 1483 -1
249 1486 -1
249 1516 1
249 1517 1
249 1518 1
249 1519 1
249 1520 1
249 1521 1
249 1522 1
250 1209 -1
250 1239 -1
250 1247 -1
250 1273 -1
250 1487 -1
250 1493 -1
250 1496 -1
250 1523 1
250 1524 1
250 1525 1
250 1526 1
250 1527 1
250 1528 1
250 1529 1
251 1216 -1
251 1248 -1
251 1254 -1
251 1280 -1
251 1497 -1
251 1503 -1
251 1505 -1
251 1530 1
251 1531 1
251 1532 1
251 1533 1
251 1534 1
251 1535 1
251 1536 1
252 1222 -1
252 1260 -1
252 1288 -1
252 1509 -1
252 1537 1
252 1538 1
252 1539 1
252 1540 1
252 1541 1
253 1261 -1
253 1510 -1
253 1537 -1
253 1542 1
253 1543 1
253 1544 1
254 1231 -1
254 1262 -1
254 1267 -1
254 1296 -1
254 1511 -1
254 1516 -1
254 1542 -1
254 1545 1
254 1546 1
254 1547 1
254 1548 1
254 1549 1
254 1550 1
254 1551 1
255 1268 -1
255 1517 -1
255 1545 -1
255 1552 1
255 1553 1
255 1554 1
256 1240 -1
256 1269 -1
256 1274 -1
256 1305 -1
256 1518 -1
256 1523 -1
256 1552 -1
256 1555 1
256 1556 1
256 1557 1
256 1558 1
256 1559 1
256 1560 1
256 1561 1
257 1275 -1
257 1524 -1
257 1555 -1
257 1562 1
257 1563 1
257 1564 1
258 1249 -1
258 1276 -1
258 1281 -1
258 1314 -1
258 1525 -1
258 1530 -1
258 1562 -1
258 1565 1
258 1566 1
258 1567 1
258 1568 1
258 1569 1
258 1570 1
258 1571 1
259 1282 -1
259 1531 -1
259 1565 -1
259 1572 1
259 1573 1
259 1574 1
260 1255 -1
260 1283 -1
260 1321 -1
260 1532 -1
260 1572 -1
260 1575 1
260 1576 1
260 1577 1
260 1578 1
261 1263 -1
261 1289 -1
261 1297 -1
261 1327 -1
261 1538 -1
261 1543 -1
261 1546 -1
261 1579 1
261 1580 1
261 1581 1
261 1582 1
261 1583 1
261 1584 1
261 1585 1
262 1270 -1
262 1298 -1
262 1306 -1
262 1334 -1
262 1547 -1
262 1553 -1
262 1556 -1
262 1586 1
262 1587 1
262 1588 1
262 1589 1
262 1590 1
262 1591 1
262 1592 1
263 1277 -1
263 1307 -1
263 1315 -1
263 1341 -1
263 1557 -1
263 1563 -1
263 1566 -1
263 1593 1
263 1594 1
263 1595 1
263 1596 1
263 1597 1
263 1598 1
263 1599 1
264 1284 -1
264 1316 -1
264 1322 -1
264 1348 -1
264 1567 -1
264 1573 -1
264 1575 -1
264 1600 1
264 1601 1
264 1602 1
264 1603 1
264 1604 1
264 1605 1
264 1606 1
265 1290 -1
265 1328 -1
265 1356 -1
265 1579 -1
265 1607 1
265 1608 1
265 1609 1
265 1610 1
265 1611 1
266 1329 -1
266 1580 -1
266 1607 -1
266 1612 1
266 1613 1
266 1614 1
267 1299 -1
267 1330 -1
267 1335 -1
267 1364 -1
267 1581 -1
267 1586 -1
267 1612 -1
267 1615 1
267 1616 1
267 1617 1
267 1618 1
267 1619 1
267 1620 1
267 1621 1
268 1336 -1
268 1587 -1
268 1615 -1
268 1622 1
268 1623 1
268 1624 1
269 1308 -1
269 1337 -1
269 1342 -1
269 1373 -1
269 1588 -1
269 1593 -1
269 1622 -1
269 1625 1
269 1626 1
269 1627 1
269 1628 1
269 1629 1
269 1630 1
269 1631 1
270 1343 -1
270 1594 -1
270 1625 -1
270 1632 1
270 1633 1
270 1634 1
271 1317 -1
271 1344 -1
271 1349 -1
271 1382 -1
271 1595 -1
271 1600 -1
271 1632 -1
271 1635 1
271 1636 1
271 1637 1
271 1638 1
271 1639 1
271 1640 1
271 1641 1
272 1350 -1
272 1601 -1
272 1635 -1
272 1642 1
272 1643 1
272 1644 1
273 1323 -1
273 1351 -1
273 1389 -1
273 1602 -1
273 1642 -1
273 1645 1
273 1646 1
273 1647 1
273 1648 1
274 1331 -1
274 1357 -1
274 1365 -1
274 1395 -1
274 1608 -1
274 1613 -1
274 1616 -1
274 1649 1
274 1650 1
274 1651 1
274 1652 1
274 1653 1
274 1654 1
274 1655 1
275 1338 -1
275 1366 -1
275 1374 -1
275 1402 -1
275 1617 -1
275 1623 -1
275 1626 -1
275 1656 1
275 1657 1
275 1658 1
275 1659 1
275 1660 1
275 1661 1
275 1662 1
276 1345 -1
276 1375 -1
276 1383 -1
276 1409 -1
276 1627 -1
276 1633 -1
276 1636 -1
276 1663 1
276 1664 1
276 1665 1
276 1666 1
276 1667 1
276 1668 1
276 1669 1
277 1352 -1
277 1384 -1
277 1390 -1
277 1416 -1
277 1637 -1
277 1643 -1
277 1645 -1
277 1670 1
277 1671 1
277 1672 1
277 1673 1
277 1674 1
277 1675 1
277 1676 1
278 1358 -1
278 1396 -1
278 1422 -1
278 1649 -1
278 1677 1
278 1678 1
278 1679 1
278 1680 1
278 1681 1
279 1397 -1
279 1650 -1
279 1677 -1
279 1682 1
279 1683 1
279 1684 1
280 1367 -1
280 1398 -1
280 1403 -1
280 1426 -1
280 1651 -1
280 1656 -1
280 1682 -1
280 1685 1
280 1686 1
280 1687 1
280 1688 1
280 1689 1
280 1690 1
280 1691 1
281 1404 -1
281 1657 -1
281 1685 -1
281 1692 1
281 1693 1
281 1694 1
282 1376 -1
282 1405 -1
282 1410 -1
282 1431 -1
282 1658 -1
282 1663 -1
282 1692 -1
282 1695 1
282 1696 1
282 1697 1
282 1698 1
282 1699 1
282 1700 1
282 1701 1
283 1411 -1
283 1664 -1
283 1695 -1
283 1702 1
283 1703 1
283 1704 1
284 1385 -1
284 1412 -1
284 1417 -1
284 1436 -1
284 1665 -1
284 1670 -1
284 1702 -1
284 1705 1
284 1706 1
284 1707 1
284 1708 1
284 1709 1
284 1710 1
284 1711 1
285 1418 -1
285 1671 -1
285 1705 -1
285 1712 1
285 1713 1
285 1714 1
286 1391 -1
286 1419 -1
286 1440 -1
286 1672 -1
286 1712 -1
286 1715 1
286 1716 1
286 1717 1
286 1718 1
287 1399 -1
287 1423 -1
287 1427 -1
287 1678 -1
287 1683 -1
287 1686 -1
287 1719 1
287 1720 1
287 1721 1
288 1406 -1
288 1428 -1
288 1432 -1
288 1687 -1
288 1693 -1
288 1696 -1
288 1722 1
288 1723 1
288 1724 1
289 1413 -1
289 1433 -1
289 1437 -1
289 1697 -1
289 1703 -1
289 1706 -1
289 1725 1
289 1726 1
289 1727 1
290 1420 -1
290 1438 -1
290 1441 -1
290 1707 -1
290 1713 -1
290 1715 -1
290 1728 1
290 1729 1
290 1730 1
291 1159 -1
291 1446 -1
291 1469 -1
291 1731 1
291 1732 1
291 1733 1
291 1734 1
291 1735 1
291 1736 1
292 1167 -1
292 1447 -1
292 1452 -1
292 1478 -1
292 1731 -1
292 1737 1
292 1738 1
292 1739 1
292 1740 1
292 1741 1
292 1742 1
292 1743 1
292 1744 1
293 1175 -1
293 1453 -1
293 1458 -1
293 1488 -1
293 1737 -1
293 1745 1
293 1746 1
293 1747 1
293 1748 1
293 1749 1
293 1750 1
293 1751 1
293 1752 1
294 1183 -1
294 1459 -1
294 1464 -1
294 1498 -1
294 1745 -1
294 1753 1
294 1754 1
294 1755 1
294 1756 1
294 1757 1
294 1758 1
294 1759 1
294 1760 1
295 1188 -1
295 1465 -1
295 1506 -1
295 1753 -1
295 1761 1
295 1762 1
295 1763 1
295 1764 1
295 1765 1
296 1448 -1
296 1470 -1
296 1474 -1
296 1479 -1
296 1512 -1
296 1732 -1
296 1738 -1
296 1766 1
296 1767 1
296 1768 1
296 1769 1
296 1770 1
296 1771 1
296 1772 1
297 1454 -1
297 1480 -1
297 1484 -1
297 1489 -1
297 1519 -1
297 1739 -1
297 1746 -1
297 1773 1
297 1774 1
297 1775 1
297 1776 1
297 1777 1
297 1778 1
297 1779 1
298 1460 -1
298 1490 -1
298 1494 -1
298 1499 -1
298 1526 -1
298 1747 -1
298 1754 -1
298 1780 1
298 1781 1
298 1782 1
298 1783 1
298 1784 1
298 1785 1
298 1786 1
299 1466 -1
299 1500 -1
299 1504 -1
299 1507 -1
299 1533 -1
299 1755 -1
299 1761 -1
299 1787 1
299 1788 1
299 1789 1
299 1790 1
299 1791 1
299 1792 1
299 1793 1
300 1223 -1
300 1471 -1
300 1513 -1
300 1539 -1
300 1733 -1
300 1766 -1
300 1794 1
300 1795 1
300 1796 1
300 1797 1
300 1798 1
300 1799 1
300 1800 1
301 1232 -1
301 1481 -1
301 1514 -1
301 1520 -1
301 1548 -1
301 1740 -1
301 1767 -1
301 1773 -1
301 1794 -1
301 1801 1
301 1802 1
301 1803 1
301 1804 1
301 1805 1
301 1806 1
301 1807 1
301 1808 1
301 1809 1
302 1241 -1
302 1491 -1
302 1521 -1
302 1527 -1
302 1558 -1
302 1748 -1
302 1774 -1
302 1780 -1
302 1801 -1
302 1810 1
302 1811 1
302 1812 1
302 1813 1
302 1814 1
302 1815 1
302 1816 1
302 1817 1
302 1818 1
303 1250 -1
303 1501 -1
303 1528 -1
303 1534 -1
303 1568 -1
303 1756 -1
303 1781 -1
303 1787 -1
303 1810 -1
303 1819 1
303 1820 1
303 1821 1
303 1822 1
303 1823 1
303 1824 1
303 1825 1
303 1826 1
303 1827 1
304 1256 -1
304 1508 -1
304 1535 -1
304 1576 -1
304 1762 -1
304 1788 -1
304 1819 -1
304 1828 1
304 1829 1
304 1830 1
304 1831 1
304 1832 1
304 1833 1
305 1515 -1
305 1540 -1
305 1544 -1
305 1549 -1
305 1582 -1
305 1795 -1
305 1802 -1
305 1834 1
305 1835 1
305 1836 1
305 1837 1
305 1838 1
305 1839 1
305 1840 1
306 1522 -1
306 1550 -1
306 1554 -1
306 1559 -1
306 1589 -1
306 1803 -1
306 1811 -1
306 1841 1
306 1842 1
306 1843 1
306 1844 1
306 1845 1
306 1846 1
306 1847 1
307 1529 -1
307 1560 -1
307 1564 -1
307 1569 -1
307 1596 -1
307 1812 -1
307 1820 -1
307 1848 1
307 1849 1
307 1850 1
307 1851 1
307 1852 1
307 1853 1
307 1854 1
308 1536 -1
308 1570 -1
308 1574 -1
308 1577 -1
308 1603 -1
308 1821 -1
308 1828 -1
308 1855 1
308 1856 1
308 1857 1
308 1858 1
308 1859 1
308 1860 1
308 1861 1
309 1291 -1
309 1541 -1
309 1583 -1
309 1609 -1
309 1796 -1
309 1834 -1
309 1862 1
309 1863 1
309 1864 1
309 1865 1
309 1866 1
309 1867 1
309 1868 1
310 1300 -1
310 1551 -1
310 1584 -1
310 1590 -1
310 1618 -1
310 1804 -1
310 1835 -1
310 1841 -1
310 1862 -1
310 1869 1
310 1870 1
310 1871 1
310 1872 1
310 1873 1
310 1874 1
310 1875 1
310 1876 1
310 1877 1
311 1309 -1
311 1561 -1
311 1591 -1
311 1597 -1
311 1628 -1
311 1813 -1
311 1842 -1
311 1848 -1
311 1869 -1
311 1878 1
311 1879 1
311 1880 1
311 1881 1
311 1882 1
311 1883 1
311 1884 1
311 1885 1
311 1886 1
312 1318 -1
312 1571 -1
312 1598 -1
312 1604 -1
312 1638 -1
312 1822 -1
312 1849 -1
312 1855 -1
312 1878 -1
312 1887 1
312 1888 1
312 1889 1
312 1890 1
312 1891 1
312 1892 1
312 1893 1
312 1894 1
312 1895 1
313 1324 -1
313 1578 -1
313 1605 -1
313 1646 -1
313 1829 -1
313 1856 -1
313 1887 -1
313 1896 1
313 1897 1
313 1898 1
313 1899 1
313 1900 1
313 1901 1
314 1585 -1
314 1610 -1
314 1614 -1
314 1619 -1
314 1652 -1
314 1863 -1
314 1870 -1
314 1902 1
314 1903 1
314 1904 1
314 1905 1
314 1906 1
314 1907 1
314 1908 1
315 1592 -1
315 1620 -1
315 1624 -1
315 1629 -1
315 1659 -1
315 1871 -1
315 1879 -1
315 1909 1
315 1910 1
315 1911 1
315 1912 1
315 1913 1
315 1914 1
315 1915 1
316 1599 -1
316 1630 -1
316 1634 -1
316 1639 -1
316 1666 -1
316 1880 -1
316 1888 -1
316 1916 1
316 1917 1
316 1918 1
316 1919 1
316 1920 1
316 1921 1
316 1922 1
317 1606 -1
317 1640 -1
317 1644 -1
317 1647 -1
317 1673 -1
317 1889 -1
317 1896 -1
317 1923 1
317 1924 1
317 1925 1
317 1926 1
317 1927 1
317 1928 1
317 1929 1
318 1359 -1
318 1611 -1
318 1653 -1
318 1679 -1
318 1864 -1
318 1902 -1
318 1930 1
318 1931 1
318 1932 1
318 1933 1
318 1934 1
318 1935 1
318 1936 1
319 1368 -1
319 1621 -1
319 1654 -1
319 1660 -1
319 1688 -1
319 1872 -1
319 1903 -1
319 1909 -1
319 1930 -1
319 1937 1
319 1938 1
319 1939 1
319 1940 1
319 1941 1
319 1942 1
319 1943 1
319 1944 1
319 1945 1
320 1377 -1
320 1631 -1
320 1661 -1
320 1667 -1
320 1698 -1
320 1881 -1
320 1910 -1
320 1916 -1
320 1937 -1
320 1946 1
320 1947 1
320 1948 1
320 1949 1
320 1950 1
320 1951 1
320 1952 1
320 1953 1
320 1954 1
321 1386 -1
321 1641 -1
321 1668 -1
321 1674 -1
321 1708 -1
321 1890 -1
321 1917 -1
321 1923 -1
321 1946 -1
321 1955 1
321 1956 1
321 1957 1
321 1958 1
321 1959 1
321 1960 1
321 1961 1
321 1962 1
321 1963 1
322 1392 -1
322 1648 -1
322 1675 -1
322 1716 -1
322 1897 -1
322 1924 -1
322 1955 -1
322 1964 1
322 1965 1
322 1966 1
322 1967 1
322 1968 1
322 1969 1
323 1655 -1
323 1680 -1
323 1684 -1
323 1689 -1
323 1719 -1
323 1931 -1
323 1938 -1
323 1970 1
323 1971 1
323 1972 1
323 1973 1
323 1974 1
323 1975 1
323 1976 1
324 1662 -1
324 1690 -1
324 1694 -1
324 1699 -1
324 1722 -1
324 1939 -1
324 1947 -1
324 1977 1
324 1978 1
324 1979 1
324 1980 1
324 1981 1
324 1982 1
324 1983 1
325 1669 -1
325 1700 -1
325 1704 -1
325 1709 -1
325 1725 -1
325 1948 -1
325 1956 -1
325 1984 1
325 1985 1
325 1986 1
325 1987 1
325 1988 1
325 1989 1
325 1990 1
326 1676 -1
326 1710 -1
326 1714 -1
326 1717 -1
326 1728 -1
326 1957 -1
326 1964 -1
326 1991 1
326 1992 1
326 1993 1
326 1994 1
326 1995 1
326 1996 1
326 1997 1
327 1424 -1
327 1681 -1
327 1720 -1
327 1932 -1
327 1970 -1
327 1998 1
327 1999 1
327 2000 1
327 2001 1
328 1429 -1
328 1691 -1
328 1721 -1
328 1723 -1
328 1940 -1
328 1971 -1
328 1977 -1
328 1998 -1
328 2002 1
328 2003 1
328 2004 1
328 2005 1
328 2006 1
329 1434 -1
329 1701 -1
329 1724 -1
329 1726 -1
329 1949 -1
329 1978 -1
329 1984 -1
329 2002 -1
329 2007 1
329 2008 1
329 2009 1
329 2010 1
329 2011 1
330 1439 -1
330 1711 -1
330 1727 -1
330 1729 -1
330 1958 -1
330 1985 -1
330 1991 -1
330 2007 -1
330 2012 1
330 2013 1
330 2014 1
330 2015 1
330 2016 1
331 1442 -1
331 1718 -1
331 1730 -1
331 1965 -1
331 1992 -1
331 2012 -1
331 2017 1
331 2018 1
331 2019 1
332 1734 -1
332 1741 -1
332 1768 -1
332 2020 1
332 2021 1
332 2022 1
332 2023 1
332 2024 1
332 2025 1
333 1742 -1
333 1749 -1
333 1775 -1
333 2026 1
333 2027 1
333 2028 1
333 2029 1
333 2030 1
333 2031 1
334 1750 -1
334 1757 -1
334 1782 -1
334 2032 1
334 2033 1
334 2034 1
334 2035 1
334 2036 1
334 2037 1
335 1758 -1
335 1763 -1
335 1789 -1
335 2038 1
335 2039 1
335 2040 1
335 2041 1
335 2042 1
335 2043 1
336 1735 -1
336 1769 -1
336 1797 -1
336 2020 -1
336 2044 1
336 2045 1
336 2046 1
336 2047 1
336 2048 1
337 1770 -1
337 2021 -1
337 2044 -1
337 2049 1
337 2050 1
337 2051 1
338 1743 -1
338 1771 -1
338 1776 -1
338 1805 -1
338 2022 -1
338 2026 -1
338 2049 -1
338 2052 1
338 2053 1
338 2054 1
338 2055 1
338 2056 1
338 2057 1
338 2058 1
339 1777 -1
339 2027 -1
339 2052 -1
339 2059 1
339 2060 1
339 2061 1
340 1751 -1
340 1778 -1
340 1783 -1
340 1814 -1
340 2028 -1
340 2032 -1
340 2059 -1
340 2062 1
340 2063 1
340 2064 1
340 2065 1
340 2066 1
340 2067 1
340 2068 1
341 1784 -1
341 2033 -1
341 2062 -1
341 2069 1
341 2070 1
341 2071 1
342 1759 -1
342 1785 -1
342 1790 -1
342 1823 -1
342 2034 -1
342 2038 -1
342 2069 -1
342 2072 1
342 2073 1
342 2074 1
342 2075 1
342 2076 1
342 2077 1
342 2078 1
343 1791 -1
343 2039 -1
343 2072 -1
343 2079 1
343 2080 1
343 2081 1
344 1764 -1
344 1792 -1
344 1830 -1
344 2040 -1
344 2079 -1
344 2082 1
344 2083 1
344 2084 1
344 2085 1
345 1772 -1
345 1798 -1
345 1806 -1
345 1836 -1
345 2045 -1
345 2050 -1
345 2053 -1
345 2086 1
345 2087 1
345 2088 1
345 2089 1
345 2090 1
345 2091 1
345 2092 1
346 1779 -1
346 1807 -1
346 1815 -1
346 1843 -1
346 2054 -1
346 2060 -1
346 2063 -1
346 2093 1
346 2094 1
346 2095 1
346 2096 1
346 2097 1
346 2098 1
346 2099 1
347 1786 -1
347 1816 -1
347 1824 -1
347 1850 -1
347 2064 -1
347 2070 -1
347 2073 -1
347 2100 1
347 2101 1
347 2102 1
347 2103 1
347 2104 1
347 2105 1
347 2106 1
348 1793 -1
348 1825 -1
348 1831 -1
348 1857 -1
348 2074 -1
348 2080 -1
348 2082 -1
348 2107 1
348 2108 1
348 2109 1
348 2110 1
348 2111 1
348 2112 1
348 2113 1
349 1799 -1
349 1837 -1
349 1865 -1
349 2086 -1
349 2114 1
349 2115 1
349 2116 1
349 2117 1
349 2118 1
350 1838 -1
350 2087 -1
350 2114 -1
350 2119 1
350 2120 1
350 2121 1
351 1808 -1
351 1839 -1
351 1844 -1
351 1873 -1
351 2088 -1
351 2093 -1
351 2119 -1
351 2122 1
351 2123 1
351 2124 1
351 2125 1
351 2126 1
351 2127 1
351 2128 1
352 1845 -1
352 2094 -1
352 2122 -1
352 2129 1
352 2130 1
352 2131 1
353 1817 -1
353 1846 -1
353 1851 -1
353 1882 -1
353 2095 -1
353 2100 -1
353 2129 -1
353 2132 1
353 2133 1
353 2134 1
353 2135 1
353 2136 1
353 2137 1
353 2138 1
354 1852 -1
354 2101 -1
354 2132 -1
354 2139 1
354 2140 1
354 2141 1
355 1826 -1
355 1853 -1
355 1858 -1
355 1891 -1
355 2102 -1
355 2107 -1
355 2139 -1
355 2142 1
355 2143 1
355 2144 1
355 2145 1
355 2146 1
355 2147 1
355 2148 1
356 1859 -1
356 2108 -1
356 2142 -1
356 2149 1
356 2150 1
356 2151 1
357 1832 -1
357 1860 -1
357 1898 -1
357 2109 -1
357 2149 -1
357 2152 1
357 2153 1
357 2154 1
357 2155 1
358 1840 -1
358 1866 -1
358 1874 -1
358 1904 -1
358 2115 -1
358 2120 -1
358 2123 -1
358 2156 1
358 2157 1
358 2158 1
358 2159 1
358 2160 1
358 2161 1
358 2162 1
359 1847 -1
359 1875 -1
359 1883 -1
359 1911 -1
359 2124 -1
359 2130 -1
359 2133 -1
359 2163 1
359 2164 1
359 2165 1
359 2166 1
359 2167 1
359 2168 1
359 2169 1
360 1854 -1
360 1884 -1
360 1892 -1
360 1918 -1
360 2134 -1
360 2140 -1
360 2143 -1
360 2170 1
360 2171 1
360 2172 1
360 2173 1
360 2174 1
360 2175 1
360 2176 1
361 1861 -1
361 1893 -1
361 1899 -1
361 1925 -1
361 2144 -1
361 2150 -1
361 2152 -1
361 2177 1
361 2178 1
361 2179 1
361 2180 1
361 2181 1
361 2182 1
361 2183 1
362 1867 -1
362 1905 -1
362 1933 -1
362 2156 -1
362 2184 1
362 2185 1
362 2186 1
362 2187 1
362 2188 1
363 1906 -1
363 2157 -1
363 2184 -1
363 2189 1
363 2190 1
363 2191 1
364 1876 -1
364 1907 -1
364 1912 -1
364 1941 -1
364 2158 -1
364 2163 -1
364 2189 -1
364 2192 1
364 2193 1
364 2194 1
364 2195 1
364 2196 1
364 2197 1
364 2198 1
365 1913 -1
365 2164 -1
365 2192 -1
365 2199 1
365 2200 1
365 2201 1
366 1885 -1
366 1914 -1
366 1919 -1
366 1950 -1
366 2165 -1
366 2170 -1
366 2199 -1
366 2202 1
366 2203 1
366 2204 1
366 2205 1
366 2206 1
366 2207 1
366 2208 1
367 1920 -1
367 2171 -1
367 2202 -1
367 2209 1
367 2210 1
367 2211 1
368 1894 -1
368 1921 -1
368 1926 -1
368 1959 -1
368 2172 -1
368 2177 -1
368 2209 -1
368 2212 1
368 2213 1
368 2214 1
368 2215 1
368 2216 1
368 2217 1
368 2218 1
369 1927 -1
369 2178 -1
369 2212 -1
369 2219 1
369 2220 1
369 2221 1
370 1900 -1
370 1928 -1
370 1966 -1
370 2179 -1
370 2219 -1
370 2222 1
370 2223 1
370 2224 1
370 2225 1
371 1908 -1
371 1934 -1
371 1942 -1
371 1972 -1
371 2185 -1
371 2190 -1
371 2193 -1
371 2226 1
371 2227 1
371 2228 1
371 2229 1
371 2230 1
371 2231 1
371 2232 1
372 1915 -1
372 1943 -1
372 1951 -1
372 1979 -1
372 2194 -1
372 2200 -1
372 2203 -1
372 2233 1
372 2234 1
372 2235 1
372 2236 1
372 2237 1
372 2238 1
372 2239 1
373 1922 -1
373 1952 -1
373 1960 -1
373 1986 -1
373 2204 -1
373 2210 -1
373 2213 -1
373 2240 1
373 2241 1
373 2242 1
373 2243 1
373 2244 1
373 2245 1
373 2246 1
374 1929 -1
374 1961 -1
374 1967 -1
374 1993 -1
374 2214 -1
374 2220 -1
374 2222 -1
374 2247 1
374 2248 1
374 2249 1
374 2250 1
374 2251 1
374 2252 1
374 2253 1
375 1935 -1
375 1973 -1
375 1999 -1
375 2226 -1
375 2254 1
375 2255 1
375 2256 1
375 2257 1
375 2258 1
376 1974 -1
376 2227 -1
376 2254 -1
376 2259 1
376 2260 1
376 2261 1
377 1944 -1
377 1975 -1
377 1980 -1
377 2003 -1
377 2228 -1
377 2233 -1
377 2259 -1
377 2262 1
377 2263 1
377 2264 1
377 2265 1
377 2266 1
377 2267 1
377 2268 1
378 1981 -1
378 2234 -1
378 2262 -1
378 2269 1
378 2270 1
378 2271 1
379 1953 -1
379 1982 -1
379 1987 -1
379 2008 -1
379 2235 -1
379 2240 -1
379 2269 -1
379 2272 1
379 2273 1
379 2274 1
379 2275 1
379 2276 1
379 2277 1
379 2278 1
380 1988 -1
380 2241 -1
380 2272 -1
380 2279 1
380 2280 1
380 2281 1
381 1962 -1
381 1989 -1
381 1994 -1
381 2013 -1
381 2242 -1
381 2247 -1
381 2279 -1
381 2282 1
381 2283 1
381 2284 1
381 2285 1
381 2286 1
381 2287 1
381 2288 1
382 1995 -1
382 2248 -1
382 2282 -1
382 2289 1
382 2290 1
382 2291 1
383 1968 -1
383 1996 -1
383 2017 -1
383 2249 -1
383 2289 -1
383 2292 1
383 2293 1
383 2294 1
383 2295 1
384 1976 -1
384 2000 -1
384 2004 -1
384 2255 -1
384 2260 -1
384 2263 -1
384 2296 1
384 2297 1
384 2298 1
385 1983 -1
385 2005 -1
385 2009 -1
385 2264 -1
385 2270 -1
385 2273 -1
385 2299 1
385 2300 1
385 2301 1
386 1990 -1
386 2010 -1
386 2014 -1
386 2274 -1
386 2280 -1
386 2283 -1
386 2302 1
386 2303 1
386 2304 1
387 1997 -1
387 2015 -1
387 2018 -1
387 2284 -1
387 2290 -1
387 2292 -1
387 2305 1
387 2306 1
387 2307 1
388 1736 -1
388 2023 -1
388 2046 -1
388 2308 1
388 2309 1
388 2310 1
389 1744 -1
389 2024 -1
389 2029 -1
389 2055 -1
389 2308 -1
389 2311 1
389 2312 1
389 2313 1
389 2314 1
390 1752 -1
390 2030 -1
390 2035 -1
390 2065 -1
390 2311 -1
390 2315 1
390 2316 1
390 2317 1
390 2318 1
391 1760 -1
391 2036 -1
391 2041 -1
391 2075 -1
391 2315 -1
391 2319 1
391 2320 1
391 2321 1
391 2322 1
392 1765 -1
392 2042 -1
392 2083 -1
392 2319 -1
392 2323 1
392 2324 1
393 2025 -1
393 2047 -1
393 2051 -1
393 2056 -1
393 2089 -1
393 2309 -1
393 2312 -1
393 2325 1
393 2326 1
394 2031 -1
394 2057 -1
394 2061 -1
394 2066 -1
394 2096 -1
394 2313 -1
394 2316 -1
394 2327 1
394 2328 1
395 2037 -1
395 2067 -1
395 2071 -1
395 2076 -1
395 2103 -1
395 2317 -1
395 2320 -1
395 2329 1
395 2330 1
396 2043 -1
396 2077 -1
396 2081 -1
396 2084 -1
396 2110 -1
396 2321 -1
396 2323 -1
396 2331 1
396 2332 1
397 1800 -1
397 2048 -1
397 2090 -1
397 2116 -1
397 2310 -1
397 2325 -1
397 2333 1
397 2334 1
397 2335 1
398 1809 -1
398 2058 -1
398 2091 -1
398 2097 -1
398 2125 -1
398 2314 -1
398 2326 -1
398 2327 -1
398 2333 -1
398 2336 1
398 2337 1
398 2338 1
398 2339 1
399 1818 -1
399 2068 -1
399 2098 -1
399 2104 -1
399 2135 -1
399 2318 -1
399 2328 -1
399 2329 -1
399 2336 -1
399 2340 1
399 2341 1
399 2342 1
399 2343 1
400 1827 -1
400 2078 -1
400 2105 -1
400 2111 -1
400 2145 -1
400 2322 -1
400 2330 -1
400 2331 -1
400 2340 -1
400 2344 1
400 2345 1
400 2346 1
400 2347 1
401 1833 -1
401 2085 -1
401 2112 -1
401 2153 -1
401 2324 -1
401 2332 -1
401 2344 -1
401 2348 1
401 2349 1
402 2092 -1
402 2117 -1
402 2121 -1
402 2126 -1
402 2159 -1
402 2334 -1
402 2337 -1
402 2350 1
402 2351 1
403 2099 -1
403 2127 -1
403 2131 -1
403 2136 -1
403 2166 -1
403 2338 -1
403 2341 -1
403 2352 1
403 2353 1
404 2106 -1
404 2137 -1
404 2141 -1
404 2146 -1
404 2173 -1
404 2342 -1
404 2345 -1
404 2354 1
404 2355 1
405 2113 -1
405 2147 -1
405 2151 -1
405 2154 -1
405 2180 -1
405 2346 -1
405 2348 -1
405 2356 1
405 2357 1
406 1868 -1
406 2118 -1
406 2160 -1
406 2186 -1
406 2335 -1
406 2350 -1
406 2358 1
406 2359 1
406 2360 1
407 1877 -1
407 2128 -1
407 2161 -1
407 2167 -1
407 2195 -1
407 2339 -1
407 2351 -1
407 2352 -1
407 2358 -1
407 2361 1
407 2362 1
407 2363 1
407 2364 1
408 1886 -1
408 2138 -1
408 2168 -1
408 2174 -1
408 2205 -1
408 2343 -1
408 2353 -1
408 2354 -1
408 2361 -1
408 2365 1
408 2366 1
408 2367 1
408 2368 1
409 1895 -1
409 2148 -1
409 2175 -1
409 2181 -1
409 2215 -1
409 2347 -1
409 2355 -1
409 2356 -1
409 2365 -1
409 2369 1
409 2370 1
409 2371 1
409 2372 1
410 1901 -1
410 2155 -1
410 2182 -1
410 2223 -1
410 2349 -1
410 2357 -1
410 2369 -1
410 2373 1
410 2374 1
411 2162 -1
411 2187 -1
411 2191 -1
411 2196 -1
411 2229 -1
411 2359 -1
411 2362 -1
411 2375 1
411 2376 1
412 2169 -1
412 2197 -1
412 2201 -1
412 2206 -1
412 2236 -1
412 2363 -1
412 2366 -1
412 2377 1
412 2378 1
413 2176 -1
413 2207 -1
413 2211 -1
413 2216 -1
413 2243 -1
413 2367 -1
413 2370 -1
413 2379 1
413 2380 1
414 2183 -1
414 2217 -1
414 2221 -1
414 2224 -1
414 2250 -1
414 2371 -1
414 2373 -1
414 2381 1
414 2382 1
415 1936 -1
415 2188 -1
415 2230 -1
415 2256 -1
415 2360 -1
415 2375 -1
415 2383 1
415 2384 1
415 2385 1
416 1945 -1
416 2198 -1
416 2231 -1
416 2237 -1
416 2265 -1
416 2364 -1
416 2376 -1
416 2377 -1
416 2383 -1
416 2386 1
416 2387 1
416 2388 1
416 2389 1
417 1954 -1
417 2208 -1
417 2238 -1
417 2244 -1
417 2275 -1
417 2368 -1
417 2378 -1
417 2379 -1
417 2386 -1
417 2390 1
417 2391 1
417 2392 1
417 2393 1
418 1963 -1
418 2218 -1
418 2245 -1
418 2251 -1
418 2285 -1
418 2372 -1
418 2380 -1
418 2381 -1
418 2390 -1
418 2394 1
418 2395 1
418 2396 1
418 2397 1
419 1969 -1
419 2225 -1
419 2252 -1
419 2293 -1
419 2374 -1
419 2382 -1
419 2394 -1
419 2398 1
419 2399 1
420 2232 -1
420 2257 -1
420 2261 -1
420 2266 -1
420 2296 -1
420 2384 -1
420 2387 -1
420 2400 1
420 2401 1
421 2239 -1
421 2267 -1
421 2271 -1
421 2276 -1
421 2299 -1
421 2388 -1
421 2391 -1
421 2402 1
421 2403 1
422 2246 -1
422 2277 -1
422 2281 -1
422 2286 -1
422 2302 -1
422 2392 -1
422 2395 -1
422 2404 1
422 2405 1
423 2253 -1
423 2287 -1
423 2291 -1
423 2294 -1
423 2305 -1
423 2396 -1
423 2398 -1
423 2406 1
423 2407 1
424 2001 -1
424 2258 -1
424 2297 -1
424 2385 -1
424 2400 -1
424 2408 1
425 2006 -1
425 2268 -1
425 2298 -1
425 2300 -1
425 2389 -1
425 2401 -1
425 2402 -1
425 2408 -1
425 2409 1
426 2011 -1
426 2278 -1
426 2301 -1
426 2303 -1
426 2393 -1
426 2403 -1
426 2404 -1
426 2409 -1
426 2410 1
427 2016 -1
427 2288 -1
427 2304 -1
427 2306 -1
427 2397 -1
427 2405 -1
427 2406 -1
427 2410 -1
427 2411 1
428 2019 -1
428 2295 -1
428 2307 -1
428 2399 -1
428 2407 -1
428 2411 -1
