0 0 1
1 0 1
2 1 -1
3 0 -1
3 2 1
4 1 1
4 2 -1
5 1 -1
6 2 1
6 3 -1
7 3 1
8 3 -1
9 4 -1
10 4 1
11 5 1
12 0 1
12 6 -1
13 5 -1
13 6 1
14 7 -1
15 4 -1
15 8 1
16 7 1
16 8 -1
17 5 1
17 7 -1
18 6 -1
18 9 1
19 9 -1
20 8 1
20 10 -1
21 10 1
22 9 1
22 10 -1
23 11 -1
24 11 1
25 12 1
26 4 1
26 13 -1
27 12 -1
27 13 1
28 14 -1
29 11 -1
29 15 1
30 14 1
30 15 -1
31 12 1
31 14 -1
32 13 -1
32 16 1
33 16 -1
34 15 1
34 17 -1
35 17 1
36 16 1
36 17 -1
37 18 -1
38 18 1
39 19 1
40 11 1
40 20 -1
41 19 -1
41 20 1
42 21 -1
43 18 -1
43 22 1
44 21 1
44 22 -1
45 19 1
45 21 -1
46 20 -1
46 23 1
47 23 -1
48 22 1
48 24 -1
49 24 1
50 23 1
50 24 -1
51 25 1
52 18 1
52 26 -1
53 25 -1
53 26 1
54 25 1
55 26 -1
55 27 1
56 27 -1
57 27 1
58 28 1
59 1 1
59 29 -1
60 28 -1
60 29 1
61 5 -1
61 30 1
62 28 1
62 30 -1
63 2 -1
63 31 1
64 31 -1
64 32 1
65 6 1
65 32 -1
66 31 1
66 33 -1
67 29 -1
67 33 1
68 32 1
68 34 -1
69 33 -1
69 34 1
70 30 1
70 34 -1
71 35 1
72 7 1
72 36 -1
73 35 -1
73 36 1
74 12 -1
74 37 1
75 35 1
75 37 -1
76 8 -1
76 38 1
77 38 -1
77 39 1
78 13 1
78 39 -1
79 38 1
79 40 -1
80 36 -1
80 40 1
81 39 1
81 41 -1
82 40 -1
82 41 1
83 37 1
83 41 -1
84 42 1
85 14 1
85 43 -1
86 42 -1
86 43 1
87 19 -1
87 44 1
88 42 1
88 44 -1
89 15 -1
89 45 1
90 45 -1
90 46 1
91 20 1
91 46 -1
92 45 1
92 47 -1
93 43 -1
93 47 1
94 46 1
94 48 -1
95 47 -1
95 48 1
96 44 1
96 48 -1
97 49 1
98 21 1
98 50 -1
99 49 -1
99 50 1
100 25 -1
100 51 1
101 49 1
101 51 -1
102 22 -1
102 52 1
103 52 -1
103 53 1
104 26 1
104 53 -1
105 52 1
105 54 -1
106 50 -1
106 54 1
107 53 1
107 55 -1
108 54 -1
108 55 1
109 51 1
109 55 -1
110 56 -1
111 28 -1
111 56 1
112 57 -1
113 56 -1
113 58 1
114 57 1
114 58 -1
115 57 -1
116 29 1
116 59 -1
117 59 1
118 58 1
118 60 -1
119 59 -1
119 60 1
120 60 -1
121 61 -1
122 35 -1
122 61 1
123 62 1
124 56 1
124 63 -1
125 62 -1
125 63 1
126 64 -1
127 61 -1
127 65 1
128 64 1
128 65 -1
129 62 1
129 64 -1
130 30 -1
130 66 1
131 36 1
131 67 -1
132 66 -1
132 67 1
133 63 -1
133 68 1
134 66 1
134 68 -1
135 65 1
135 69 -1
136 67 -1
136 69 1
137 68 1
137 69 -1
138 70 -1
139 42 -1
139 70 1
140 71 1
141 61 1
141 72 -1
142 71 -1
142 72 1
143 73 -1
144 70 -1
144 74 1
145 73 1
145 74 -1
146 71 1
146 73 -1
147 37 -1
147 75 1
148 43 1
148 76 -1
149 75 -1
149 76 1
150 72 -1
150 77 1
151 75 1
151 77 -1
152 74 1
152 78 -1
153 76 -1
153 78 1
154 77 1
154 78 -1
155 79 -1
156 49 -1
156 79 1
157 80 1
158 70 1
158 81 -1
159 80 -1
159 81 1
160 82 -1
161 79 -1
161 83 1
162 82 1
162 83 -1
163 80 1
163 82 -1
164 44 -1
164 84 1
165 50 1
165 85 -1
166 84 -1
166 85 1
167 81 -1
167 86 1
168 84 1
168 86 -1
169 83 1
169 87 -1
170 85 -1
170 87 1
171 86 1
171 87 -1
172 88 1
173 79 1
173 89 -1
174 88 -1
174 89 1
175 88 1
176 51 -1
176 90 1
177 90 -1
178 89 -1
178 91 1
179 90 1
179 91 -1
180 91 1
181 92 1
182 57 1
182 93 -1
183 92 -1
183 93 1
184 62 -1
184 94 1
185 92 1
185 94 -1
186 58 -1
186 95 1
187 95 -1
187 96 1
188 63 1
188 96 -1
189 95 1
189 97 -1
190 93 -1
190 97 1
191 96 1
191 98 -1
192 97 -1
192 98 1
193 94 1
193 98 -1
194 99 1
195 64 1
195 100 -1
196 99 -1
196 100 1
197 71 -1
197 101 1
198 99 1
198 101 -1
199 65 -1
199 102 1
200 102 -1
200 103 1
201 72 1
201 103 -1
202 102 1
202 104 -1
203 100 -1
203 104 1
204 103 1
204 105 -1
205 104 -1
205 105 1
206 101 1
206 105 -1
207 106 1
208 73 1
208 107 -1
209 106 -1
209 107 1
210 80 -1
210 108 1
211 106 1
211 108 -1
212 74 -1
212 109 1
213 109 -1
213 110 1
214 81 1
214 110 -1
215 109 1
215 111 -1
216 107 -1
216 111 1
217 110 1
217 112 -1
218 111 -1
218 112 1
219 108 1
219 112 -1
220 113 1
221 82 1
221 114 -1
222 113 -1
222 114 1
223 88 -1
223 115 1
224 113 1
224 115 -1
225 83 -1
225 116 1
226 116 -1
226 117 1
227 89 1
227 117 -1
228 116 1
228 118 -1
229 114 -1
229 118 1
230 117 1
230 119 -1
231 118 -1
231 119 1
232 115 1
232 119 -1
233 120 -1
234 92 -1
234 120 1
235 121 -1
236 120 -1
236 122 1
237 121 1
237 122 -1
238 121 -1
239 93 1
239 123 -1
240 123 1
241 122 1
241 124 -1
242 123 -1
242 124 1
243 124 -1
244 125 -1
245 99 -1
245 125 1
246 126 1
247 120 1
247 127 -1
248 126 -1
248 127 1
249 128 -1
250 125 -1
250 129 1
251 128 1
251 129 -1
252 126 1
252 128 -1
253 94 -1
253 130 1
254 100 1
254 131 -1
255 130 -1
255 131 1
256 127 -1
256 132 1
257 130 1
257 132 -1
258 129 1
258 133 -1
259 131 -1
259 133 1
260 132 1
260 133 -1
261 134 -1
262 106 -1
262 134 1
263 135 1
264 125 1
264 136 -1
265 135 -1
265 136 1
266 137 -1
267 134 -1
267 138 1
268 137 1
268 138 -1
269 135 1
269 137 -1
270 101 -1
270 139 1
271 107 1
271 140 -1
272 139 -1
272 140 1
273 136 -1
273 141 1
274 139 1
274 141 -1
275 138 1
275 142 -1
276 140 -1
276 142 1
277 141 1
277 142 -1
278 143 -1
279 113 -1
279 143 1
280 144 1
281 134 1
281 145 -1
282 144 -1
282 145 1
283 146 -1
284 143 -1
284 147 1
285 146 1
285 147 -1
286 144 1
286 146 -1
287 108 -1
287 148 1
288 114 1
288 149 -1
289 148 -1
289 149 1
290 145 -1
290 150 1
291 148 1
291 150 -1
292 147 1
292 151 -1
293 149 -1
293 151 1
294 150 1
294 151 -1
295 152 1
296 143 1
296 153 -1
297 152 -1
297 153 1
298 152 1
299 115 -1
299 154 1
300 154 -1
301 153 -1
301 155 1
302 154 1
302 155 -1
303 155 1
304 156 1
305 121 1
305 157 -1
306 156 -1
306 157 1
307 126 -1
307 158 1
308 156 1
308 158 -1
309 122 -1
309 159 1
310 159 -1
310 160 1
311 127 1
311 160 -1
312 159 1
312 161 -1
313 157 -1
313 161 1
314 160 1
314 162 -1
315 161 -1
315 162 1
316 158 1
316 162 -1
317 163 1
318 128 1
318 164 -1
319 163 -1
319 164 1
320 135 -1
320 165 1
321 163 1
321 165 -1
322 129 -1
322 166 1
323 166 -1
323 167 1
324 136 1
324 167 -1
325 166 1
325 168 -1
326 164 -1
326 168 1
327 167 1
327 169 -1
328 168 -1
328 169 1
329 165 1
329 169 -1
330 170 1
331 137 1
331 171 -1
332 170 -1
332 171 1
333 144 -1
333 172 1
334 170 1
334 172 -1
335 138 -1
335 173 1
336 173 -1
336 174 1
337 145 1
337 174 -1
338 173 1
338 175 -1
339 171 -1
339 175 1
340 174 1
340 176 -1
341 175 -1
341 176 1
342 172 1
342 176 -1
343 177 1
344 146 1
344 178 -1
345 177 -1
345 178 1
346 152 -1
346 179 1
347 177 1
347 179 -1
348 147 -1
348 180 1
349 180 -1
349 181 1
350 153 1
350 181 -1
351 180 1
351 182 -1
352 178 -1
352 182 1
353 181 1
353 183 -1
354 182 -1
354 183 1
355 179 1
355 183 -1
356 184 -1
357 156 -1
357 184 1
358 185 -1
359 184 -1
359 186 1
360 185 1
360 186 -1
361 185 -1
362 157 1
362 187 -1
363 187 1
364 186 1
364 188 -1
365 187 -1
365 188 1
366 188 -1
367 189 -1
368 163 -1
368 189 1
369 190 1
370 184 1
370 191 -1
371 190 -1
371 191 1
372 192 -1
373 189 -1
373 193 1
374 192 1
374 193 -1
375 190 1
375 192 -1
376 158 -1
376 194 1
377 164 1
377 195 -1
378 194 -1
378 195 1
379 191 -1
379 196 1
380 194 1
380 196 -1
381 193 1
381 197 -1
382 195 -1
382 197 1
383 196 1
383 197 -1
384 198 -1
385 170 -1
385 198 1
386 199 1
387 189 1
387 200 -1
388 199 -1
388 200 1
389 201 -1
390 198 -1
390 202 1
391 201 1
391 202 -1
392 199 1
392 201 -1
393 165 -1
393 203 1
394 171 1
394 204 -1
395 203 -1
395 204 1
396 200 -1
396 205 1
397 203 1
397 205 -1
398 202 1
398 206 -1
399 204 -1
399 206 1
400 205 1
400 206 -1
401 207 -1
402 177 -1
402 207 1
403 208 1
404 198 1
404 209 -1
405 208 -1
405 209 1
406 210 -1
407 207 -1
407 211 1
408 210 1
408 211 -1
409 208 1
409 210 -1
410 172 -1
410 212 1
411 178 1
411 213 -1
412 212 -1
412 213 1
413 209 -1
413 214 1
414 212 1
414 214 -1
415 211 1
415 215 -1
416 213 -1
416 215 1
417 214 1
417 215 -1
418 216 1
419 207 1
419 217 -1
420 216 -1
420 217 1
421 216 1
422 179 -1
422 218 1
423 218 -1
424 217 -1
424 219 1
425 218 1
425 219 -1
426 219 1
427 220 1
428 185 1
428 221 -1
429 220 -1
429 221 1
430 190 -1
430 222 1
431 220 1
431 222 -1
432 186 -1
432 223 1
433 223 -1
433 224 1
434 191 1
434 224 -1
435 223 1
435 225 -1
436 221 -1
436 225 1
437 224 1
437 226 -1
438 225 -1
438 226 1
439 222 1
439 226 -1
440 227 1
441 192 1
441 228 -1
442 227 -1
442 228 1
443 199 -1
443 229 1
444 227 1
444 229 -1
445 193 -1
445 230 1
446 230 -1
446 231 1
447 200 1
447 231 -1
448 230 1
448 232 -1
449 228 -1
449 232 1
450 231 1
450 233 -1
451 232 -1
451 233 1
452 229 1
452 233 -1
453 234 1
454 201 1
454 235 -1
455 234 -1
455 235 1
456 208 -1
456 236 1
457 234 1
457 236 -1
458 202 -1
458 237 1
459 237 -1
459 238 1
460 209 1
460 238 -1
461 237 1
461 239 -1
462 235 -1
462 239 1
463 238 1
463 240 -1
464 239 -1
464 240 1
465 236 1
465 240 -1
466 241 1
467 210 1
467 242 -1
468 241 -1
468 242 1
469 216 -1
469 243 1
470 241 1
470 243 -1
471 211 -1
471 244 1
472 244 -1
472 245 1
473 217 1
473 245 -1
474 244 1
474 246 -1
475 242 -1
475 246 1
476 245 1
476 247 -1
477 246 -1
477 247 1
478 243 1
478 247 -1
479 220 -1
480 221 1
480 248 -1
481 248 1
482 248 -1
483 227 -1
484 222 -1
484 249 1
485 228 1
485 250 -1
486 249 -1
486 250 1
487 249 1
488 250 -1
489 234 -1
490 229 -1
490 251 1
491 235 1
491 252 -1
492 251 -1
492 252 1
493 251 1
494 252 -1
495 241 -1
496 236 -1
496 253 1
497 242 1
497 254 -1
498 253 -1
498 254 1
499 253 1
500 254 -1
501 243 -1
501 255 1
502 255 -1
503 255 1
504 31 -1
504 256 1
505 3 1
505 257 -1
506 256 -1
506 257 1
507 32 -1
507 258 1
508 256 1
508 258 -1
509 9 -1
509 259 1
510 258 1
510 259 -1
511 260 -1
512 257 -1
512 260 1
513 259 1
513 260 -1
514 38 -1
514 261 1
515 10 1
515 262 -1
516 261 -1
516 262 1
517 39 -1
517 263 1
518 261 1
518 263 -1
519 16 -1
519 264 1
520 263 1
520 264 -1
521 265 -1
522 262 -1
522 265 1
523 264 1
523 265 -1
524 45 -1
524 266 1
525 17 1
525 267 -1
526 266 -1
526 267 1
527 46 -1
527 268 1
528 266 1
528 268 -1
529 23 -1
529 269 1
530 268 1
530 269 -1
531 270 -1
532 267 -1
532 270 1
533 269 1
533 270 -1
534 52 -1
534 271 1
535 24 1
535 272 -1
536 271 -1
536 272 1
537 53 -1
537 273 1
538 271 1
538 273 -1
539 27 -1
539 274 1
540 273 1
540 274 -1
541 275 -1
542 272 -1
542 275 1
543 274 1
543 275 -1
544 33 1
544 276 -1
545 256 -1
545 276 1
546 276 -1
546 277 1
547 59 1
547 277 -1
548 257 1
548 278 -1
549 278 1
550 277 1
550 278 -1
551 34 1
551 279 -1
552 258 -1
552 279 1
553 276 1
553 279 -1
554 40 1
554 280 -1
555 261 -1
555 280 1
556 279 1
556 281 -1
557 66 -1
557 281 1
558 280 -1
558 282 1
559 67 1
559 282 -1
560 259 -1
560 283 1
561 262 1
561 284 -1
562 283 -1
562 284 1
563 281 -1
563 283 1
564 282 1
564 284 -1
565 41 1
565 285 -1
566 263 -1
566 285 1
567 280 1
567 285 -1
568 47 1
568 286 -1
569 266 -1
569 286 1
570 285 1
570 287 -1
571 75 -1
571 287 1
572 286 -1
572 288 1
573 76 1
573 288 -1
574 264 -1
574 289 1
575 267 1
575 290 -1
576 289 -1
576 290 1
577 287 -1
577 289 1
578 288 1
578 290 -1
579 48 1
579 291 -1
580 268 -1
580 291 1
581 286 1
581 291 -1
582 54 1
582 292 -1
583 271 -1
583 292 1
584 291 1
584 293 -1
585 84 -1
585 293 1
586 292 -1
586 294 1
587 85 1
587 294 -1
588 269 -1
588 295 1
589 272 1
589 296 -1
590 295 -1
590 296 1
591 293 -1
591 295 1
592 294 1
592 296 -1
593 55 1
593 297 -1
594 273 -1
594 297 1
595 292 1
595 297 -1
596 297 1
596 298 -1
597 90 -1
597 298 1
598 274 -1
598 299 1
599 299 -1
600 298 -1
600 299 1
601 95 -1
601 300 1
602 60 1
602 301 -1
603 300 -1
603 301 1
604 96 -1
604 302 1
605 300 1
605 302 -1
606 68 -1
606 303 1
607 302 1
607 303 -1
608 277 -1
608 304 1
609 281 1
609 304 -1
610 304 1
610 305 -1
611 301 -1
611 305 1
612 303 1
612 305 -1
613 102 -1
613 306 1
614 69 1
614 307 -1
615 306 -1
615 307 1
616 103 -1
616 308 1
617 306 1
617 308 -1
618 77 -1
618 309 1
619 308 1
619 309 -1
620 282 -1
620 310 1
621 287 1
621 310 -1
622 310 1
622 311 -1
623 307 -1
623 311 1
624 309 1
624 311 -1
625 109 -1
625 312 1
626 78 1
626 313 -1
627 312 -1
627 313 1
628 110 -1
628 314 1
629 312 1
629 314 -1
630 86 -1
630 315 1
631 314 1
631 315 -1
632 288 -1
632 316 1
633 293 1
633 316 -1
634 316 1
634 317 -1
635 313 -1
635 317 1
636 315 1
636 317 -1
637 116 -1
637 318 1
638 87 1
638 319 -1
639 318 -1
639 319 1
640 117 -1
640 320 1
641 318 1
641 320 -1
642 91 -1
642 321 1
643 320 1
643 321 -1
644 294 -1
644 322 1
645 298 1
645 322 -1
646 322 1
646 323 -1
647 319 -1
647 323 1
648 321 1
648 323 -1
649 97 1
649 324 -1
650 300 -1
650 324 1
651 324 -1
651 325 1
652 123 1
652 325 -1
653 301 1
653 326 -1
654 326 1
655 325 1
655 326 -1
656 98 1
656 327 -1
657 302 -1
657 327 1
658 324 1
658 327 -1
659 104 1
659 328 -1
660 306 -1
660 328 1
661 327 1
661 329 -1
662 130 -1
662 329 1
663 328 -1
663 330 1
664 131 1
664 330 -1
665 303 -1
665 331 1
666 307 1
666 332 -1
667 331 -1
667 332 1
668 329 -1
668 331 1
669 330 1
669 332 -1
670 105 1
670 333 -1
671 308 -1
671 333 1
672 328 1
672 333 -1
673 111 1
673 334 -1
674 312 -1
674 334 1
675 333 1
675 335 -1
676 139 -1
676 335 1
677 334 -1
677 336 1
678 140 1
678 336 -1
679 309 -1
679 337 1
680 313 1
680 338 -1
681 337 -1
681 338 1
682 335 -1
682 337 1
683 336 1
683 338 -1
684 112 1
684 339 -1
685 314 -1
685 339 1
686 334 1
686 339 -1
687 118 1
687 340 -1
688 318 -1
688 340 1
689 339 1
689 341 -1
690 148 -1
690 341 1
691 340 -1
691 342 1
692 149 1
692 342 -1
693 315 -1
693 343 1
694 319 1
694 344 -1
695 343 -1
695 344 1
696 341 -1
696 343 1
697 342 1
697 344 -1
698 119 1
698 345 -1
699 320 -1
699 345 1
700 340 1
700 345 -1
701 345 1
701 346 -1
702 154 -1
702 346 1
703 321 -1
703 347 1
704 347 -1
705 346 -1
705 347 1
706 159 -1
706 348 1
707 124 1
707 349 -1
708 348 -1
708 349 1
709 160 -1
709 350 1
710 348 1
710 350 -1
711 132 -1
711 351 1
712 350 1
712 351 -1
713 325 -1
713 352 1
714 329 1
714 352 -1
715 352 1
715 353 -1
716 349 -1
716 353 1
717 351 1
717 353 -1
718 166 -1
718 354 1
719 133 1
719 355 -1
720 354 -1
720 355 1
721 167 -1
721 356 1
722 354 1
722 356 -1
723 141 -1
723 357 1
724 356 1
724 357 -1
725 330 -1
725 358 1
726 335 1
726 358 -1
727 358 1
727 359 -1
728 355 -1
728 359 1
729 357 1
729 359 -1
730 173 -1
730 360 1
731 142 1
731 361 -1
732 360 -1
732 361 1
733 174 -1
733 362 1
734 360 1
734 362 -1
735 150 -1
735 363 1
736 362 1
736 363 -1
737 336 -1
737 364 1
738 341 1
738 364 -1
739 364 1
739 365 -1
740 361 -1
740 365 1
741 363 1
741 365 -1
742 180 -1
742 366 1
743 151 1
743 367 -1
744 366 -1
744 367 1
745 181 -1
745 368 1
746 366 1
746 368 -1
747 155 -1
747 369 1
748 368 1
748 369 -1
749 342 -1
749 370 1
750 346 1
750 370 -1
751 370 1
751 371 -1
752 367 -1
752 371 1
753 369 1
753 371 -1
754 161 1
754 372 -1
755 348 -1
755 372 1
756 372 -1
756 373 1
757 187 1
757 373 -1
758 349 1
758 374 -1
759 374 1
760 373 1
760 374 -1
761 162 1
761 375 -1
762 350 -1
762 375 1
763 372 1
763 375 -1
764 168 1
764 376 -1
765 354 -1
765 376 1
766 375 1
766 377 -1
767 194 -1
767 377 1
768 376 -1
768 378 1
769 195 1
769 378 -1
770 351 -1
770 379 1
771 355 1
771 380 -1
772 379 -1
772 380 1
773 377 -1
773 379 1
774 378 1
774 380 -1
775 169 1
775 381 -1
776 356 -1
776 381 1
777 376 1
777 381 -1
778 175 1
778 382 -1
779 360 -1
779 382 1
780 381 1
780 383 -1
781 203 -1
781 383 1
782 382 -1
782 384 1
783 204 1
783 384 -1
784 357 -1
784 385 1
785 361 1
785 386 -1
786 385 -1
786 386 1
787 383 -1
787 385 1
788 384 1
788 386 -1
789 176 1
789 387 -1
790 362 -1
790 387 1
791 382 1
791 387 -1
792 182 1
792 388 -1
793 366 -1
793 388 1
794 387 1
794 389 -1
795 212 -1
795 389 1
796 388 -1
796 390 1
797 213 1
797 390 -1
798 363 -1
798 391 1
799 367 1
799 392 -1
800 391 -1
800 392 1
801 389 -1
801 391 1
802 390 1
802 392 -1
803 183 1
803 393 -1
804 368 -1
804 393 1
805 388 1
805 393 -1
806 393 1
806 394 -1
807 218 -1
807 394 1
808 369 -1
808 395 1
809 395 -1
810 394 -1
810 395 1
811 223 -1
811 396 1
812 188 1
812 397 -1
813 396 -1
813 397 1
814 224 -1
814 398 1
815 396 1
815 398 -1
816 196 -1
816 399 1
817 398 1
817 399 -1
818 373 -1
818 400 1
819 377 1
819 400 -1
820 400 1
820 401 -1
821 397 -1
821 401 1
822 399 1
822 401 -1
823 230 -1
823 402 1
824 197 1
824 403 -1
825 402 -1
825 403 1
826 231 -1
826 404 1
827 402 1
827 404 -1
828 205 -1
828 405 1
829 404 1
829 405 -1
830 378 -1
830 406 1
831 383 1
831 406 -1
832 406 1
832 407 -1
833 403 -1
833 407 1
834 405 1
834 407 -1
835 237 -1
835 408 1
836 206 1
836 409 -1
837 408 -1
837 409 1
838 238 -1
838 410 1
839 408 1
839 410 -1
840 214 -1
840 411 1
841 410 1
841 411 -1
842 384 -1
842 412 1
843 389 1
843 412 -1
844 412 1
844 413 -1
845 409 -1
845 413 1
846 411 1
846 413 -1
847 244 -1
847 414 1
848 215 1
848 415 -1
849 414 -1
849 415 1
850 245 -1
850 416 1
851 414 1
851 416 -1
852 219 -1
852 417 1
853 416 1
853 417 -1
854 390 -1
854 418 1
855 394 1
855 418 -1
856 418 1
856 419 -1
857 415 -1
857 419 1
858 417 1
858 419 -1
859 225 1
859 420 -1
860 396 -1
860 420 1
861 420 -1
861 421 1
862 248 1
862 421 -1
863 397 1
863 422 -1
864 422 1
865 421 1
865 422 -1
866 226 1
866 423 -1
867 398 -1
867 423 1
868 420 1
868 423 -1
869 232 1
869 424 -1
870 402 -1
870 424 1
871 423 1
871 425 -1
872 249 -1
872 425 1
873 424 -1
873 426 1
874 250 1
874 426 -1
875 399 -1
875 427 1
876 403 1
876 428 -1
877 427 -1
877 428 1
878 425 -1
878 427 1
879 426 1
879 428 -1
880 233 1
880 429 -1
881 404 -1
881 429 1
882 424 1
882 429 -1
883 239 1
883 430 -1
884 408 -1
884 430 1
885 429 1
885 431 -1
886 251 -1
886 431 1
887 430 -1
887 432 1
888 252 1
888 432 -1
889 405 -1
889 433 1
890 409 1
890 434 -1
891 433 -1
891 434 1
892 431 -1
892 433 1
893 432 1
893 434 -1
894 240 1
894 435 -1
895 410 -1
895 435 1
896 430 1
896 435 -1
897 246 1
897 436 -1
898 414 -1
898 436 1
899 435 1
899 437 -1
900 253 -1
900 437 1
901 436 -1
901 438 1
902 254 1
902 438 -1
903 411 -1
903 439 1
904 415 1
904 440 -1
905 439 -1
905 440 1
906 437 -1
906 439 1
907 438 1
907 440 -1
908 247 1
908 441 -1
909 416 -1
909 441 1
910 436 1
910 441 -1
911 441 1
911 442 -1
912 255 -1
912 442 1
913 417 -1
913 443 1
914 443 -1
915 442 -1
915 443 1
916 421 -1
916 444 1
917 425 1
917 444 -1
918 444 1
919 426 -1
919 445 1
920 431 1
920 445 -1
921 445 1
922 432 -1
922 446 1
923 437 1
923 446 -1
924 446 1
925 438 -1
925 447 1
926 442 1
926 447 -1
927 447 1
928 260 1
928 448 -1
929 448 1
930 278 1
930 449 -1
931 448 -1
931 450 1
932 449 1
932 450 -1
933 449 -1
934 450 1
934 451 -1
935 451 1
936 451 -1
937 265 1
937 452 -1
938 452 1
939 283 -1
939 453 1
940 448 1
940 454 -1
941 453 -1
941 454 1
942 284 1
942 455 -1
943 452 -1
943 456 1
944 455 1
944 456 -1
945 453 1
945 455 -1
946 454 -1
946 457 1
947 457 -1
948 456 1
948 458 -1
949 458 1
950 457 1
950 458 -1
951 270 1
951 459 -1
952 459 1
953 289 -1
953 460 1
954 452 1
954 461 -1
955 460 -1
955 461 1
956 290 1
956 462 -1
957 459 -1
957 463 1
958 462 1
958 463 -1
959 460 1
959 462 -1
960 461 -1
960 464 1
961 464 -1
962 463 1
962 465 -1
963 465 1
964 464 1
964 465 -1
965 275 1
965 466 -1
966 466 1
967 295 -1
967 467 1
968 459 1
968 468 -1
969 467 -1
969 468 1
970 296 1
970 469 -1
971 466 -1
971 470 1
972 469 1
972 470 -1
973 467 1
973 469 -1
974 468 -1
974 471 1
975 471 -1
976 470 1
976 472 -1
977 472 1
978 471 1
978 472 -1
979 299 -1
979 473 1
980 466 1
980 474 -1
981 473 -1
981 474 1
982 473 1
983 474 -1
983 475 1
984 475 -1
985 475 1
986 304 -1
986 476 1
987 449 1
987 477 -1
988 476 -1
988 477 1
989 453 -1
989 478 1
990 476 1
990 478 -1
991 450 -1
991 479 1
992 479 -1
992 480 1
993 454 1
993 480 -1
994 479 1
994 481 -1
995 477 -1
995 481 1
996 480 1
996 482 -1
997 481 -1
997 482 1
998 478 1
998 482 -1
999 310 -1
999 483 1
1000 455 1
1000 484 -1
1001 483 -1
1001 484 1
1002 460 -1
1002 485 1
1003 483 1
1003 485 -1
1004 456 -1
1004 486 1
1005 486 -1
1005 487 1
1006 461 1
1006 487 -1
1007 486 1
1007 488 -1
1008 484 -1
1008 488 1
1009 487 1
1009 489 -1
1010 488 -1
1010 489 1
1011 485 1
1011 489 -1
1012 316 -1
1012 490 1
1013 462 1
1013 491 -1
1014 490 -1
1014 491 1
1015 467 -1
1015 492 1
1016 490 1
1016 492 -1
1017 463 -1
1017 493 1
1018 493 -1
1018 494 1
1019 468 1
1019 494 -1
1020 493 1
1020 495 -1
1021 491 -1
1021 495 1
1022 494 1
1022 496 -1
1023 495 -1
1023 496 1
1024 492 1
1024 496 -1
1025 322 -1
1025 497 1
1026 469 1
1026 498 -1
1027 497 -1
1027 498 1
1028 473 -1
1028 499 1
1029 497 1
1029 499 -1
1030 470 -1
1030 500 1
1031 500 -1
1031 501 1
1032 474 1
1032 501 -1
1033 500 1
1033 502 -1
1034 498 -1
1034 502 1
1035 501 1
1035 503 -1
1036 502 -1
1036 503 1
1037 499 1
1037 503 -1
1038 305 1
1038 504 -1
1039 476 -1
1039 504 1
1040 326 1
1040 505 -1
1041 504 -1
1041 506 1
1042 505 1
1042 506 -1
1043 505 -1
1044 477 1
1044 507 -1
1045 507 1
1046 506 1
1046 508 -1
1047 507 -1
1047 508 1
1048 508 -1
1049 311 1
1049 509 -1
1050 483 -1
1050 509 1
1051 331 -1
1051 510 1
1052 504 1
1052 511 -1
1053 510 -1
1053 511 1
1054 332 1
1054 512 -1
1055 509 -1
1055 513 1
1056 512 1
1056 513 -1
1057 510 1
1057 512 -1
1058 478 -1
1058 514 1
1059 484 1
1059 515 -1
1060 514 -1
1060 515 1
1061 511 -1
1061 516 1
1062 514 1
1062 516 -1
1063 513 1
1063 517 -1
1064 515 -1
1064 517 1
1065 516 1
1065 517 -1
1066 317 1
1066 518 -1
1067 490 -1
1067 518 1
1068 337 -1
1068 519 1
1069 509 1
1069 520 -1
1070 519 -1
1070 520 1
1071 338 1
1071 521 -1
1072 518 -1
1072 522 1
1073 521 1
1073 522 -1
1074 519 1
1074 521 -1
1075 485 -1
1075 523 1
1076 491 1
1076 524 -1
1077 523 -1
1077 524 1
1078 520 -1
1078 525 1
1079 523 1
1079 525 -1
1080 522 1
1080 526 -1
1081 524 -1
1081 526 1
1082 525 1
1082 526 -1
1083 323 1
1083 527 -1
1084 497 -1
1084 527 1
1085 343 -1
1085 528 1
1086 518 1
1086 529 -1
1087 528 -1
1087 529 1
1088 344 1
1088 530 -1
1089 527 -1
1089 531 1
1090 530 1
1090 531 -1
1091 528 1
1091 530 -1
1092 492 -1
1092 532 1
1093 498 1
1093 533 -1
1094 532 -1
1094 533 1
1095 529 -1
1095 534 1
1096 532 1
1096 534 -1
1097 531 1
1097 535 -1
1098 533 -1
1098 535 1
1099 534 1
1099 535 -1
1100 347 -1
1100 536 1
1101 527 1
1101 537 -1
1102 536 -1
1102 537 1
1103 536 1
1104 499 -1
1104 538 1
1105 538 -1
1106 537 -1
1106 539 1
1107 538 1
1107 539 -1
1108 539 1
1109 352 -1
1109 540 1
1110 505 1
1110 541 -1
1111 540 -1
1111 541 1
1112 510 -1
1112 542 1
1113 540 1
1113 542 -1
1114 506 -1
1114 543 1
1115 543 -1
1115 544 1
1116 511 1
1116 544 -1
1117 543 1
1117 545 -1
1118 541 -1
1118 545 1
1119 544 1
1119 546 -1
1120 545 -1
1120 546 1
1121 542 1
1121 546 -1
1122 358 -1
1122 547 1
1123 512 1
1123 548 -1
1124 547 -1
1124 548 1
1125 519 -1
1125 549 1
1126 547 1
1126 549 -1
1127 513 -1
1127 550 1
1128 550 -1
1128 551 1
1129 520 1
1129 551 -1
1130 550 1
1130 552 -1
1131 548 -1
1131 552 1
1132 551 1
1132 553 -1
1133 552 -1
1133 553 1
1134 549 1
1134 553 -1
1135 364 -1
1135 554 1
1136 521 1
1136 555 -1
1137 554 -1
1137 555 1
1138 528 -1
1138 556 1
1139 554 1
1139 556 -1
1140 522 -1
1140 557 1
1141 557 -1
1141 558 1
1142 529 1
1142 558 -1
1143 557 1
1143 559 -1
1144 555 -1
1144 559 1
1145 558 1
1145 560 -1
1146 559 -1
1146 560 1
1147 556 1
1147 560 -1
1148 370 -1
1148 561 1
1149 530 1
1149 562 -1
1150 561 -1
1150 562 1
1151 536 -1
1151 563 1
1152 561 1
1152 563 -1
1153 531 -1
1153 564 1
1154 564 -1
1154 565 1
1155 537 1
1155 565 -1
1156 564 1
1156 566 -1
1157 562 -1
1157 566 1
1158 565 1
1158 567 -1
1159 566 -1
1159 567 1
1160 563 1
1160 567 -1
1161 353 1
1161 568 -1
1162 540 -1
1162 568 1
1163 374 1
1163 569 -1
1164 568 -1
1164 570 1
1165 569 1
1165 570 -1
1166 569 -1
1167 541 1
1167 571 -1
1168 571 1
1169 570 1
1169 572 -1
1170 571 -1
1170 572 1
1171 572 -1
1172 359 1
1172 573 -1
1173 547 -1
1173 573 1
1174 379 -1
1174 574 1
1175 568 1
1175 575 -1
1176 574 -1
1176 575 1
1177 380 1
1177 576 -1
1178 573 -1
1178 577 1
1179 576 1
1179 577 -1
1180 574 1
1180 576 -1
1181 542 -1
1181 578 1
1182 548 1
1182 579 -1
1183 578 -1
1183 579 1
1184 575 -1
1184 580 1
1185 578 1
1185 580 -1
1186 577 1
1186 581 -1
1187 579 -1
1187 581 1
1188 580 1
1188 581 -1
1189 365 1
1189 582 -1
1190 554 -1
1190 582 1
1191 385 -1
1191 583 1
1192 573 1
1192 584 -1
1193 583 -1
1193 584 1
1194 386 1
1194 585 -1
1195 582 -1
1195 586 1
1196 585 1
1196 586 -1
1197 583 1
1197 585 -1
1198 549 -1
1198 587 1
1199 555 1
1199 588 -1
1200 587 -1
1200 588 1
1201 584 -1
1201 589 1
1202 587 1
1202 589 -1
1203 586 1
1203 590 -1
1204 588 -1
1204 590 1
1205 589 1
1205 590 -1
1206 371 1
1206 591 -1
1207 561 -1
1207 591 1
1208 391 -1
1208 592 1
1209 582 1
1209 593 -1
1210 592 -1
1210 593 1
1211 392 1
1211 594 -1
1212 591 -1
1212 595 1
1213 594 1
1213 595 -1
1214 592 1
1214 594 -1
1215 556 -1
1215 596 1
1216 562 1
1216 597 -1
1217 596 -1
1217 597 1
1218 593 -1
1218 598 1
1219 596 1
1219 598 -1
1220 595 1
1220 599 -1
1221 597 -1
1221 599 1
1222 598 1
1222 599 -1
1223 395 -1
1223 600 1
1224 591 1
1224 601 -1
1225 600 -1
1225 601 1
1226 600 1
1227 563 -1
1227 602 1
1228 602 -1
1229 601 -1
1229 603 1
1230 602 1
1230 603 -1
1231 603 1
1232 400 -1
1232 604 1
1233 569 1
1233 605 -1
1234 604 -1
1234 605 1
1235 574 -1
1235 606 1
1236 604 1
1236 606 -1
1237 570 -1
1237 607 1
1238 607 -1
1238 608 1
1239 575 1
1239 608 -1
1240 607 1
1240 609 -1
1241 605 -1
1241 609 1
1242 608 1
1242 610 -1
1243 609 -1
1243 610 1
1244 606 1
1244 610 -1
1245 406 -1
1245 611 1
1246 576 1
1246 612 -1
1247 611 -1
1247 612 1
1248 583 -1
1248 613 1
1249 611 1
1249 613 -1
1250 577 -1
1250 614 1
1251 614 -1
1251 615 1
1252 584 1
1252 615 -1
1253 614 1
1253 616 -1
1254 612 -1
1254 616 1
1255 615 1
1255 617 -1
1256 616 -1
1256 617 1
1257 613 1
1257 617 -1
1258 412 -1
1258 618 1
1259 585 1
1259 619 -1
1260 618 -1
1260 619 1
1261 592 -1
1261 620 1
1262 618 1
1262 620 -1
1263 586 -1
1263 621 1
1264 621 -1
1264 622 1
1265 593 1
1265 622 -1
1266 621 1
1266 623 -1
1267 619 -1
1267 623 1
1268 622 1
1268 624 -1
1269 623 -1
1269 624 1
1270 620 1
1270 624 -1
1271 418 -1
1271 625 1
1272 594 1
1272 626 -1
1273 625 -1
1273 626 1
1274 600 -1
1274 627 1
1275 625 1
1275 627 -1
1276 595 -1
1276 628 1
1277 628 -1
1277 629 1
1278 601 1
1278 629 -1
1279 628 1
1279 630 -1
1280 626 -1
1280 630 1
1281 629 1
1281 631 -1
1282 630 -1
1282 631 1
1283 627 1
1283 631 -1
1284 401 1
1284 632 -1
1285 604 -1
1285 632 1
1286 422 1
1286 633 -1
1287 632 -1
1287 634 1
1288 633 1
1288 634 -1
1289 633 -1
1290 605 1
1290 635 -1
1291 635 1
1292 634 1
1292 636 -1
1293 635 -1
1293 636 1
1294 636 -1
1295 407 1
1295 637 -1
1296 611 -1
1296 637 1
1297 427 -1
1297 638 1
1298 632 1
1298 639 -1
1299 638 -1
1299 639 1
1300 428 1
1300 640 -1
1301 637 -1
1301 641 1
1302 640 1
1302 641 -1
1303 638 1
1303 640 -1
1304 606 -1
1304 642 1
1305 612 1
1305 643 -1
1306 642 -1
1306 643 1
1307 639 -1
1307 644 1
1308 642 1
1308 644 -1
1309 641 1
1309 645 -1
1310 643 -1
1310 645 1
1311 644 1
1311 645 -1
1312 413 1
1312 646 -1
1313 618 -1
1313 646 1
1314 433 -1
1314 647 1
1315 637 1
1315 648 -1
1316 647 -1
1316 648 1
1317 434 1
1317 649 -1
1318 646 -1
1318 650 1
1319 649 1
1319 650 -1
1320 647 1
1320 649 -1
1321 613 -1
1321 651 1
1322 619 1
1322 652 -1
1323 651 -1
1323 652 1
1324 648 -1
1324 653 1
1325 651 1
1325 653 -1
1326 650 1
1326 654 -1
1327 652 -1
1327 654 1
1328 653 1
1328 654 -1
1329 419 1
1329 655 -1
1330 625 -1
1330 655 1
1331 439 -1
1331 656 1
1332 646 1
1332 657 -1
1333 656 -1
1333 657 1
1334 440 1
1334 658 -1
1335 655 -1
1335 659 1
1336 658 1
1336 659 -1
1337 656 1
1337 658 -1
1338 620 -1
1338 660 1
1339 626 1
1339 661 -1
1340 660 -1
1340 661 1
1341 657 -1
1341 662 1
1342 660 1
1342 662 -1
1343 659 1
1343 663 -1
1344 661 -1
1344 663 1
1345 662 1
1345 663 -1
1346 443 -1
1346 664 1
1347 655 1
1347 665 -1
1348 664 -1
1348 665 1
1349 664 1
1350 627 -1
1350 666 1
1351 666 -1
1352 665 -1
1352 667 1
1353 666 1
1353 667 -1
1354 667 1
1355 444 -1
1355 668 1
1356 633 1
1356 669 -1
1357 668 -1
1357 669 1
1358 638 -1
1358 670 1
1359 668 1
1359 670 -1
1360 634 -1
1360 671 1
1361 671 -1
1361 672 1
1362 639 1
1362 672 -1
1363 671 1
1363 673 -1
1364 669 -1
1364 673 1
1365 672 1
1365 674 -1
1366 673 -1
1366 674 1
1367 670 1
1367 674 -1
1368 445 -1
1368 675 1
1369 640 1
1369 676 -1
1370 675 -1
1370 676 1
1371 647 -1
1371 677 1
1372 675 1
1372 677 -1
1373 641 -1
1373 678 1
1374 678 -1
1374 679 1
1375 648 1
1375 679 -1
1376 678 1
1376 680 -1
1377 676 -1
1377 680 1
1378 679 1
1378 681 -1
1379 680 -1
1379 681 1
1380 677 1
1380 681 -1
1381 446 -1
1381 682 1
1382 649 1
1382 683 -1
1383 682 -1
1383 683 1
1384 656 -1
1384 684 1
1385 682 1
1385 684 -1
1386 650 -1
1386 685 1
1387 685 -1
1387 686 1
1388 657 1
1388 686 -1
1389 685 1
1389 687 -1
1390 683 -1
1390 687 1
1391 686 1
1391 688 -1
1392 687 -1
1392 688 1
1393 684 1
1393 688 -1
1394 447 -1
1394 689 1
1395 658 1
1395 690 -1
1396 689 -1
1396 690 1
1397 664 -1
1397 691 1
1398 689 1
1398 691 -1
1399 659 -1
1399 692 1
1400 692 -1
1400 693 1
1401 665 1
1401 693 -1
1402 692 1
1402 694 -1
1403 690 -1
1403 694 1
1404 693 1
1404 695 -1
1405 694 -1
1405 695 1
1406 691 1
1406 695 -1
1407 668 -1
1408 669 1
1408 696 -1
1409 696 1
1410 696 -1
1411 675 -1
1412 670 -1
1412 697 1
1413 676 1
1413 698 -1
1414 697 -1
1414 698 1
1415 697 1
1416 698 -1
1417 682 -1
1418 677 -1
1418 699 1
1419 683 1
1419 700 -1
1420 699 -1
1420 700 1
1421 699 1
1422 700 -1
1423 689 -1
1424 684 -1
1424 701 1
1425 690 1
1425 702 -1
1426 701 -1
1426 702 1
1427 701 1
1428 702 -1
1429 691 -1
1429 703 1
1430 703 -1
1431 703 1
1432 479 -1
1432 704 1
1433 451 1
1433 705 -1
1434 704 -1
1434 705 1
1435 480 -1
1435 706 1
1436 704 1
1436 706 -1
1437 457 -1
1437 707 1
1438 706 1
1438 707 -1
1439 708 -1
1440 705 -1
1440 708 1
1441 707 1
1441 708 -1
1442 486 -1
1442 709 1
1443 458 1
1443 710 -1
1444 709 -1
1444 710 1
1445 487 -1
1445 711 1
1446 709 1
1446 711 -1
1447 464 -1
1447 712 1
1448 711 1
1448 712 -1
1449 713 -1
1450 710 -1
1450 713 1
1451 712 1
1451 713 -1
1452 493 -1
1452 714 1
1453 465 1
1453 715 -1
1454 714 -1
1454 715 1
1455 494 -1
1455 716 1
1456 714 1
1456 716 -1
1457 471 -1
1457 717 1
1458 716 1
1458 717 -1
1459 718 -1
1460 715 -1
1460 718 1
1461 717 1
1461 718 -1
1462 500 -1
1462 719 1
1463 472 1
1463 720 -1
1464 719 -1
1464 720 1
1465 501 -1
1465 721 1
1466 719 1
1466 721 -1
1467 475 -1
1467 722 1
1468 721 1
1468 722 -1
1469 723 -1
1470 720 -1
1470 723 1
1471 722 1
1471 723 -1
1472 481 1
1472 724 -1
1473 704 -1
1473 724 1
1474 724 -1
1474 725 1
1475 507 1
1475 725 -1
1476 705 1
1476 726 -1
1477 726 1
1478 725 1
1478 726 -1
1479 482 1
1479 727 -1
1480 706 -1
1480 727 1
1481 724 1
1481 727 -1
1482 488 1
1482 728 -1
1483 709 -1
1483 728 1
1484 727 1
1484 729 -1
1485 514 -1
1485 729 1
1486 728 -1
1486 730 1
1487 515 1
1487 730 -1
1488 707 -1
1488 731 1
1489 710 1
1489 732 -1
1490 731 -1
1490 732 1
1491 729 -1
1491 731 1
1492 730 1
1492 732 -1
1493 489 1
1493 733 -1
1494 711 -1
1494 733 1
1495 728 1
1495 733 -1
1496 495 1
1496 734 -1
1497 714 -1
1497 734 1
1498 733 1
1498 735 -1
1499 523 -1
1499 735 1
1500 734 -1
1500 736 1
1501 524 1
1501 736 -1
1502 712 -1
1502 737 1
1503 715 1
1503 738 -1
1504 737 -1
1504 738 1
1505 735 -1
1505 737 1
1506 736 1
1506 738 -1
1507 496 1
1507 739 -1
1508 716 -1
1508 739 1
1509 734 1
1509 739 -1
1510 502 1
1510 740 -1
1511 719 -1
1511 740 1
1512 739 1
1512 741 -1
1513 532 -1
1513 741 1
1514 740 -1
1514 742 1
1515 533 1
1515 742 -1
1516 717 -1
1516 743 1
1517 720 1
1517 744 -1
1518 743 -1
1518 744 1
1519 741 -1
1519 743 1
1520 742 1
1520 744 -1
1521 503 1
1521 745 -1
1522 721 -1
1522 745 1
1523 740 1
1523 745 -1
1524 745 1
1524 746 -1
1525 538 -1
1525 746 1
1526 722 -1
1526 747 1
1527 747 -1
1528 746 -1
1528 747 1
1529 543 -1
1529 748 1
1530 508 1
1530 749 -1
1531 748 -1
1531 749 1
1532 544 -1
1532 750 1
1533 748 1
1533 750 -1
1534 516 -1
1534 751 1
1535 750 1
1535 751 -1
1536 725 -1
1536 752 1
1537 729 1
1537 752 -1
1538 752 1
1538 753 -1
1539 749 -1
1539 753 1
1540 751 1
1540 753 -1
1541 550 -1
1541 754 1
1542 517 1
1542 755 -1
1543 754 -1
1543 755 1
1544 551 -1
1544 756 1
1545 754 1
1545 756 -1
1546 525 -1
1546 757 1
1547 756 1
1547 757 -1
1548 730 -1
1548 758 1
1549 735 1
1549 758 -1
1550 758 1
1550 759 -1
1551 755 -1
1551 759 1
1552 757 1
1552 759 -1
1553 557 -1
1553 760 1
1554 526 1
1554 761 -1
1555 760 -1
1555 761 1
1556 558 -1
1556 762 1
1557 760 1
1557 762 -1
1558 534 -1
1558 763 1
1559 762 1
1559 763 -1
1560 736 -1
1560 764 1
1561 741 1
1561 764 -1
1562 764 1
1562 765 -1
1563 761 -1
1563 765 1
1564 763 1
1564 765 -1
1565 564 -1
1565 766 1
1566 535 1
1566 767 -1
1567 766 -1
1567 767 1
1568 565 -1
1568 768 1
1569 766 1
1569 768 -1
1570 539 -1
1570 769 1
1571 768 1
1571 769 -1
1572 742 -1
1572 770 1
1573 746 1
1573 770 -1
1574 770 1
1574 771 -1
1575 767 -1
1575 771 1
1576 769 1
1576 771 -1
1577 545 1
1577 772 -1
1578 748 -1
1578 772 1
1579 772 -1
1579 773 1
1580 571 1
1580 773 -1
1581 749 1
1581 774 -1
1582 774 1
1583 773 1
1583 774 -1
1584 546 1
1584 775 -1
1585 750 -1
1585 775 1
1586 772 1
1586 775 -1
1587 552 1
1587 776 -1
1588 754 -1
1588 776 1
1589 775 1
1589 777 -1
1590 578 -1
1590 777 1
1591 776 -1
1591 778 1
1592 579 1
1592 778 -1
1593 751 -1
1593 779 1
1594 755 1
1594 780 -1
1595 779 -1
1595 780 1
1596 777 -1
1596 779 1
1597 778 1
1597 780 -1
1598 553 1
1598 781 -1
1599 756 -1
1599 781 1
1600 776 1
1600 781 -1
1601 559 1
1601 782 -1
1602 760 -1
1602 782 1
1603 781 1
1603 783 -1
1604 587 -1
1604 783 1
1605 782 -1
1605 784 1
1606 588 1
1606 784 -1
1607 757 -1
1607 785 1
1608 761 1
1608 786 -1
1609 785 -1
1609 786 1
1610 783 -1
1610 785 1
1611 784 1
1611 786 -1
1612 560 1
1612 787 -1
1613 762 -1
1613 787 1
1614 782 1
1614 787 -1
1615 566 1
1615 788 -1
1616 766 -1
1616 788 1
1617 787 1
1617 789 -1
1618 596 -1
1618 789 1
1619 788 -1
1619 790 1
1620 597 1
1620 790 -1
1621 763 -1
1621 791 1
1622 767 1
1622 792 -1
1623 791 -1
1623 792 1
1624 789 -1
1624 791 1
1625 790 1
1625 792 -1
1626 567 1
1626 793 -1
1627 768 -1
1627 793 1
1628 788 1
1628 793 -1
1629 793 1
1629 794 -1
1630 602 -1
1630 794 1
1631 769 -1
1631 795 1
1632 795 -1
1633 794 -1
1633 795 1
1634 607 -1
1634 796 1
1635 572 1
1635 797 -1
1636 796 -1
1636 797 1
1637 608 -1
1637 798 1
1638 796 1
1638 798 -1
1639 580 -1
1639 799 1
1640 798 1
1640 799 -1
1641 773 -1
1641 800 1
1642 777 1
1642 800 -1
1643 800 1
1643 801 -1
1644 797 -1
1644 801 1
1645 799 1
1645 801 -1
1646 614 -1
1646 802 1
1647 581 1
1647 803 -1
1648 802 -1
1648 803 1
1649 615 -1
1649 804 1
1650 802 1
1650 804 -1
1651 589 -1
1651 805 1
1652 804 1
1652 805 -1
1653 778 -1
1653 806 1
1654 783 1
1654 806 -1
1655 806 1
1655 807 -1
1656 803 -1
1656 807 1
1657 805 1
1657 807 -1
1658 621 -1
1658 808 1
1659 590 1
1659 809 -1
1660 808 -1
1660 809 1
1661 622 -1
1661 810 1
1662 808 1
1662 810 -1
1663 598 -1
1663 811 1
1664 810 1
1664 811 -1
1665 784 -1
1665 812 1
1666 789 1
1666 812 -1
1667 812 1
1667 813 -1
1668 809 -1
1668 813 1
1669 811 1
1669 813 -1
1670 628 -1
1670 814 1
1671 599 1
1671 815 -1
1672 814 -1
1672 815 1
1673 629 -1
1673 816 1
1674 814 1
1674 816 -1
1675 603 -1
1675 817 1
1676 816 1
1676 817 -1
1677 790 -1
1677 818 1
1678 794 1
1678 818 -1
1679 818 1
1679 819 -1
1680 815 -1
1680 819 1
1681 817 1
1681 819 -1
1682 609 1
1682 820 -1
1683 796 -1
1683 820 1
1684 820 -1
1684 821 1
1685 635 1
1685 821 -1
1686 797 1
1686 822 -1
1687 822 1
1688 821 1
1688 822 -1
1689 610 1
1689 823 -1
1690 798 -1
1690 823 1
1691 820 1
1691 823 -1
1692 616 1
1692 824 -1
1693 802 -1
1693 824 1
1694 823 1
1694 825 -1
1695 642 -1
1695 825 1
1696 824 -1
1696 826 1
1697 643 1
1697 826 -1
1698 799 -1
1698 827 1
1699 803 1
1699 828 -1
1700 827 -1
1700 828 1
1701 825 -1
1701 827 1
1702 826 1
1702 828 -1
1703 617 1
1703 829 -1
1704 804 -1
1704 829 1
1705 824 1
1705 829 -1
1706 623 1
1706 830 -1
1707 808 -1
1707 830 1
1708 829 1
1708 831 -1
1709 651 -1
1709 831 1
1710 830 -1
1710 832 1
1711 652 1
1711 832 -1
1712 805 -1
1712 833 1
1713 809 1
1713 834 -1
1714 833 -1
1714 834 1
1715 831 -1
1715 833 1
1716 832 1
1716 834 -1
1717 624 1
1717 835 -1
1718 810 -1
1718 835 1
1719 830 1
1719 835 -1
1720 630 1
1720 836 -1
1721 814 -1
1721 836 1
1722 835 1
1722 837 -1
1723 660 -1
1723 837 1
1724 836 -1
1724 838 1
1725 661 1
1725 838 -1
1726 811 -1
1726 839 1
1727 815 1
1727 840 -1
1728 839 -1
1728 840 1
1729 837 -1
1729 839 1
1730 838 1
1730 840 -1
1731 631 1
1731 841 -1
1732 816 -1
1732 841 1
1733 836 1
1733 841 -1
1734 841 1
1734 842 -1
1735 666 -1
1735 842 1
1736 817 -1
1736 843 1
1737 843 -1
1738 842 -1
1738 843 1
1739 671 -1
1739 844 1
1740 636 1
1740 845 -1
1741 844 -1
1741 845 1
1742 672 -1
1742 846 1
1743 844 1
1743 846 -1
1744 644 -1
1744 847 1
1745 846 1
1745 847 -1
1746 821 -1
1746 848 1
1747 825 1
1747 848 -1
1748 848 1
1748 849 -1
1749 845 -1
1749 849 1
1750 847 1
1750 849 -1
1751 678 -1
1751 850 1
1752 645 1
1752 851 -1
1753 850 -1
1753 851 1
1754 679 -1
1754 852 1
1755 850 1
1755 852 -1
1756 653 -1
1756 853 1
1757 852 1
1757 853 -1
1758 826 -1
1758 854 1
1759 831 1
1759 854 -1
1760 854 1
1760 855 -1
1761 851 -1
1761 855 1
1762 853 1
1762 855 -1
1763 685 -1
1763 856 1
1764 654 1
1764 857 -1
1765 856 -1
1765 857 1
1766 686 -1
1766 858 1
1767 856 1
1767 858 -1
1768 662 -1
1768 859 1
1769 858 1
1769 859 -1
1770 832 -1
1770 860 1
1771 837 1
1771 860 -1
1772 860 1
1772 861 -1
1773 857 -1
1773 861 1
1774 859 1
1774 861 -1
1775 692 -1
1775 862 1
1776 663 1
1776 863 -1
1777 862 -1
1777 863 1
1778 693 -1
1778 864 1
1779 862 1
1779 864 -1
1780 667 -1
1780 865 1
1781 864 1
1781 865 -1
1782 838 -1
1782 866 1
1783 842 1
1783 866 -1
1784 866 1
1784 867 -1
1785 863 -1
1785 867 1
1786 865 1
1786 867 -1
1787 673 1
1787 868 -1
1788 844 -1
1788 868 1
1789 868 -1
1789 869 1
1790 696 1
1790 869 -1
1791 845 1
1791 870 -1
1792 870 1
1793 869 1
1793 870 -1
1794 674 1
1794 871 -1
1795 846 -1
1795 871 1
1796 868 1
1796 871 -1
1797 680 1
1797 872 -1
1798 850 -1
1798 872 1
1799 871 1
1799 873 -1
1800 697 -1
1800 873 1
1801 872 -1
1801 874 1
1802 698 1
1802 874 -1
1803 847 -1
1803 875 1
1804 851 1
1804 876 -1
1805 875 -1
1805 876 1
1806 873 -1
1806 875 1
1807 874 1
1807 876 -1
1808 681 1
1808 877 -1
1809 852 -1
1809 877 1
1810 872 1
1810 877 -1
1811 687 1
1811 878 -1
1812 856 -1
1812 878 1
1813 877 1
1813 879 -1
1814 699 -1
1814 879 1
1815 878 -1
1815 880 1
1816 700 1
1816 880 -1
1817 853 -1
1817 881 1
1818 857 1
1818 882 -1
1819 881 -1
1819 882 1
1820 879 -1
1820 881 1
1821 880 1
1821 882 -1
1822 688 1
1822 883 -1
1823 858 -1
1823 883 1
1824 878 1
1824 883 -1
1825 694 1
1825 884 -1
1826 862 -1
1826 884 1
1827 883 1
1827 885 -1
1828 701 -1
1828 885 1
1829 884 -1
1829 886 1
1830 702 1
1830 886 -1
1831 859 -1
1831 887 1
1832 863 1
1832 888 -1
1833 887 -1
1833 888 1
1834 885 -1
1834 887 1
1835 886 1
1835 888 -1
1836 695 1
1836 889 -1
1837 864 -1
1837 889 1
1838 884 1
1838 889 -1
1839 889 1
1839 890 -1
1840 703 -1
1840 890 1
1841 865 -1
1841 891 1
1842 891 -1
1843 890 -1
1843 891 1
1844 869 -1
1844 892 1
1845 873 1
1845 892 -1
1846 892 1
1847 874 -1
1847 893 1
1848 879 1
1848 893 -1
1849 893 1
1850 880 -1
1850 894 1
1851 885 1
1851 894 -1
1852 894 1
1853 886 -1
1853 895 1
1854 890 1
1854 895 -1
1855 895 1
1856 708 1
1856 896 -1
1857 896 1
1858 726 1
1858 897 -1
1859 896 -1
1859 898 1
1860 897 1
1860 898 -1
1861 897 -1
1862 898 1
1862 899 -1
1863 899 1
1864 899 -1
1865 713 1
1865 900 -1
1866 900 1
1867 731 -1
1867 901 1
1868 896 1
1868 902 -1
1869 901 -1
1869 902 1
1870 732 1
1870 903 -1
1871 900 -1
1871 904 1
1872 903 1
1872 904 -1
1873 901 1
1873 903 -1
1874 902 -1
1874 905 1
1875 905 -1
1876 904 1
1876 906 -1
1877 906 1
1878 905 1
1878 906 -1
1879 718 1
1879 907 -1
1880 907 1
1881 737 -1
1881 908 1
1882 900 1
1882 909 -1
1883 908 -1
1883 909 1
1884 738 1
1884 910 -1
1885 907 -1
1885 911 1
1886 910 1
1886 911 -1
1887 908 1
1887 910 -1
1888 909 -1
1888 912 1
1889 912 -1
1890 911 1
1890 913 -1
1891 913 1
1892 912 1
1892 913 -1
1893 723 1
1893 914 -1
1894 914 1
1895 743 -1
1895 915 1
1896 907 1
1896 916 -1
1897 915 -1
1897 916 1
1898 744 1
1898 917 -1
1899 914 -1
1899 918 1
1900 917 1
1900 918 -1
1901 915 1
1901 917 -1
1902 916 -1
1902 919 1
1903 919 -1
1904 918 1
1904 920 -1
1905 920 1
1906 919 1
1906 920 -1
1907 747 -1
1907 921 1
1908 914 1
1908 922 -1
1909 921 -1
1909 922 1
1910 921 1
1911 922 -1
1911 923 1
1912 923 -1
1913 923 1
1914 752 -1
1914 924 1
1915 897 1
1915 925 -1
1916 924 -1
1916 925 1
1917 901 -1
1917 926 1
1918 924 1
1918 926 -1
1919 898 -1
1919 927 1
1920 927 -1
1920 928 1
1921 902 1
1921 928 -1
1922 927 1
1922 929 -1
1923 925 -1
1923 929 1
1924 928 1
1924 930 -1
1925 929 -1
1925 930 1
1926 926 1
1926 930 -1
1927 758 -1
1927 931 1
1928 903 1
1928 932 -1
1929 931 -1
1929 932 1
1930 908 -1
1930 933 1
1931 931 1
1931 933 -1
1932 904 -1
1932 934 1
1933 934 -1
1933 935 1
1934 909 1
1934 935 -1
1935 934 1
1935 936 -1
1936 932 -1
1936 936 1
1937 935 1
1937 937 -1
1938 936 -1
1938 937 1
1939 933 1
1939 937 -1
1940 764 -1
1940 938 1
1941 910 1
1941 939 -1
1942 938 -1
1942 939 1
1943 915 -1
1943 940 1
1944 938 1
1944 940 -1
1945 911 -1
1945 941 1
1946 941 -1
1946 942 1
1947 916 1
1947 942 -1
1948 941 1
1948 943 -1
1949 939 -1
1949 943 1
1950 942 1
1950 944 -1
1951 943 -1
1951 944 1
1952 940 1
1952 944 -1
1953 770 -1
1953 945 1
1954 917 1
1954 946 -1
1955 945 -1
1955 946 1
1956 921 -1
1956 947 1
1957 945 1
1957 947 -1
1958 918 -1
1958 948 1
1959 948 -1
1959 949 1
1960 922 1
1960 949 -1
1961 948 1
1961 950 -1
1962 946 -1
1962 950 1
1963 949 1
1963 951 -1
1964 950 -1
1964 951 1
1965 947 1
1965 951 -1
1966 753 1
1966 952 -1
1967 924 -1
1967 952 1
1968 774 1
1968 953 -1
1969 952 -1
1969 954 1
1970 953 1
1970 954 -1
1971 953 -1
1972 925 1
1972 955 -1
1973 955 1
1974 954 1
1974 956 -1
1975 955 -1
1975 956 1
1976 956 -1
1977 759 1
1977 957 -1
1978 931 -1
1978 957 1
1979 779 -1
1979 958 1
1980 952 1
1980 959 -1
1981 958 -1
1981 959 1
1982 780 1
1982 960 -1
1983 957 -1
1983 961 1
1984 960 1
1984 961 -1
1985 958 1
1985 960 -1
1986 926 -1
1986 962 1
1987 932 1
1987 963 -1
1988 962 -1
1988 963 1
1989 959 -1
1989 964 1
1990 962 1
1990 964 -1
1991 961 1
1991 965 -1
1992 963 -1
1992 965 1
1993 964 1
1993 965 -1
1994 765 1
1994 966 -1
1995 938 -1
1995 966 1
1996 785 -1
1996 967 1
1997 957 1
1997 968 -1
1998 967 -1
1998 968 1
1999 786 1
1999 969 -1
2000 966 -1
2000 970 1
2001 969 1
2001 970 -1
2002 967 1
2002 969 -1
2003 933 -1
2003 971 1
2004 939 1
2004 972 -1
2005 971 -1
2005 972 1
2006 968 -1
2006 973 1
2007 971 1
2007 973 -1
2008 970 1
2008 974 -1
2009 972 -1
2009 974 1
2010 973 1
2010 974 -1
2011 771 1
2011 975 -1
2012 945 -1
2012 975 1
2013 791 -1
2013 976 1
2014 966 1
2014 977 -1
2015 976 -1
2015 977 1
2016 792 1
2016 978 -1
2017 975 -1
2017 979 1
2018 978 1
2018 979 -1
2019 976 1
2019 978 -1
2020 940 -1
2020 980 1
2021 946 1
2021 981 -1
2022 980 -1
2022 981 1
2023 977 -1
2023 982 1
2024 980 1
2024 982 -1
2025 979 1
2025 983 -1
2026 981 -1
2026 983 1
2027 982 1
2027 983 -1
2028 795 -1
2028 984 1
2029 975 1
2029 985 -1
2030 984 -1
2030 985 1
2031 984 1
2032 947 -1
2032 986 1
2033 986 -1
2034 985 -1
2034 987 1
2035 986 1
2035 987 -1
2036 987 1
2037 800 -1
2037 988 1
2038 953 1
2038 989 -1
2039 988 -1
2039 989 1
2040 958 -1
2040 990 1
2041 988 1
2041 990 -1
2042 954 -1
2042 991 1
2043 991 -1
2043 992 1
2044 959 1
2044 992 -1
2045 991 1
2045 993 -1
2046 989 -1
2046 993 1
2047 992 1
2047 994 -1
2048 993 -1
2048 994 1
2049 990 1
2049 994 -1
2050 806 -1
2050 995 1
2051 960 1
2051 996 -1
2052 995 -1
2052 996 1
2053 967 -1
2053 997 1
2054 995 1
2054 997 -1
2055 961 -1
2055 998 1
2056 998 -1
2056 999 1
2057 968 1
2057 999 -1
2058 998 1
2058 1000 -1
2059 996 -1
2059 1000 1
2060 999 1
2060 1001 -1
2061 1000 -1
2061 1001 1
2062 997 1
2062 1001 -1
2063 812 -1
2063 1002 1
2064 969 1
2064 1003 -1
2065 1002 -1
2065 1003 1
2066 976 -1
2066 1004 1
2067 1002 1
2067 1004 -1
2068 970 -1
2068 1005 1
2069 1005 -1
2069 1006 1
2070 977 1
2070 1006 -1
2071 1005 1
2071 1007 -1
2072 1003 -1
2072 1007 1
2073 1006 1
2073 1008 -1
2074 1007 -1
2074 1008 1
2075 1004 1
2075 1008 -1
2076 818 -1
2076 1009 1
2077 978 1
2077 1010 -1
2078 1009 -1
2078 1010 1
2079 984 -1
2079 1011 1
2080 1009 1
2080 1011 -1
2081 979 -1
2081 1012 1
2082 1012 -1
2082 1013 1
2083 985 1
2083 1013 -1
2084 1012 1
2084 1014 -1
2085 1010 -1
2085 1014 1
2086 1013 1
2086 1015 -1
2087 1014 -1
2087 1015 1
2088 1011 1
2088 1015 -1
2089 801 1
2089 1016 -1
2090 988 -1
2090 1016 1
2091 822 1
2091 1017 -1
2092 1016 -1
2092 1018 1
2093 1017 1
2093 1018 -1
2094 1017 -1
2095 989 1
2095 1019 -1
2096 1019 1
2097 1018 1
2097 1020 -1
2098 1019 -1
2098 1020 1
2099 1020 -1
2100 807 1
2100 1021 -1
2101 995 -1
2101 1021 1
2102 827 -1
2102 1022 1
2103 1016 1
2103 1023 -1
2104 1022 -1
2104 1023 1
2105 828 1
2105 1024 -1
2106 1021 -1
2106 1025 1
2107 1024 1
2107 1025 -1
2108 1022 1
2108 1024 -1
2109 990 -1
2109 1026 1
2110 996 1
2110 1027 -1
2111 1026 -1
2111 1027 1
2112 1023 -1
2112 1028 1
2113 1026 1
2113 1028 -1
2114 1025 1
2114 1029 -1
2115 1027 -1
2115 1029 1
2116 1028 1
2116 1029 -1
2117 813 1
2117 1030 -1
2118 1002 -1
2118 1030 1
2119 833 -1
2119 1031 1
2120 1021 1
2120 1032 -1
2121 1031 -1
2121 1032 1
2122 834 1
2122 1033 -1
2123 1030 -1
2123 1034 1
2124 1033 1
2124 1034 -1
2125 1031 1
2125 1033 -1
2126 997 -1
2126 1035 1
2127 1003 1
2127 1036 -1
2128 1035 -1
2128 1036 1
2129 1032 -1
2129 1037 1
2130 1035 1
2130 1037 -1
2131 1034 1
2131 1038 -1
2132 1036 -1
2132 1038 1
2133 1037 1
2133 1038 -1
2134 819 1
2134 1039 -1
2135 1009 -1
2135 1039 1
2136 839 -1
2136 1040 1
2137 1030 1
2137 1041 -1
2138 1040 -1
2138 1041 1
2139 840 1
2139 1042 -1
2140 1039 -1
2140 1043 1
2141 1042 1
2141 1043 -1
2142 1040 1
2142 1042 -1
2143 1004 -1
2143 1044 1
2144 1010 1
2144 1045 -1
2145 1044 -1
2145 1045 1
2146 1041 -1
2146 1046 1
2147 1044 1
2147 1046 -1
2148 1043 1
2148 1047 -1
2149 1045 -1
2149 1047 1
2150 1046 1
2150 1047 -1
2151 843 -1
2151 1048 1
2152 1039 1
2152 1049 -1
2153 1048 -1
2153 1049 1
2154 1048 1
2155 1011 -1
2155 1050 1
2156 1050 -1
2157 1049 -1
2157 1051 1
2158 1050 1
2158 1051 -1
2159 1051 1
2160 848 -1
2160 1052 1
2161 1017 1
2161 1053 -1
2162 1052 -1
2162 1053 1
2163 1022 -1
2163 1054 1
2164 1052 1
2164 1054 -1
2165 1018 -1
2165 1055 1
2166 1055 -1
2166 1056 1
2167 1023 1
2167 1056 -1
2168 1055 1
2168 1057 -1
2169 1053 -1
2169 1057 1
2170 1056 1
2170 1058 -1
2171 1057 -1
2171 1058 1
2172 1054 1
2172 1058 -1
2173 854 -1
2173 1059 1
2174 1024 1
2174 1060 -1
2175 1059 -1
2175 1060 1
2176 1031 -1
2176 1061 1
2177 1059 1
2177 1061 -1
2178 1025 -1
2178 1062 1
2179 1062 -1
2179 1063 1
2180 1032 1
2180 1063 -1
2181 1062 1
2181 1064 -1
2182 1060 -1
2182 1064 1
2183 1063 1
2183 1065 -1
2184 1064 -1
2184 1065 1
2185 1061 1
2185 1065 -1
2186 860 -1
2186 1066 1
2187 1033 1
2187 1067 -1
2188 1066 -1
2188 1067 1
2189 1040 -1
2189 1068 1
2190 1066 1
2190 1068 -1
2191 1034 -1
2191 1069 1
2192 1069 -1
2192 1070 1
2193 1041 1
2193 1070 -1
2194 1069 1
2194 1071 -1
2195 1067 -1
2195 1071 1
2196 1070 1
2196 1072 -1
2197 1071 -1
2197 1072 1
2198 1068 1
2198 1072 -1
2199 866 -1
2199 1073 1
2200 1042 1
2200 1074 -1
2201 1073 -1
2201 1074 1
2202 1048 -1
2202 1075 1
2203 1073 1
2203 1075 -1
2204 1043 -1
2204 1076 1
2205 1076 -1
2205 1077 1
2206 1049 1
2206 1077 -1
2207 1076 1
2207 1078 -1
2208 1074 -1
2208 1078 1
2209 1077 1
2209 1079 -1
2210 1078 -1
2210 1079 1
2211 1075 1
2211 1079 -1
2212 849 1
2212 1080 -1
2213 1052 -1
2213 1080 1
2214 870 1
2214 1081 -1
2215 1080 -1
2215 1082 1
2216 1081 1
2216 1082 -1
2217 1081 -1
2218 1053 1
2218 1083 -1
2219 1083 1
2220 1082 1
2220 1084 -1
2221 1083 -1
2221 1084 1
2222 1084 -1
2223 855 1
2223 1085 -1
2224 1059 -1
2224 1085 1
2225 875 -1
2225 1086 1
2226 1080 1
2226 1087 -1
2227 1086 -1
2227 1087 1
2228 876 1
2228 1088 -1
2229 1085 -1
2229 1089 1
2230 1088 1
2230 1089 -1
2231 1086 1
2231 1088 -1
2232 1054 -1
2232 1090 1
2233 1060 1
2233 1091 -1
2234 1090 -1
2234 1091 1
2235 1087 -1
2235 1092 1
2236 1090 1
2236 1092 -1
2237 1089 1
2237 1093 -1
2238 1091 -1
2238 1093 1
2239 1092 1
2239 1093 -1
2240 861 1
2240 1094 -1
2241 1066 -1
2241 1094 1
2242 881 -1
2242 1095 1
2243 1085 1
2243 1096 -1
2244 1095 -1
2244 1096 1
2245 882 1
2245 1097 -1
2246 1094 -1
2246 1098 1
2247 1097 1
2247 1098 -1
2248 1095 1
2248 1097 -1
2249 1061 -1
2249 1099 1
2250 1067 1
2250 1100 -1
2251 1099 -1
2251 1100 1
2252 1096 -1
2252 1101 1
2253 1099 1
2253 1101 -1
2254 1098 1
2254 1102 -1
2255 1100 -1
2255 1102 1
2256 1101 1
2256 1102 -1
2257 867 1
2257 1103 -1
2258 1073 -1
2258 1103 1
2259 887 -1
2259 1104 1
2260 1094 1
2260 1105 -1
2261 1104 -1
2261 1105 1
2262 888 1
2262 1106 -1
2263 1103 -1
2263 1107 1
2264 1106 1
2264 1107 -1
2265 1104 1
2265 1106 -1
2266 1068 -1
2266 1108 1
2267 1074 1
2267 1109 -1
2268 1108 -1
2268 1109 1
2269 1105 -1
2269 1110 1
2270 1108 1
2270 1110 -1
2271 1107 1
2271 1111 -1
2272 1109 -1
2272 1111 1
2273 1110 1
2273 1111 -1
2274 891 -1
2274 1112 1
2275 1103 1
2275 1113 -1
2276 1112 -1
2276 1113 1
2277 1112 1
2278 1075 -1
2278 1114 1
2279 1114 -1
2280 1113 -1
2280 1115 1
2281 1114 1
2281 1115 -1
2282 1115 1
2283 892 -1
2283 1116 1
2284 1081 1
2284 1117 -1
2285 1116 -1
2285 1117 1
2286 1086 -1
2286 1118 1
2287 1116 1
2287 1118 -1
2288 1082 -1
2288 1119 1
2289 1119 -1
2289 1120 1
2290 1087 1
2290 1120 -1
2291 1119 1
2291 1121 -1
2292 1117 -1
2292 1121 1
2293 1120 1
2293 1122 -1
2294 1121 -1
2294 1122 1
2295 1118 1
2295 1122 -1
2296 893 -1
2296 1123 1
2297 1088 1
2297 1124 -1
2298 1123 -1
2298 1124 1
2299 1095 -1
2299 1125 1
2300 1123 1
2300 1125 -1
2301 1089 -1
2301 1126 1
2302 1126 -1
2302 1127 1
2303 1096 1
2303 1127 -1
2304 1126 1
2304 1128 -1
2305 1124 -1
2305 1128 1
2306 1127 1
2306 1129 -1
2307 1128 -1
2307 1129 1
2308 1125 1
2308 1129 -1
2309 894 -1
2309 1130 1
2310 1097 1
2310 1131 -1
2311 1130 -1
2311 1131 1
2312 1104 -1
2312 1132 1
2313 1130 1
2313 1132 -1
2314 1098 -1
2314 1133 1
2315 1133 -1
2315 1134 1
2316 1105 1
2316 1134 -1
2317 1133 1
2317 1135 -1
2318 1131 -1
2318 1135 1
2319 1134 1
2319 1136 -1
2320 1135 -1
2320 1136 1
2321 1132 1
2321 1136 -1
2322 895 -1
2322 1137 1
2323 1106 1
2323 1138 -1
2324 1137 -1
2324 1138 1
2325 1112 -1
2325 1139 1
2326 1137 1
2326 1139 -1
2327 1107 -1
2327 1140 1
2328 1140 -1
2328 1141 1
2329 1113 1
2329 1141 -1
2330 1140 1
2330 1142 -1
2331 1138 -1
2331 1142 1
2332 1141 1
2332 1143 -1
2333 1142 -1
2333 1143 1
2334 1139 1
2334 1143 -1
2335 1116 -1
2336 1117 1
2336 1144 -1
2337 1144 1
2338 1144 -1
2339 1123 -1
2340 1118 -1
2340 1145 1
2341 1124 1
2341 1146 -1
2342 1145 -1
2342 1146 1
2343 1145 1
2344 1146 -1
2345 1130 -1
2346 1125 -1
2346 1147 1
2347 1131 1
2347 1148 -1
2348 1147 -1
2348 1148 1
2349 1147 1
2350 1148 -1
2351 1137 -1
2352 1132 -1
2352 1149 1
2353 1138 1
2353 1150 -1
2354 1149 -1
2354 1150 1
2355 1149 1
2356 1150 -1
2357 1139 -1
2357 1151 1
2358 1151 -1
2359 1151 1
2360 927 -1
2360 1152 1
2361 899 1
2361 1153 -1
2362 1152 -1
2362 1153 1
2363 928 -1
2363 1154 1
2364 1152 1
2364 1154 -1
2365 905 -1
2365 1155 1
2366 1154 1
2366 1155 -1
2367 1156 -1
2368 1153 -1
2368 1156 1
2369 1155 1
2369 1156 -1
2370 934 -1
2370 1157 1
2371 906 1
2371 1158 -1
2372 1157 -1
2372 1158 1
2373 935 -1
2373 1159 1
2374 1157 1
2374 1159 -1
2375 912 -1
2375 1160 1
2376 1159 1
2376 1160 -1
2377 1161 -1
2378 1158 -1
2378 1161 1
2379 1160 1
2379 1161 -1
2380 941 -1
2380 1162 1
2381 913 1
2381 1163 -1
2382 1162 -1
2382 1163 1
2383 942 -1
2383 1164 1
2384 1162 1
2384 1164 -1
2385 919 -1
2385 1165 1
2386 1164 1
2386 1165 -1
2387 1166 -1
2388 1163 -1
2388 1166 1
2389 1165 1
2389 1166 -1
2390 948 -1
2390 1167 1
2391 920 1
2391 1168 -1
2392 1167 -1
2392 1168 1
2393 949 -1
2393 1169 1
2394 1167 1
2394 1169 -1
2395 923 -1
2395 1170 1
2396 1169 1
2396 1170 -1
2397 1171 -1
2398 1168 -1
2398 1171 1
2399 1170 1
2399 1171 -1
2400 929 1
2400 1172 -1
2401 1152 -1
2401 1172 1
2402 1172 -1
2402 1173 1
2403 955 1
2403 1173 -1
2404 1153 1
2404 1174 -1
2405 1174 1
2406 1173 1
2406 1174 -1
2407 930 1
2407 1175 -1
2408 1154 -1
2408 1175 1
2409 1172 1
2409 1175 -1
2410 936 1
2410 1176 -1
2411 1157 -1
2411 1176 1
2412 1175 1
2412 1177 -1
2413 962 -1
2413 1177 1
2414 1176 -1
2414 1178 1
2415 963 1
2415 1178 -1
2416 1155 -1
2416 1179 1
2417 1158 1
2417 1180 -1
2418 1179 -1
2418 1180 1
2419 1177 -1
2419 1179 1
2420 1178 1
2420 1180 -1
2421 937 1
2421 1181 -1
2422 1159 -1
2422 1181 1
2423 1176 1
2423 1181 -1
2424 943 1
2424 1182 -1
2425 1162 -1
2425 1182 1
2426 1181 1
2426 1183 -1
2427 971 -1
2427 1183 1
2428 1182 -1
2428 1184 1
2429 972 1
2429 1184 -1
2430 1160 -1
2430 1185 1
2431 1163 1
2431 1186 -1
2432 1185 -1
2432 1186 1
2433 1183 -1
2433 1185 1
2434 1184 1
2434 1186 -1
2435 944 1
2435 1187 -1
2436 1164 -1
2436 1187 1
2437 1182 1
2437 1187 -1
2438 950 1
2438 1188 -1
2439 1167 -1
2439 1188 1
2440 1187 1
2440 1189 -1
2441 980 -1
2441 1189 1
2442 1188 -1
2442 1190 1
2443 981 1
2443 1190 -1
2444 1165 -1
2444 1191 1
2445 1168 1
2445 1192 -1
2446 1191 -1
2446 1192 1
2447 1189 -1
2447 1191 1
2448 1190 1
2448 1192 -1
2449 951 1
2449 1193 -1
2450 1169 -1
2450 1193 1
2451 1188 1
2451 1193 -1
2452 1193 1
2452 1194 -1
2453 986 -1
2453 1194 1
2454 1170 -1
2454 1195 1
2455 1195 -1
2456 1194 -1
2456 1195 1
2457 991 -1
2457 1196 1
2458 956 1
2458 1197 -1
2459 1196 -1
2459 1197 1
2460 992 -1
2460 1198 1
2461 1196 1
2461 1198 -1
2462 964 -1
2462 1199 1
2463 1198 1
2463 1199 -1
2464 1173 -1
2464 1200 1
2465 1177 1
2465 1200 -1
2466 1200 1
2466 1201 -1
2467 1197 -1
2467 1201 1
2468 1199 1
2468 1201 -1
2469 998 -1
2469 1202 1
2470 965 1
2470 1203 -1
2471 1202 -1
2471 1203 1
2472 999 -1
2472 1204 1
2473 1202 1
2473 1204 -1
2474 973 -1
2474 1205 1
2475 1204 1
2475 1205 -1
2476 1178 -1
2476 1206 1
2477 1183 1
2477 1206 -1
2478 1206 1
2478 1207 -1
2479 1203 -1
2479 1207 1
2480 1205 1
2480 1207 -1
2481 1005 -1
2481 1208 1
2482 974 1
2482 1209 -1
2483 1208 -1
2483 1209 1
2484 1006 -1
2484 1210 1
2485 1208 1
2485 1210 -1
2486 982 -1
2486 1211 1
2487 1210 1
2487 1211 -1
2488 1184 -1
2488 1212 1
2489 1189 1
2489 1212 -1
2490 1212 1
2490 1213 -1
2491 1209 -1
2491 1213 1
2492 1211 1
2492 1213 -1
2493 1012 -1
2493 1214 1
2494 983 1
2494 1215 -1
2495 1214 -1
2495 1215 1
2496 1013 -1
2496 1216 1
2497 1214 1
2497 1216 -1
2498 987 -1
2498 1217 1
2499 1216 1
2499 1217 -1
2500 1190 -1
2500 1218 1
2501 1194 1
2501 1218 -1
2502 1218 1
2502 1219 -1
2503 1215 -1
2503 1219 1
2504 1217 1
2504 1219 -1
2505 993 1
2505 1220 -1
2506 1196 -1
2506 1220 1
2507 1220 -1
2507 1221 1
2508 1019 1
2508 1221 -1
2509 1197 1
2509 1222 -1
2510 1222 1
2511 1221 1
2511 1222 -1
2512 994 1
2512 1223 -1
2513 1198 -1
2513 1223 1
2514 1220 1
2514 1223 -1
2515 1000 1
2515 1224 -1
2516 1202 -1
2516 1224 1
2517 1223 1
2517 1225 -1
2518 1026 -1
2518 1225 1
2519 1224 -1
2519 1226 1
2520 1027 1
2520 1226 -1
2521 1199 -1
2521 1227 1
2522 1203 1
2522 1228 -1
2523 1227 -1
2523 1228 1
2524 1225 -1
2524 1227 1
2525 1226 1
2525 1228 -1
2526 1001 1
2526 1229 -1
2527 1204 -1
2527 1229 1
2528 1224 1
2528 1229 -1
2529 1007 1
2529 1230 -1
2530 1208 -1
2530 1230 1
2531 1229 1
2531 1231 -1
2532 1035 -1
2532 1231 1
2533 1230 -1
2533 1232 1
2534 1036 1
2534 1232 -1
2535 1205 -1
2535 1233 1
2536 1209 1
2536 1234 -1
2537 1233 -1
2537 1234 1
2538 1231 -1
2538 1233 1
2539 1232 1
2539 1234 -1
2540 1008 1
2540 1235 -1
2541 1210 -1
2541 1235 1
2542 1230 1
2542 1235 -1
2543 1014 1
2543 1236 -1
2544 1214 -1
2544 1236 1
2545 1235 1
2545 1237 -1
2546 1044 -1
2546 1237 1
2547 1236 -1
2547 1238 1
2548 1045 1
2548 1238 -1
2549 1211 -1
2549 1239 1
2550 1215 1
2550 1240 -1
2551 1239 -1
2551 1240 1
2552 1237 -1
2552 1239 1
2553 1238 1
2553 1240 -1
2554 1015 1
2554 1241 -1
2555 1216 -1
2555 1241 1
2556 1236 1
2556 1241 -1
2557 1241 1
2557 1242 -1
2558 1050 -1
2558 1242 1
2559 1217 -1
2559 1243 1
2560 1243 -1
2561 1242 -1
2561 1243 1
2562 1055 -1
2562 1244 1
2563 1020 1
2563 1245 -1
2564 1244 -1
2564 1245 1
2565 1056 -1
2565 1246 1
2566 1244 1
2566 1246 -1
2567 1028 -1
2567 1247 1
2568 1246 1
2568 1247 -1
2569 1221 -1
2569 1248 1
2570 1225 1
2570 1248 -1
2571 1248 1
2571 1249 -1
2572 1245 -1
2572 1249 1
2573 1247 1
2573 1249 -1
2574 1062 -1
2574 1250 1
2575 1029 1
2575 1251 -1
2576 1250 -1
2576 1251 1
2577 1063 -1
2577 1252 1
2578 1250 1
2578 1252 -1
2579 1037 -1
2579 1253 1
2580 1252 1
2580 1253 -1
2581 1226 -1
2581 1254 1
2582 1231 1
2582 1254 -1
2583 1254 1
2583 1255 -1
2584 1251 -1
2584 1255 1
2585 1253 1
2585 1255 -1
2586 1069 -1
2586 1256 1
2587 1038 1
2587 1257 -1
2588 1256 -1
2588 1257 1
2589 1070 -1
2589 1258 1
2590 1256 1
2590 1258 -1
2591 1046 -1
2591 1259 1
2592 1258 1
2592 1259 -1
2593 1232 -1
2593 1260 1
2594 1237 1
2594 1260 -1
2595 1260 1
2595 1261 -1
2596 1257 -1
2596 1261 1
2597 1259 1
2597 1261 -1
2598 1076 -1
2598 1262 1
2599 1047 1
2599 1263 -1
2600 1262 -1
2600 1263 1
2601 1077 -1
2601 1264 1
2602 1262 1
2602 1264 -1
2603 1051 -1
2603 1265 1
2604 1264 1
2604 1265 -1
2605 1238 -1
2605 1266 1
2606 1242 1
2606 1266 -1
2607 1266 1
2607 1267 -1
2608 1263 -1
2608 1267 1
2609 1265 1
2609 1267 -1
2610 1057 1
2610 1268 -1
2611 1244 -1
2611 1268 1
2612 1268 -1
2612 1269 1
2613 1083 1
2613 1269 -1
2614 1245 1
2614 1270 -1
2615 1270 1
2616 1269 1
2616 1270 -1
2617 1058 1
2617 1271 -1
2618 1246 -1
2618 1271 1
2619 1268 1
2619 1271 -1
2620 1064 1
2620 1272 -1
2621 1250 -1
2621 1272 1
2622 1271 1
2622 1273 -1
2623 1090 -1
2623 1273 1
2624 1272 -1
2624 1274 1
2625 1091 1
2625 1274 -1
2626 1247 -1
2626 1275 1
2627 1251 1
2627 1276 -1
2628 1275 -1
2628 1276 1
2629 1273 -1
2629 1275 1
2630 1274 1
2630 1276 -1
2631 1065 1
2631 1277 -1
2632 1252 -1
2632 1277 1
2633 1272 1
2633 1277 -1
2634 1071 1
2634 1278 -1
2635 1256 -1
2635 1278 1
2636 1277 1
2636 1279 -1
2637 1099 -1
2637 1279 1
2638 1278 -1
2638 1280 1
2639 1100 1
2639 1280 -1
2640 1253 -1
2640 1281 1
2641 1257 1
2641 1282 -1
2642 1281 -1
2642 1282 1
2643 1279 -1
2643 1281 1
2644 1280 1
2644 1282 -1
2645 1072 1
2645 1283 -1
2646 1258 -1
2646 1283 1
2647 1278 1
2647 1283 -1
2648 1078 1
2648 1284 -1
2649 1262 -1
2649 1284 1
2650 1283 1
2650 1285 -1
2651 1108 -1
2651 1285 1
2652 1284 -1
2652 1286 1
2653 1109 1
2653 1286 -1
2654 1259 -1
2654 1287 1
2655 1263 1
2655 1288 -1
2656 1287 -1
2656 1288 1
2657 1285 -1
2657 1287 1
2658 1286 1
2658 1288 -1
2659 1079 1
2659 1289 -1
2660 1264 -1
2660 1289 1
2661 1284 1
2661 1289 -1
2662 1289 1
2662 1290 -1
2663 1114 -1
2663 1290 1
2664 1265 -1
2664 1291 1
2665 1291 -1
2666 1290 -1
2666 1291 1
2667 1119 -1
2667 1292 1
2668 1084 1
2668 1293 -1
2669 1292 -1
2669 1293 1
2670 1120 -1
2670 1294 1
2671 1292 1
2671 1294 -1
2672 1092 -1
2672 1295 1
2673 1294 1
2673 1295 -1
2674 1269 -1
2674 1296 1
2675 1273 1
2675 1296 -1
2676 1296 1
2676 1297 -1
2677 1293 -1
2677 1297 1
2678 1295 1
2678 1297 -1
2679 1126 -1
2679 1298 1
2680 1093 1
2680 1299 -1
2681 1298 -1
2681 1299 1
2682 1127 -1
2682 1300 1
2683 1298 1
2683 1300 -1
2684 1101 -1
2684 1301 1
2685 1300 1
2685 1301 -1
2686 1274 -1
2686 1302 1
2687 1279 1
2687 1302 -1
2688 1302 1
2688 1303 -1
2689 1299 -1
2689 1303 1
2690 1301 1
2690 1303 -1
2691 1133 -1
2691 1304 1
2692 1102 1
2692 1305 -1
2693 1304 -1
2693 1305 1
2694 1134 -1
2694 1306 1
2695 1304 1
2695 1306 -1
2696 1110 -1
2696 1307 1
2697 1306 1
2697 1307 -1
2698 1280 -1
2698 1308 1
2699 1285 1
2699 1308 -1
2700 1308 1
2700 1309 -1
2701 1305 -1
2701 1309 1
2702 1307 1
2702 1309 -1
2703 1140 -1
2703 1310 1
2704 1111 1
2704 1311 -1
2705 1310 -1
2705 1311 1
2706 1141 -1
2706 1312 1
2707 1310 1
2707 1312 -1
2708 1115 -1
2708 1313 1
2709 1312 1
2709 1313 -1
2710 1286 -1
2710 1314 1
2711 1290 1
2711 1314 -1
2712 1314 1
2712 1315 -1
2713 1311 -1
2713 1315 1
2714 1313 1
2714 1315 -1
2715 1121 1
2715 1316 -1
2716 1292 -1
2716 1316 1
2717 1316 -1
2717 1317 1
2718 1144 1
2718 1317 -1
2719 1293 1
2719 1318 -1
2720 1318 1
2721 1317 1
2721 1318 -1
2722 1122 1
2722 1319 -1
2723 1294 -1
2723 1319 1
2724 1316 1
2724 1319 -1
2725 1128 1
2725 1320 -1
2726 1298 -1
2726 1320 1
2727 1319 1
2727 1321 -1
2728 1145 -1
2728 1321 1
2729 1320 -1
2729 1322 1
2730 1146 1
2730 1322 -1
2731 1295 -1
2731 1323 1
2732 1299 1
2732 1324 -1
2733 1323 -1
2733 1324 1
2734 1321 -1
2734 1323 1
2735 1322 1
2735 1324 -1
2736 1129 1
2736 1325 -1
2737 1300 -1
2737 1325 1
2738 1320 1
2738 1325 -1
2739 1135 1
2739 1326 -1
2740 1304 -1
2740 1326 1
2741 1325 1
2741 1327 -1
2742 1147 -1
2742 1327 1
2743 1326 -1
2743 1328 1
2744 1148 1
2744 1328 -1
2745 1301 -1
2745 1329 1
2746 1305 1
2746 1330 -1
2747 1329 -1
2747 1330 1
2748 1327 -1
2748 1329 1
2749 1328 1
2749 1330 -1
2750 1136 1
2750 1331 -1
2751 1306 -1
2751 1331 1
2752 1326 1
2752 1331 -1
2753 1142 1
2753 1332 -1
2754 1310 -1
2754 1332 1
2755 1331 1
2755 1333 -1
2756 1149 -1
2756 1333 1
2757 1332 -1
2757 1334 1
2758 1150 1
2758 1334 -1
2759 1307 -1
2759 1335 1
2760 1311 1
2760 1336 -1
2761 1335 -1
2761 1336 1
2762 1333 -1
2762 1335 1
2763 1334 1
2763 1336 -1
2764 1143 1
2764 1337 -1
2765 1312 -1
2765 1337 1
2766 1332 1
2766 1337 -1
2767 1337 1
2767 1338 -1
2768 1151 -1
2768 1338 1
2769 1313 -1
2769 1339 1
2770 1339 -1
2771 1338 -1
2771 1339 1
2772 1317 -1
2772 1340 1
2773 1321 1
2773 1340 -1
2774 1340 1
2775 1322 -1
2775 1341 1
2776 1327 1
2776 1341 -1
2777 1341 1
2778 1328 -1
2778 1342 1
2779 1333 1
2779 1342 -1
2780 1342 1
2781 1334 -1
2781 1343 1
2782 1338 1
2782 1343 -1
2783 1343 1
2784 1156 1
2784 1344 -1
2785 1344 1
2786 1174 1
2786 1345 -1
2787 1344 -1
2787 1346 1
2788 1345 1
2788 1346 -1
2789 1345 -1
2790 1346 1
2790 1347 -1
2791 1347 1
2792 1347 -1
2793 1161 1
2793 1348 -1
2794 1348 1
2795 1179 -1
2795 1349 1
2796 1344 1
2796 1350 -1
2797 1349 -1
2797 1350 1
2798 1180 1
2798 1351 -1
2799 1348 -1
2799 1352 1
2800 1351 1
2800 1352 -1
2801 1349 1
2801 1351 -1
2802 1350 -1
2802 1353 1
2803 1353 -1
2804 1352 1
2804 1354 -1
2805 1354 1
2806 1353 1
2806 1354 -1
2807 1166 1
2807 1355 -1
2808 1355 1
2809 1185 -1
2809 1356 1
2810 1348 1
2810 1357 -1
2811 1356 -1
2811 1357 1
2812 1186 1
2812 1358 -1
2813 1355 -1
2813 1359 1
2814 1358 1
2814 1359 -1
2815 1356 1
2815 1358 -1
2816 1357 -1
2816 1360 1
2817 1360 -1
2818 1359 1
2818 1361 -1
2819 1361 1
2820 1360 1
2820 1361 -1
2821 1171 1
2821 1362 -1
2822 1362 1
2823 1191 -1
2823 1363 1
2824 1355 1
2824 1364 -1
2825 1363 -1
2825 1364 1
2826 1192 1
2826 1365 -1
2827 1362 -1
2827 1366 1
2828 1365 1
2828 1366 -1
2829 1363 1
2829 1365 -1
2830 1364 -1
2830 1367 1
2831 1367 -1
2832 1366 1
2832 1368 -1
2833 1368 1
2834 1367 1
2834 1368 -1
2835 1195 -1
2835 1369 1
2836 1362 1
2836 1370 -1
2837 1369 -1
2837 1370 1
2838 1369 1
2839 1370 -1
2839 1371 1
2840 1371 -1
2841 1371 1
2842 1200 -1
2842 1372 1
2843 1345 1
2843 1373 -1
2844 1372 -1
2844 1373 1
2845 1349 -1
2845 1374 1
2846 1372 1
2846 1374 -1
2847 1346 -1
2847 1375 1
2848 1375 -1
2848 1376 1
2849 1350 1
2849 1376 -1
2850 1375 1
2850 1377 -1
2851 1373 -1
2851 1377 1
2852 1376 1
2852 1378 -1
2853 1377 -1
2853 1378 1
2854 1374 1
2854 1378 -1
2855 1206 -1
2855 1379 1
2856 1351 1
2856 1380 -1
2857 1379 -1
2857 1380 1
2858 1356 -1
2858 1381 1
2859 1379 1
2859 1381 -1
2860 1352 -1
2860 1382 1
2861 1382 -1
2861 1383 1
2862 1357 1
2862 1383 -1
2863 1382 1
2863 1384 -1
2864 1380 -1
2864 1384 1
2865 1383 1
2865 1385 -1
2866 1384 -1
2866 1385 1
2867 1381 1
2867 1385 -1
2868 1212 -1
2868 1386 1
2869 1358 1
2869 1387 -1
2870 1386 -1
2870 1387 1
2871 1363 -1
2871 1388 1
2872 1386 1
2872 1388 -1
2873 1359 -1
2873 1389 1
2874 1389 -1
2874 1390 1
2875 1364 1
2875 1390 -1
2876 1389 1
2876 1391 -1
2877 1387 -1
2877 1391 1
2878 1390 1
2878 1392 -1
2879 1391 -1
2879 1392 1
2880 1388 1
2880 1392 -1
2881 1218 -1
2881 1393 1
2882 1365 1
2882 1394 -1
2883 1393 -1
2883 1394 1
2884 1369 -1
2884 1395 1
2885 1393 1
2885 1395 -1
2886 1366 -1
2886 1396 1
2887 1396 -1
2887 1397 1
2888 1370 1
2888 1397 -1
2889 1396 1
2889 1398 -1
2890 1394 -1
2890 1398 1
2891 1397 1
2891 1399 -1
2892 1398 -1
2892 1399 1
2893 1395 1
2893 1399 -1
2894 1201 1
2894 1400 -1
2895 1372 -1
2895 1400 1
2896 1222 1
2896 1401 -1
2897 1400 -1
2897 1402 1
2898 1401 1
2898 1402 -1
2899 1401 -1
2900 1373 1
2900 1403 -1
2901 1403 1
2902 1402 1
2902 1404 -1
2903 1403 -1
2903 1404 1
2904 1404 -1
2905 1207 1
2905 1405 -1
2906 1379 -1
2906 1405 1
2907 1227 -1
2907 1406 1
2908 1400 1
2908 1407 -1
2909 1406 -1
2909 1407 1
2910 1228 1
2910 1408 -1
2911 1405 -1
2911 1409 1
2912 1408 1
2912 1409 -1
2913 1406 1
2913 1408 -1
2914 1374 -1
2914 1410 1
2915 1380 1
2915 1411 -1
2916 1410 -1
2916 1411 1
2917 1407 -1
2917 1412 1
2918 1410 1
2918 1412 -1
2919 1409 1
2919 1413 -1
2920 1411 -1
2920 1413 1
2921 1412 1
2921 1413 -1
2922 1213 1
2922 1414 -1
2923 1386 -1
2923 1414 1
2924 1233 -1
2924 1415 1
2925 1405 1
2925 1416 -1
2926 1415 -1
2926 1416 1
2927 1234 1
2927 1417 -1
2928 1414 -1
2928 1418 1
2929 1417 1
2929 1418 -1
2930 1415 1
2930 1417 -1
2931 1381 -1
2931 1419 1
2932 1387 1
2932 1420 -1
2933 1419 -1
2933 1420 1
2934 1416 -1
2934 1421 1
2935 1419 1
2935 1421 -1
2936 1418 1
2936 1422 -1
2937 1420 -1
2937 1422 1
2938 1421 1
2938 1422 -1
2939 1219 1
2939 1423 -1
2940 1393 -1
2940 1423 1
2941 1239 -1
2941 1424 1
2942 1414 1
2942 1425 -1
2943 1424 -1
2943 1425 1
2944 1240 1
2944 1426 -1
2945 1423 -1
2945 1427 1
2946 1426 1
2946 1427 -1
2947 1424 1
2947 1426 -1
2948 1388 -1
2948 1428 1
2949 1394 1
2949 1429 -1
2950 1428 -1
2950 1429 1
2951 1425 -1
2951 1430 1
2952 1428 1
2952 1430 -1
2953 1427 1
2953 1431 -1
2954 1429 -1
2954 1431 1
2955 1430 1
2955 1431 -1
2956 1243 -1
2956 1432 1
2957 1423 1
2957 1433 -1
2958 1432 -1
2958 1433 1
2959 1432 1
2960 1395 -1
2960 1434 1
2961 1434 -1
2962 1433 -1
2962 1435 1
2963 1434 1
2963 1435 -1
2964 1435 1
2965 1248 -1
2965 1436 1
2966 1401 1
2966 1437 -1
2967 1436 -1
2967 1437 1
2968 1406 -1
2968 1438 1
2969 1436 1
2969 1438 -1
2970 1402 -1
2970 1439 1
2971 1439 -1
2971 1440 1
2972 1407 1
2972 1440 -1
2973 1439 1
2973 1441 -1
2974 1437 -1
2974 1441 1
2975 1440 1
2975 1442 -1
2976 1441 -1
2976 1442 1
2977 1438 1
2977 1442 -1
2978 1254 -1
2978 1443 1
2979 1408 1
2979 1444 -1
2980 1443 -1
2980 1444 1
2981 1415 -1
2981 1445 1
2982 1443 1
2982 1445 -1
2983 1409 -1
2983 1446 1
2984 1446 -1
2984 1447 1
2985 1416 1
2985 1447 -1
2986 1446 1
2986 1448 -1
2987 1444 -1
2987 1448 1
2988 1447 1
2988 1449 -1
2989 1448 -1
2989 1449 1
2990 1445 1
2990 1449 -1
2991 1260 -1
2991 1450 1
2992 1417 1
2992 1451 -1
2993 1450 -1
2993 1451 1
2994 1424 -1
2994 1452 1
2995 1450 1
2995 1452 -1
2996 1418 -1
2996 1453 1
2997 1453 -1
2997 1454 1
2998 1425 1
2998 1454 -1
2999 1453 1
2999 1455 -1
3000 1451 -1
3000 1455 1
3001 1454 1
3001 1456 -1
3002 1455 -1
3002 1456 1
3003 1452 1
3003 1456 -1
3004 1266 -1
3004 1457 1
3005 1426 1
3005 1458 -1
3006 1457 -1
3006 1458 1
3007 1432 -1
3007 1459 1
3008 1457 1
3008 1459 -1
3009 1427 -1
3009 1460 1
3010 1460 -1
3010 1461 1
3011 1433 1
3011 1461 -1
3012 1460 1
3012 1462 -1
3013 1458 -1
3013 1462 1
3014 1461 1
3014 1463 -1
3015 1462 -1
3015 1463 1
3016 1459 1
3016 1463 -1
3017 1249 1
3017 1464 -1
3018 1436 -1
3018 1464 1
3019 1270 1
3019 1465 -1
3020 1464 -1
3020 1466 1
3021 1465 1
3021 1466 -1
3022 1465 -1
3023 1437 1
3023 1467 -1
3024 1467 1
3025 1466 1
3025 1468 -1
3026 1467 -1
3026 1468 1
3027 1468 -1
3028 1255 1
3028 1469 -1
3029 1443 -1
3029 1469 1
3030 1275 -1
3030 1470 1
3031 1464 1
3031 1471 -1
3032 1470 -1
3032 1471 1
3033 1276 1
3033 1472 -1
3034 1469 -1
3034 1473 1
3035 1472 1
3035 1473 -1
3036 1470 1
3036 1472 -1
3037 1438 -1
3037 1474 1
3038 1444 1
3038 1475 -1
3039 1474 -1
3039 1475 1
3040 1471 -1
3040 1476 1
3041 1474 1
3041 1476 -1
3042 1473 1
3042 1477 -1
3043 1475 -1
3043 1477 1
3044 1476 1
3044 1477 -1
3045 1261 1
3045 1478 -1
3046 1450 -1
3046 1478 1
3047 1281 -1
3047 1479 1
3048 1469 1
3048 1480 -1
3049 1479 -1
3049 1480 1
3050 1282 1
3050 1481 -1
3051 1478 -1
3051 1482 1
3052 1481 1
3052 1482 -1
3053 1479 1
3053 1481 -1
3054 1445 -1
3054 1483 1
3055 1451 1
3055 1484 -1
3056 1483 -1
3056 1484 1
3057 1480 -1
3057 1485 1
3058 1483 1
3058 1485 -1
3059 1482 1
3059 1486 -1
3060 1484 -1
3060 1486 1
3061 1485 1
3061 1486 -1
3062 1267 1
3062 1487 -1
3063 1457 -1
3063 1487 1
3064 1287 -1
3064 1488 1
3065 1478 1
3065 1489 -1
3066 1488 -1
3066 1489 1
3067 1288 1
3067 1490 -1
3068 1487 -1
3068 1491 1
3069 1490 1
3069 1491 -1
3070 1488 1
3070 1490 -1
3071 1452 -1
3071 1492 1
3072 1458 1
3072 1493 -1
3073 1492 -1
3073 1493 1
3074 1489 -1
3074 1494 1
3075 1492 1
3075 1494 -1
3076 1491 1
3076 1495 -1
3077 1493 -1
3077 1495 1
3078 1494 1
3078 1495 -1
3079 1291 -1
3079 1496 1
3080 1487 1
3080 1497 -1
3081 1496 -1
3081 1497 1
3082 1496 1
3083 1459 -1
3083 1498 1
3084 1498 -1
3085 1497 -1
3085 1499 1
3086 1498 1
3086 1499 -1
3087 1499 1
3088 1296 -1
3088 1500 1
3089 1465 1
3089 1501 -1
3090 1500 -1
3090 1501 1
3091 1470 -1
3091 1502 1
3092 1500 1
3092 1502 -1
3093 1466 -1
3093 1503 1
3094 1503 -1
3094 1504 1
3095 1471 1
3095 1504 -1
3096 1503 1
3096 1505 -1
3097 1501 -1
3097 1505 1
3098 1504 1
3098 1506 -1
3099 1505 -1
3099 1506 1
3100 1502 1
3100 1506 -1
3101 1302 -1
3101 1507 1
3102 1472 1
3102 1508 -1
3103 1507 -1
3103 1508 1
3104 1479 -1
3104 1509 1
3105 1507 1
3105 1509 -1
3106 1473 -1
3106 1510 1
3107 1510 -1
3107 1511 1
3108 1480 1
3108 1511 -1
3109 1510 1
3109 1512 -1
3110 1508 -1
3110 1512 1
3111 1511 1
3111 1513 -1
3112 1512 -1
3112 1513 1
3113 1509 1
3113 1513 -1
3114 1308 -1
3114 1514 1
3115 1481 1
3115 1515 -1
3116 1514 -1
3116 1515 1
3117 1488 -1
3117 1516 1
3118 1514 1
3118 1516 -1
3119 1482 -1
3119 1517 1
3120 1517 -1
3120 1518 1
3121 1489 1
3121 1518 -1
3122 1517 1
3122 1519 -1
3123 1515 -1
3123 1519 1
3124 1518 1
3124 1520 -1
3125 1519 -1
3125 1520 1
3126 1516 1
3126 1520 -1
3127 1314 -1
3127 1521 1
3128 1490 1
3128 1522 -1
3129 1521 -1
3129 1522 1
3130 1496 -1
3130 1523 1
3131 1521 1
3131 1523 -1
3132 1491 -1
3132 1524 1
3133 1524 -1
3133 1525 1
3134 1497 1
3134 1525 -1
3135 1524 1
3135 1526 -1
3136 1522 -1
3136 1526 1
3137 1525 1
3137 1527 -1
3138 1526 -1
3138 1527 1
3139 1523 1
3139 1527 -1
3140 1297 1
3140 1528 -1
3141 1500 -1
3141 1528 1
3142 1318 1
3142 1529 -1
3143 1528 -1
3143 1530 1
3144 1529 1
3144 1530 -1
3145 1529 -1
3146 1501 1
3146 1531 -1
3147 1531 1
3148 1530 1
3148 1532 -1
3149 1531 -1
3149 1532 1
3150 1532 -1
3151 1303 1
3151 1533 -1
3152 1507 -1
3152 1533 1
3153 1323 -1
3153 1534 1
3154 1528 1
3154 1535 -1
3155 1534 -1
3155 1535 1
3156 1324 1
3156 1536 -1
3157 1533 -1
3157 1537 1
3158 1536 1
3158 1537 -1
3159 1534 1
3159 1536 -1
3160 1502 -1
3160 1538 1
3161 1508 1
3161 1539 -1
3162 1538 -1
3162 1539 1
3163 1535 -1
3163 1540 1
3164 1538 1
3164 1540 -1
3165 1537 1
3165 1541 -1
3166 1539 -1
3166 1541 1
3167 1540 1
3167 1541 -1
3168 1309 1
3168 1542 -1
3169 1514 -1
3169 1542 1
3170 1329 -1
3170 1543 1
3171 1533 1
3171 1544 -1
3172 1543 -1
3172 1544 1
3173 1330 1
3173 1545 -1
3174 1542 -1
3174 1546 1
3175 1545 1
3175 1546 -1
3176 1543 1
3176 1545 -1
3177 1509 -1
3177 1547 1
3178 1515 1
3178 1548 -1
3179 1547 -1
3179 1548 1
3180 1544 -1
3180 1549 1
3181 1547 1
3181 1549 -1
3182 1546 1
3182 1550 -1
3183 1548 -1
3183 1550 1
3184 1549 1
3184 1550 -1
3185 1315 1
3185 1551 -1
3186 1521 -1
3186 1551 1
3187 1335 -1
3187 1552 1
3188 1542 1
3188 1553 -1
3189 1552 -1
3189 1553 1
3190 1336 1
3190 1554 -1
3191 1551 -1
3191 1555 1
3192 1554 1
3192 1555 -1
3193 1552 1
3193 1554 -1
3194 1516 -1
3194 1556 1
3195 1522 1
3195 1557 -1
3196 1556 -1
3196 1557 1
3197 1553 -1
3197 1558 1
3198 1556 1
3198 1558 -1
3199 1555 1
3199 1559 -1
3200 1557 -1
3200 1559 1
3201 1558 1
3201 1559 -1
3202 1339 -1
3202 1560 1
3203 1551 1
3203 1561 -1
3204 1560 -1
3204 1561 1
3205 1560 1
3206 1523 -1
3206 1562 1
3207 1562 -1
3208 1561 -1
3208 1563 1
3209 1562 1
3209 1563 -1
3210 1563 1
3211 1340 -1
3211 1564 1
3212 1529 1
3212 1565 -1
3213 1564 -1
3213 1565 1
3214 1534 -1
3214 1566 1
3215 1564 1
3215 1566 -1
3216 1530 -1
3216 1567 1
3217 1567 -1
3217 1568 1
3218 1535 1
3218 1568 -1
3219 1567 1
3219 1569 -1
3220 1565 -1
3220 1569 1
3221 1568 1
3221 1570 -1
3222 1569 -1
3222 1570 1
3223 1566 1
3223 1570 -1
3224 1341 -1
3224 1571 1
3225 1536 1
3225 1572 -1
3226 1571 -1
3226 1572 1
3227 1543 -1
3227 1573 1
3228 1571 1
3228 1573 -1
3229 1537 -1
3229 1574 1
3230 1574 -1
3230 1575 1
3231 1544 1
3231 1575 -1
3232 1574 1
3232 1576 -1
3233 1572 -1
3233 1576 1
3234 1575 1
3234 1577 -1
3235 1576 -1
3235 1577 1
3236 1573 1
3236 1577 -1
3237 1342 -1
3237 1578 1
3238 1545 1
3238 1579 -1
3239 1578 -1
3239 1579 1
3240 1552 -1
3240 1580 1
3241 1578 1
3241 1580 -1
3242 1546 -1
3242 1581 1
3243 1581 -1
3243 1582 1
3244 1553 1
3244 1582 -1
3245 1581 1
3245 1583 -1
3246 1579 -1
3246 1583 1
3247 1582 1
3247 1584 -1
3248 1583 -1
3248 1584 1
3249 1580 1
3249 1584 -1
3250 1343 -1
3250 1585 1
3251 1554 1
3251 1586 -1
3252 1585 -1
3252 1586 1
3253 1560 -1
3253 1587 1
3254 1585 1
3254 1587 -1
3255 1555 -1
3255 1588 1
3256 1588 -1
3256 1589 1
3257 1561 1
3257 1589 -1
3258 1588 1
3258 1590 -1
3259 1586 -1
3259 1590 1
3260 1589 1
3260 1591 -1
3261 1590 -1
3261 1591 1
3262 1587 1
3262 1591 -1
3263 1564 -1
3264 1565 1
3264 1592 -1
3265 1592 1
3266 1592 -1
3267 1571 -1
3268 1566 -1
3268 1593 1
3269 1572 1
3269 1594 -1
3270 1593 -1
3270 1594 1
3271 1593 1
3272 1594 -1
3273 1578 -1
3274 1573 -1
3274 1595 1
3275 1579 1
3275 1596 -1
3276 1595 -1
3276 1596 1
3277 1595 1
3278 1596 -1
3279 1585 -1
3280 1580 -1
3280 1597 1
3281 1586 1
3281 1598 -1
3282 1597 -1
3282 1598 1
3283 1597 1
3284 1598 -1
3285 1587 -1
3285 1599 1
3286 1599 -1
3287 1599 1
3288 1375 -1
3288 1600 1
3289 1347 1
3289 1601 -1
3290 1600 -1
3290 1601 1
3291 1376 -1
3291 1602 1
3292 1600 1
3292 1602 -1
3293 1353 -1
3293 1603 1
3294 1602 1
3294 1603 -1
3295 1604 -1
3296 1601 -1
3296 1604 1
3297 1603 1
3297 1604 -1
3298 1382 -1
3298 1605 1
3299 1354 1
3299 1606 -1
3300 1605 -1
3300 1606 1
3301 1383 -1
3301 1607 1
3302 1605 1
3302 1607 -1
3303 1360 -1
3303 1608 1
3304 1607 1
3304 1608 -1
3305 1609 -1
3306 1606 -1
3306 1609 1
3307 1608 1
3307 1609 -1
3308 1389 -1
3308 1610 1
3309 1361 1
3309 1611 -1
3310 1610 -1
3310 1611 1
3311 1390 -1
3311 1612 1
3312 1610 1
3312 1612 -1
3313 1367 -1
3313 1613 1
3314 1612 1
3314 1613 -1
3315 1614 -1
3316 1611 -1
3316 1614 1
3317 1613 1
3317 1614 -1
3318 1396 -1
3318 1615 1
3319 1368 1
3319 1616 -1
3320 1615 -1
3320 1616 1
3321 1397 -1
3321 1617 1
3322 1615 1
3322 1617 -1
3323 1371 -1
3323 1618 1
3324 1617 1
3324 1618 -1
3325 1619 -1
3326 1616 -1
3326 1619 1
3327 1618 1
3327 1619 -1
3328 1377 1
3328 1620 -1
3329 1600 -1
3329 1620 1
3330 1620 -1
3330 1621 1
3331 1403 1
3331 1621 -1
3332 1601 1
3332 1622 -1
3333 1622 1
3334 1621 1
3334 1622 -1
3335 1378 1
3335 1623 -1
3336 1602 -1
3336 1623 1
3337 1620 1
3337 1623 -1
3338 1384 1
3338 1624 -1
3339 1605 -1
3339 1624 1
3340 1623 1
3340 1625 -1
3341 1410 -1
3341 1625 1
3342 1624 -1
3342 1626 1
3343 1411 1
3343 1626 -1
3344 1603 -1
3344 1627 1
3345 1606 1
3345 1628 -1
3346 1627 -1
3346 1628 1
3347 1625 -1
3347 1627 1
3348 1626 1
3348 1628 -1
3349 1385 1
3349 1629 -1
3350 1607 -1
3350 1629 1
3351 1624 1
3351 1629 -1
3352 1391 1
3352 1630 -1
3353 1610 -1
3353 1630 1
3354 1629 1
3354 1631 -1
3355 1419 -1
3355 1631 1
3356 1630 -1
3356 1632 1
3357 1420 1
3357 1632 -1
3358 1608 -1
3358 1633 1
3359 1611 1
3359 1634 -1
3360 1633 -1
3360 1634 1
3361 1631 -1
3361 1633 1
3362 1632 1
3362 1634 -1
3363 1392 1
3363 1635 -1
3364 1612 -1
3364 1635 1
3365 1630 1
3365 1635 -1
3366 1398 1
3366 1636 -1
3367 1615 -1
3367 1636 1
3368 1635 1
3368 1637 -1
3369 1428 -1
3369 1637 1
3370 1636 -1
3370 1638 1
3371 1429 1
3371 1638 -1
3372 1613 -1
3372 1639 1
3373 1616 1
3373 1640 -1
3374 1639 -1
3374 1640 1
3375 1637 -1
3375 1639 1
3376 1638 1
3376 1640 -1
3377 1399 1
3377 1641 -1
3378 1617 -1
3378 1641 1
3379 1636 1
3379 1641 -1
3380 1641 1
3380 1642 -1
3381 1434 -1
3381 1642 1
3382 1618 -1
3382 1643 1
3383 1643 -1
3384 1642 -1
3384 1643 1
3385 1439 -1
3385 1644 1
3386 1404 1
3386 1645 -1
3387 1644 -1
3387 1645 1
3388 1440 -1
3388 1646 1
3389 1644 1
3389 1646 -1
3390 1412 -1
3390 1647 1
3391 1646 1
3391 1647 -1
3392 1621 -1
3392 1648 1
3393 1625 1
3393 1648 -1
3394 1648 1
3394 1649 -1
3395 1645 -1
3395 1649 1
3396 1647 1
3396 1649 -1
3397 1446 -1
3397 1650 1
3398 1413 1
3398 1651 -1
3399 1650 -1
3399 1651 1
3400 1447 -1
3400 1652 1
3401 1650 1
3401 1652 -1
3402 1421 -1
3402 1653 1
3403 1652 1
3403 1653 -1
3404 1626 -1
3404 1654 1
3405 1631 1
3405 1654 -1
3406 1654 1
3406 1655 -1
3407 1651 -1
3407 1655 1
3408 1653 1
3408 1655 -1
3409 1453 -1
3409 1656 1
3410 1422 1
3410 1657 -1
3411 1656 -1
3411 1657 1
3412 1454 -1
3412 1658 1
3413 1656 1
3413 1658 -1
3414 1430 -1
3414 1659 1
3415 1658 1
3415 1659 -1
3416 1632 -1
3416 1660 1
3417 1637 1
3417 1660 -1
3418 1660 1
3418 1661 -1
3419 1657 -1
3419 1661 1
3420 1659 1
3420 1661 -1
3421 1460 -1
3421 1662 1
3422 1431 1
3422 1663 -1
3423 1662 -1
3423 1663 1
3424 1461 -1
3424 1664 1
3425 1662 1
3425 1664 -1
3426 1435 -1
3426 1665 1
3427 1664 1
3427 1665 -1
3428 1638 -1
3428 1666 1
3429 1642 1
3429 1666 -1
3430 1666 1
3430 1667 -1
3431 1663 -1
3431 1667 1
3432 1665 1
3432 1667 -1
3433 1441 1
3433 1668 -1
3434 1644 -1
3434 1668 1
3435 1668 -1
3435 1669 1
3436 1467 1
3436 1669 -1
3437 1645 1
3437 1670 -1
3438 1670 1
3439 1669 1
3439 1670 -1
3440 1442 1
3440 1671 -1
3441 1646 -1
3441 1671 1
3442 1668 1
3442 1671 -1
3443 1448 1
3443 1672 -1
3444 1650 -1
3444 1672 1
3445 1671 1
3445 1673 -1
3446 1474 -1
3446 1673 1
3447 1672 -1
3447 1674 1
3448 1475 1
3448 1674 -1
3449 1647 -1
3449 1675 1
3450 1651 1
3450 1676 -1
3451 1675 -1
3451 1676 1
3452 1673 -1
3452 1675 1
3453 1674 1
3453 1676 -1
3454 1449 1
3454 1677 -1
3455 1652 -1
3455 1677 1
3456 1672 1
3456 1677 -1
3457 1455 1
3457 1678 -1
3458 1656 -1
3458 1678 1
3459 1677 1
3459 1679 -1
3460 1483 -1
3460 1679 1
3461 1678 -1
3461 1680 1
3462 1484 1
3462 1680 -1
3463 1653 -1
3463 1681 1
3464 1657 1
3464 1682 -1
3465 1681 -1
3465 1682 1
3466 1679 -1
3466 1681 1
3467 1680 1
3467 1682 -1
3468 1456 1
3468 1683 -1
3469 1658 -1
3469 1683 1
3470 1678 1
3470 1683 -1
3471 1462 1
3471 1684 -1
3472 1662 -1
3472 1684 1
3473 1683 1
3473 1685 -1
3474 1492 -1
3474 1685 1
3475 1684 -1
3475 1686 1
3476 1493 1
3476 1686 -1
3477 1659 -1
3477 1687 1
3478 1663 1
3478 1688 -1
3479 1687 -1
3479 1688 1
3480 1685 -1
3480 1687 1
3481 1686 1
3481 1688 -1
3482 1463 1
3482 1689 -1
3483 1664 -1
3483 1689 1
3484 1684 1
3484 1689 -1
3485 1689 1
3485 1690 -1
3486 1498 -1
3486 1690 1
3487 1665 -1
3487 1691 1
3488 1691 -1
3489 1690 -1
3489 1691 1
3490 1503 -1
3490 1692 1
3491 1468 1
3491 1693 -1
3492 1692 -1
3492 1693 1
3493 1504 -1
3493 1694 1
3494 1692 1
3494 1694 -1
3495 1476 -1
3495 1695 1
3496 1694 1
3496 1695 -1
3497 1669 -1
3497 1696 1
3498 1673 1
3498 1696 -1
3499 1696 1
3499 1697 -1
3500 1693 -1
3500 1697 1
3501 1695 1
3501 1697 -1
3502 1510 -1
3502 1698 1
3503 1477 1
3503 1699 -1
3504 1698 -1
3504 1699 1
3505 1511 -1
3505 1700 1
3506 1698 1
3506 1700 -1
3507 1485 -1
3507 1701 1
3508 1700 1
3508 1701 -1
3509 1674 -1
3509 1702 1
3510 1679 1
3510 1702 -1
3511 1702 1
3511 1703 -1
3512 1699 -1
3512 1703 1
3513 1701 1
3513 1703 -1
3514 1517 -1
3514 1704 1
3515 1486 1
3515 1705 -1
3516 1704 -1
3516 1705 1
3517 1518 -1
3517 1706 1
3518 1704 1
3518 1706 -1
3519 1494 -1
3519 1707 1
3520 1706 1
3520 1707 -1
3521 1680 -1
3521 1708 1
3522 1685 1
3522 1708 -1
3523 1708 1
3523 1709 -1
3524 1705 -1
3524 1709 1
3525 1707 1
3525 1709 -1
3526 1524 -1
3526 1710 1
3527 1495 1
3527 1711 -1
3528 1710 -1
3528 1711 1
3529 1525 -1
3529 1712 1
3530 1710 1
3530 1712 -1
3531 1499 -1
3531 1713 1
3532 1712 1
3532 1713 -1
3533 1686 -1
3533 1714 1
3534 1690 1
3534 1714 -1
3535 1714 1
3535 1715 -1
3536 1711 -1
3536 1715 1
3537 1713 1
3537 1715 -1
3538 1505 1
3538 1716 -1
3539 1692 -1
3539 1716 1
3540 1716 -1
3540 1717 1
3541 1531 1
3541 1717 -1
3542 1693 1
3542 1718 -1
3543 1718 1
3544 1717 1
3544 1718 -1
3545 1506 1
3545 1719 -1
3546 1694 -1
3546 1719 1
3547 1716 1
3547 1719 -1
3548 1512 1
3548 1720 -1
3549 1698 -1
3549 1720 1
3550 1719 1
3550 1721 -1
3551 1538 -1
3551 1721 1
3552 1720 -1
3552 1722 1
3553 1539 1
3553 1722 -1
3554 1695 -1
3554 1723 1
3555 1699 1
3555 1724 -1
3556 1723 -1
3556 1724 1
3557 1721 -1
3557 1723 1
3558 1722 1
3558 1724 -1
3559 1513 1
3559 1725 -1
3560 1700 -1
3560 1725 1
3561 1720 1
3561 1725 -1
3562 1519 1
3562 1726 -1
3563 1704 -1
3563 1726 1
3564 1725 1
3564 1727 -1
3565 1547 -1
3565 1727 1
3566 1726 -1
3566 1728 1
3567 1548 1
3567 1728 -1
3568 1701 -1
3568 1729 1
3569 1705 1
3569 1730 -1
3570 1729 -1
3570 1730 1
3571 1727 -1
3571 1729 1
3572 1728 1
3572 1730 -1
3573 1520 1
3573 1731 -1
3574 1706 -1
3574 1731 1
3575 1726 1
3575 1731 -1
3576 1526 1
3576 1732 -1
3577 1710 -1
3577 1732 1
3578 1731 1
3578 1733 -1
3579 1556 -1
3579 1733 1
3580 1732 -1
3580 1734 1
3581 1557 1
3581 1734 -1
3582 1707 -1
3582 1735 1
3583 1711 1
3583 1736 -1
3584 1735 -1
3584 1736 1
3585 1733 -1
3585 1735 1
3586 1734 1
3586 1736 -1
3587 1527 1
3587 1737 -1
3588 1712 -1
3588 1737 1
3589 1732 1
3589 1737 -1
3590 1737 1
3590 1738 -1
3591 1562 -1
3591 1738 1
3592 1713 -1
3592 1739 1
3593 1739 -1
3594 1738 -1
3594 1739 1
3595 1567 -1
3595 1740 1
3596 1532 1
3596 1741 -1
3597 1740 -1
3597 1741 1
3598 1568 -1
3598 1742 1
3599 1740 1
3599 1742 -1
3600 1540 -1
3600 1743 1
3601 1742 1
3601 1743 -1
3602 1717 -1
3602 1744 1
3603 1721 1
3603 1744 -1
3604 1744 1
3604 1745 -1
3605 1741 -1
3605 1745 1
3606 1743 1
3606 1745 -1
3607 1574 -1
3607 1746 1
3608 1541 1
3608 1747 -1
3609 1746 -1
3609 1747 1
3610 1575 -1
3610 1748 1
3611 1746 1
3611 1748 -1
3612 1549 -1
3612 1749 1
3613 1748 1
3613 1749 -1
3614 1722 -1
3614 1750 1
3615 1727 1
3615 1750 -1
3616 1750 1
3616 1751 -1
3617 1747 -1
3617 1751 1
3618 1749 1
3618 1751 -1
3619 1581 -1
3619 1752 1
3620 1550 1
3620 1753 -1
3621 1752 -1
3621 1753 1
3622 1582 -1
3622 1754 1
3623 1752 1
3623 1754 -1
3624 1558 -1
3624 1755 1
3625 1754 1
3625 1755 -1
3626 1728 -1
3626 1756 1
3627 1733 1
3627 1756 -1
3628 1756 1
3628 1757 -1
3629 1753 -1
3629 1757 1
3630 1755 1
3630 1757 -1
3631 1588 -1
3631 1758 1
3632 1559 1
3632 1759 -1
3633 1758 -1
3633 1759 1
3634 1589 -1
3634 1760 1
3635 1758 1
3635 1760 -1
3636 1563 -1
3636 1761 1
3637 1760 1
3637 1761 -1
3638 1734 -1
3638 1762 1
3639 1738 1
3639 1762 -1
3640 1762 1
3640 1763 -1
3641 1759 -1
3641 1763 1
3642 1761 1
3642 1763 -1
3643 1569 1
3643 1764 -1
3644 1740 -1
3644 1764 1
3645 1764 -1
3645 1765 1
3646 1592 1
3646 1765 -1
3647 1741 1
3647 1766 -1
3648 1766 1
3649 1765 1
3649 1766 -1
3650 1570 1
3650 1767 -1
3651 1742 -1
3651 1767 1
3652 1764 1
3652 1767 -1
3653 1576 1
3653 1768 -1
3654 1746 -1
3654 1768 1
3655 1767 1
3655 1769 -1
3656 1593 -1
3656 1769 1
3657 1768 -1
3657 1770 1
3658 1594 1
3658 1770 -1
3659 1743 -1
3659 1771 1
3660 1747 1
3660 1772 -1
3661 1771 -1
3661 1772 1
3662 1769 -1
3662 1771 1
3663 1770 1
3663 1772 -1
3664 1577 1
3664 1773 -1
3665 1748 -1
3665 1773 1
3666 1768 1
3666 1773 -1
3667 1583 1
3667 1774 -1
3668 1752 -1
3668 1774 1
3669 1773 1
3669 1775 -1
3670 1595 -1
3670 1775 1
3671 1774 -1
3671 1776 1
3672 1596 1
3672 1776 -1
3673 1749 -1
3673 1777 1
3674 1753 1
3674 1778 -1
3675 1777 -1
3675 1778 1
3676 1775 -1
3676 1777 1
3677 1776 1
3677 1778 -1
3678 1584 1
3678 1779 -1
3679 1754 -1
3679 1779 1
3680 1774 1
3680 1779 -1
3681 1590 1
3681 1780 -1
3682 1758 -1
3682 1780 1
3683 1779 1
3683 1781 -1
3684 1597 -1
3684 1781 1
3685 1780 -1
3685 1782 1
3686 1598 1
3686 1782 -1
3687 1755 -1
3687 1783 1
3688 1759 1
3688 1784 -1
3689 1783 -1
3689 1784 1
3690 1781 -1
3690 1783 1
3691 1782 1
3691 1784 -1
3692 1591 1
3692 1785 -1
3693 1760 -1
3693 1785 1
3694 1780 1
3694 1785 -1
3695 1785 1
3695 1786 -1
3696 1599 -1
3696 1786 1
3697 1761 -1
3697 1787 1
3698 1787 -1
3699 1786 -1
3699 1787 1
3700 1765 -1
3700 1788 1
3701 1769 1
3701 1788 -1
3702 1788 1
3703 1770 -1
3703 1789 1
3704 1775 1
3704 1789 -1
3705 1789 1
3706 1776 -1
3706 1790 1
3707 1781 1
3707 1790 -1
3708 1790 1
3709 1782 -1
3709 1791 1
3710 1786 1
3710 1791 -1
3711 1791 1
3712 1604 1
3713 1622 1
3714 1609 1
3715 1627 -1
3716 1628 1
3717 1614 1
3718 1633 -1
3719 1634 1
3720 1619 1
3721 1639 -1
3722 1640 1
3723 1643 -1
3724 1648 -1
3725 1654 -1
3726 1660 -1
3727 1666 -1
3728 1649 1
3729 1670 1
3730 1655 1
3731 1675 -1
3732 1676 1
3733 1661 1
3734 1681 -1
3735 1682 1
3736 1667 1
3737 1687 -1
3738 1688 1
3739 1691 -1
3740 1696 -1
3741 1702 -1
3742 1708 -1
3743 1714 -1
3744 1697 1
3745 1718 1
3746 1703 1
3747 1723 -1
3748 1724 1
3749 1709 1
3750 1729 -1
3751 1730 1
3752 1715 1
3753 1735 -1
3754 1736 1
3755 1739 -1
3756 1744 -1
3757 1750 -1
3758 1756 -1
3759 1762 -1
3760 1745 1
3761 1766 1
3762 1751 1
3763 1771 -1
3764 1772 1
3765 1757 1
3766 1777 -1
3767 1778 1
3768 1763 1
3769 1783 -1
3770 1784 1
3771 1787 -1
3772 1788 -1
3773 1789 -1
3774 1790 -1
3775 1791 -1
