0 1 1
0 4 1
0 7 1
0 25 1
0 28 1
0 58 1
1 0 1
1 2 1
1 4 1
1 5 1
1 8 1
1 25 1
1 26 1
1 30 1
1 59 1
2 1 1
2 3 1
2 5 1
2 6 1
2 9 1
2 26 1
2 27 1
2 32 1
2 60 1
3 2 1
3 6 1
3 10 1
3 27 1
3 34 1
3 61 1
4 0 1
4 1 1
4 7 1
4 8 1
4 25 1
4 28 1
4 29 1
4 30 1
4 35 1
5 1 1
5 2 1
5 8 1
5 9 1
5 26 1
5 30 1
5 31 1
5 32 1
5 36 1
6 2 1
6 3 1
6 9 1
6 10 1
6 27 1
6 32 1
6 33 1
6 34 1
6 37 1
7 0 1
7 4 1
7 8 1
7 11 1
7 14 1
7 28 1
7 35 1
7 38 1
7 65 1
8 1 1
8 4 1
8 5 1
8 7 1
8 9 1
8 11 1
8 12 1
8 15 1
8 30 1
8 35 1
8 36 1
8 40 1
8 66 1
9 2 1
9 5 1
9 6 1
9 8 1
9 10 1
9 12 1
9 13 1
9 16 1
9 32 1
9 36 1
9 37 1
9 42 1
9 67 1
10 3 1
10 6 1
10 9 1
10 13 1
10 17 1
10 34 1
10 37 1
10 44 1
10 68 1
11 7 1
11 8 1
11 14 1
11 15 1
11 35 1
11 38 1
11 39 1
11 40 1
11 45 1
12 8 1
12 9 1
12 15 1
12 16 1
12 36 1
12 40 1
12 41 1
12 42 1
12 46 1
13 9 1
13 10 1
13 16 1
13 17 1
13 37 1
13 42 1
13 43 1
13 44 1
13 47 1
14 7 1
14 11 1
14 15 1
14 18 1
14 21 1
14 38 1
14 45 1
14 48 1
14 72 1
15 8 1
15 11 1
15 12 1
15 14 1
15 16 1
15 18 1
15 19 1
15 22 1
15 40 1
15 45 1
15 46 1
15 50 1
15 73 1
16 9 1
16 12 1
16 13 1
16 15 1
16 17 1
16 19 1
16 20 1
16 23 1
16 42 1
16 46 1
16 47 1
16 52 1
16 74 1
17 10 1
17 13 1
17 16 1
17 20 1
17 24 1
17 44 1
17 47 1
17 54 1
17 75 1
18 14 1
18 15 1
18 21 1
18 22 1
18 45 1
18 48 1
18 49 1
18 50 1
18 55 1
19 15 1
19 16 1
19 22 1
19 23 1
19 46 1
19 50 1
19 51 1
19 52 1
19 56 1
20 16 1
20 17 1
20 23 1
20 24 1
20 47 1
20 52 1
20 53 1
20 54 1
20 57 1
21 14 1
21 18 1
21 22 1
21 48 1
21 55 1
21 79 1
22 15 1
22 18 1
22 19 1
22 21 1
22 23 1
22 50 1
22 55 1
22 56 1
22 80 1
23 16 1
23 19 1
23 20 1
23 22 1
23 24 1
23 52 1
23 56 1
23 57 1
23 81 1
24 17 1
24 20 1
24 23 1
24 54 1
24 57 1
24 82 1
25 0 1
25 1 1
25 4 1
25 28 1
25 29 1
25 30 1
25 58 1
25 59 1
25 62 1
26 1 1
26 2 1
26 5 1
26 30 1
26 31 1
26 32 1
26 59 1
26 60 1
26 63 1
27 2 1
27 3 1
27 6 1
27 32 1
27 33 1
27 34 1
27 60 1
27 61 1
27 64 1
28 0 1
28 4 1
28 7 1
28 25 1
28 29 1
28 35 1
28 58 1
28 62 1
28 65 1
29 4 1
29 25 1
29 28 1
29 30 1
29 35 1
29 62 1
30 1 1
30 4 1
30 5 1
30 8 1
30 25 1
30 26 1
30 29 1
30 31 1
30 35 1
30 36 1
30 59 1
30 62 1
30 63 1
30 66 1
31 5 1
31 26 1
31 30 1
31 32 1
31 36 1
31 63 1
32 2 1
32 5 1
32 6 1
32 9 1
32 26 1
32 27 1
32 31 1
32 33 1
32 36 1
32 37 1
32 60 1
32 63 1
32 64 1
32 67 1
33 6 1
33 27 1
33 32 1
33 34 1
33 37 1
33 64 1
34 3 1
34 6 1
34 10 1
34 27 1
34 33 1
34 37 1
34 61 1
34 64 1
34 68 1
35 4 1
35 7 1
35 8 1
35 11 1
35 28 1
35 29 1
35 30 1
35 38 1
35 39 1
35 40 1
35 62 1
35 65 1
35 66 1
35 69 1
36 5 1
36 8 1
36 9 1
36 12 1
36 30 1
36 31 1
36 32 1
36 40 1
36 41 1
36 42 1
36 63 1
36 66 1
36 67 1
36 70 1
37 6 1
37 9 1
37 10 1
37 13 1
37 32 1
37 33 1
37 34 1
37 42 1
37 43 1
37 44 1
37 64 1
37 67 1
37 68 1
37 71 1
38 7 1
38 11 1
38 14 1
38 35 1
38 39 1
38 45 1
38 65 1
38 69 1
38 72 1
39 11 1
39 35 1
39 38 1
39 40 1
39 45 1
39 69 1
40 8 1
40 11 1
40 12 1
40 15 1
40 35 1
40 36 1
40 39 1
40 41 1
40 45 1
40 46 1
40 66 1
40 69 1
40 70 1
40 73 1
41 12 1
41 36 1
41 40 1
41 42 1
41 46 1
41 70 1
42 9 1
42 12 1
42 13 1
42 16 1
42 36 1
42 37 1
42 41 1
42 43 1
42 46 1
42 47 1
42 67 1
42 70 1
42 71 1
42 74 1
43 13 1
43 37 1
43 42 1
43 44 1
43 47 1
43 71 1
44 10 1
44 13 1
44 17 1
44 37 1
44 43 1
44 47 1
44 68 1
44 71 1
44 75 1
45 11 1
45 14 1
45 15 1
45 18 1
45 38 1
45 39 1
45 40 1
45 48 1
45 49 1
45 50 1
45 69 1
45 72 1
45 73 1
45 76 1
46 12 1
46 15 1
46 16 1
46 19 1
46 40 1
46 41 1
46 42 1
46 50 1
46 51 1
46 52 1
46 70 1
46 73 1
46 74 1
46 77 1
47 13 1
47 16 1
47 17 1
47 20 1
47 42 1
47 43 1
47 44 1
47 52 1
47 53 1
47 54 1
47 71 1
47 74 1
47 75 1
47 78 1
48 14 1
48 18 1
48 21 1
48 45 1
48 49 1
48 55 1
48 72 1
48 76 1
48 79 1
49 18 1
49 45 1
49 48 1
49 50 1
49 55 1
49 76 1
50 15 1
50 18 1
50 19 1
50 22 1
50 45 1
50 46 1
50 49 1
50 51 1
50 55 1
50 56 1
50 73 1
50 76 1
50 77 1
50 80 1
51 19 1
51 46 1
51 50 1
51 52 1
51 56 1
51 77 1
52 16 1
52 19 1
52 20 1
52 23 1
52 46 1
52 47 1
52 51 1
52 53 1
52 56 1
52 57 1
52 74 1
52 77 1
52 78 1
52 81 1
53 20 1
53 47 1
53 52 1
53 54 1
53 57 1
53 78 1
54 17 1
54 20 1
54 24 1
54 47 1
54 53 1
54 57 1
54 75 1
54 78 1
54 82 1
55 18 1
55 21 1
55 22 1
55 48 1
55 49 1
55 50 1
55 76 1
55 79 1
55 80 1
56 19 1
56 22 1
56 23 1
56 50 1
56 51 1
56 52 1
56 77 1
56 80 1
56 81 1
57 20 1
57 23 1
57 24 1
57 52 1
57 53 1
57 54 1
57 78 1
57 81 1
57 82 1
58 0 1
58 25 1
58 28 1
58 59 1
58 62 1
58 65 1
58 83 1
58 86 1
58 116 1
59 1 1
59 25 1
59 26 1
59 30 1
59 58 1
59 60 1
59 62 1
59 63 1
59 66 1
59 83 1
59 84 1
59 88 1
59 117 1
60 2 1
60 26 1
60 27 1
60 32 1
60 59 1
60 61 1
60 63 1
60 64 1
60 67 1
60 84 1
60 85 1
60 90 1
60 118 1
61 3 1
61 27 1
61 34 1
61 60 1
61 64 1
61 68 1
61 85 1
61 92 1
61 119 1
62 25 1
62 28 1
62 29 1
62 30 1
62 35 1
62 58 1
62 59 1
62 65 1
62 66 1
62 83 1
62 86 1
62 87 1
62 88 1
62 93 1
63 26 1
63 30 1
63 31 1
63 32 1
63 36 1
63 59 1
63 60 1
63 66 1
63 67 1
63 84 1
63 88 1
63 89 1
63 90 1
63 94 1
64 27 1
64 32 1
64 33 1
64 34 1
64 37 1
64 60 1
64 61 1
64 67 1
64 68 1
64 85 1
64 90 1
64 91 1
64 92 1
64 95 1
65 7 1
65 28 1
65 35 1
65 38 1
65 58 1
65 62 1
65 66 1
65 69 1
65 72 1
65 86 1
65 93 1
65 96 1
65 123 1
66 8 1
66 30 1
66 35 1
66 36 1
66 40 1
66 59 1
66 62 1
66 63 1
66 65 1
66 67 1
66 69 1
66 70 1
66 73 1
66 88 1
66 93 1
66 94 1
66 98 1
66 124 1
67 9 1
67 32 1
67 36 1
67 37 1
67 42 1
67 60 1
67 63 1
67 64 1
67 66 1
67 68 1
67 70 1
67 71 1
67 74 1
67 90 1
67 94 1
67 95 1
67 100 1
67 125 1
68 10 1
68 34 1
68 37 1
68 44 1
68 61 1
68 64 1
68 67 1
68 71 1
68 75 1
68 92 1
68 95 1
68 102 1
68 126 1
69 35 1
69 38 1
69 39 1
69 40 1
69 45 1
69 65 1
69 66 1
69 72 1
69 73 1
69 93 1
69 96 1
69 97 1
69 98 1
69 103 1
70 36 1
70 40 1
70 41 1
70 42 1
70 46 1
70 66 1
70 67 1
70 73 1
70 74 1
70 94 1
70 98 1
70 99 1
70 100 1
70 104 1
71 37 1
71 42 1
71 43 1
71 44 1
71 47 1
71 67 1
71 68 1
71 74 1
71 75 1
71 95 1
71 100 1
71 101 1
71 102 1
71 105 1
72 14 1
72 38 1
72 45 1
72 48 1
72 65 1
72 69 1
72 73 1
72 76 1
72 79 1
72 96 1
72 103 1
72 106 1
72 130 1
73 15 1
73 40 1
73 45 1
73 46 1
73 50 1
73 66 1
73 69 1
73 70 1
73 72 1
73 74 1
73 76 1
73 77 1
73 80 1
73 98 1
73 103 1
73 104 1
73 108 1
73 131 1
74 16 1
74 42 1
74 46 1
74 47 1
74 52 1
74 67 1
74 70 1
74 71 1
74 73 1
74 75 1
74 77 1
74 78 1
74 81 1
74 100 1
74 104 1
74 105 1
74 110 1
74 132 1
75 17 1
75 44 1
75 47 1
75 54 1
75 68 1
75 71 1
75 74 1
75 78 1
75 82 1
75 102 1
75 105 1
75 112 1
75 133 1
76 45 1
76 48 1
76 49 1
76 50 1
76 55 1
76 72 1
76 73 1
76 79 1
76 80 1
76 103 1
76 106 1
76 107 1
76 108 1
76 113 1
77 46 1
77 50 1
77 51 1
77 52 1
77 56 1
77 73 1
77 74 1
77 80 1
77 81 1
77 104 1
77 108 1
77 109 1
77 110 1
77 114 1
78 47 1
78 52 1
78 53 1
78 54 1
78 57 1
78 74 1
78 75 1
78 81 1
78 82 1
78 105 1
78 110 1
78 111 1
78 112 1
78 115 1
79 21 1
79 48 1
79 55 1
79 72 1
79 76 1
79 80 1
79 106 1
79 113 1
79 137 1
80 22 1
80 50 1
80 55 1
80 56 1
80 73 1
80 76 1
80 77 1
80 79 1
80 81 1
80 108 1
80 113 1
80 114 1
80 138 1
81 23 1
81 52 1
81 56 1
81 57 1
81 74 1
81 77 1
81 78 1
81 80 1
81 82 1
81 110 1
81 114 1
81 115 1
81 139 1
82 24 1
82 54 1
82 57 1
82 75 1
82 78 1
82 81 1
82 112 1
82 115 1
82 140 1
83 58 1
83 59 1
83 62 1
83 86 1
83 87 1
83 88 1
83 116 1
83 117 1
83 120 1
84 59 1
84 60 1
84 63 1
84 88 1
84 89 1
84 90 1
84 117 1
84 118 1
84 121 1
85 60 1
85 61 1
85 64 1
85 90 1
85 91 1
85 92 1
85 118 1
85 119 1
85 122 1
86 58 1
86 62 1
86 65 1
86 83 1
86 87 1
86 93 1
86 116 1
86 120 1
86 123 1
87 62 1
87 83 1
87 86 1
87 88 1
87 93 1
87 120 1
88 59 1
88 62 1
88 63 1
88 66 1
88 83 1
88 84 1
88 87 1
88 89 1
88 93 1
88 94 1
88 117 1
88 120 1
88 121 1
88 124 1
89 63 1
89 84 1
89 88 1
89 90 1
89 94 1
89 121 1
90 60 1
90 63 1
90 64 1
90 67 1
90 84 1
90 85 1
90 89 1
90 91 1
90 94 1
90 95 1
90 118 1
90 121 1
90 122 1
90 125 1
91 64 1
91 85 1
91 90 1
91 92 1
91 95 1
91 122 1
92 61 1
92 64 1
92 68 1
92 85 1
92 91 1
92 95 1
92 119 1
92 122 1
92 126 1
93 62 1
93 65 1
93 66 1
93 69 1
93 86 1
93 87 1
93 88 1
93 96 1
93 97 1
93 98 1
93 120 1
93 123 1
93 124 1
93 127 1
94 63 1
94 66 1
94 67 1
94 70 1
94 88 1
94 89 1
94 90 1
94 98 1
94 99 1
94 100 1
94 121 1
94 124 1
94 125 1
94 128 1
95 64 1
95 67 1
95 68 1
95 71 1
95 90 1
95 91 1
95 92 1
95 100 1
95 101 1
95 102 1
95 122 1
95 125 1
95 126 1
95 129 1
96 65 1
96 69 1
96 72 1
96 93 1
96 97 1
96 103 1
96 123 1
96 127 1
96 130 1
97 69 1
97 93 1
97 96 1
97 98 1
97 103 1
97 127 1
98 66 1
98 69 1
98 70 1
98 73 1
98 93 1
98 94 1
98 97 1
98 99 1
98 103 1
98 104 1
98 124 1
98 127 1
98 128 1
98 131 1
99 70 1
99 94 1
99 98 1
99 100 1
99 104 1
99 128 1
100 67 1
100 70 1
100 71 1
100 74 1
100 94 1
100 95 1
100 99 1
100 101 1
100 104 1
100 105 1
100 125 1
100 128 1
100 129 1
100 132 1
101 71 1
101 95 1
101 100 1
101 102 1
101 105 1
101 129 1
102 68 1
102 71 1
102 75 1
102 95 1
102 101 1
102 105 1
102 126 1
102 129 1
102 133 1
103 69 1
103 72 1
103 73 1
103 76 1
103 96 1
103 97 1
103 98 1
103 106 1
103 107 1
103 108 1
103 127 1
103 130 1
103 131 1
103 134 1
104 70 1
104 73 1
104 74 1
104 77 1
104 98 1
104 99 1
104 100 1
104 108 1
104 109 1
104 110 1
104 128 1
104 131 1
104 132 1
104 135 1
105 71 1
105 74 1
105 75 1
105 78 1
105 100 1
105 101 1
105 102 1
105 110 1
105 111 1
105 112 1
105 129 1
105 132 1
105 133 1
105 136 1
106 72 1
106 76 1
106 79 1
106 103 1
106 107 1
106 113 1
106 130 1
106 134 1
106 137 1
107 76 1
107 103 1
107 106 1
107 108 1
107 113 1
107 134 1
108 73 1
108 76 1
108 77 1
108 80 1
108 103 1
108 104 1
108 107 1
108 109 1
108 113 1
108 114 1
108 131 1
108 134 1
108 135 1
108 138 1
109 77 1
109 104 1
109 108 1
109 110 1
109 114 1
109 135 1
110 74 1
110 77 1
110 78 1
110 81 1
110 104 1
110 105 1
110 109 1
110 111 1
110 114 1
110 115 1
110 132 1
110 135 1
110 136 1
110 139 1
111 78 1
111 105 1
111 110 1
111 112 1
111 115 1
111 136 1
112 75 1
112 78 1
112 82 1
112 105 1
112 111 1
112 115 1
112 133 1
112 136 1
112 140 1
113 76 1
113 79 1
113 80 1
113 106 1
113 107 1
113 108 1
113 134 1
113 137 1
113 138 1
114 77 1
114 80 1
114 81 1
114 108 1
114 109 1
114 110 1
114 135 1
114 138 1
114 139 1
115 78 1
115 81 1
115 82 1
115 110 1
115 111 1
115 112 1
115 136 1
115 139 1
115 140 1
116 58 1
116 83 1
116 86 1
116 117 1
116 120 1
116 123 1
116 141 1
116 144 1
116 174 1
117 59 1
117 83 1
117 84 1
117 88 1
117 116 1
117 118 1
117 120 1
117 121 1
117 124 1
117 141 1
117 142 1
117 146 1
117 175 1
118 60 1
118 84 1
118 85 1
118 90 1
118 117 1
118 119 1
118 121 1
118 122 1
118 125 1
118 142 1
118 143 1
118 148 1
118 176 1
119 61 1
119 85 1
119 92 1
119 118 1
119 122 1
119 126 1
119 143 1
119 150 1
119 177 1
120 83 1
120 86 1
120 87 1
120 88 1
120 93 1
120 116 1
120 117 1
120 123 1
120 124 1
120 141 1
120 144 1
120 145 1
120 146 1
120 151 1
121 84 1
121 88 1
121 89 1
121 90 1
121 94 1
121 117 1
121 118 1
121 124 1
121 125 1
121 142 1
121 146 1
121 147 1
121 148 1
121 152 1
122 85 1
122 90 1
122 91 1
122 92 1
122 95 1
122 118 1
122 119 1
122 125 1
122 126 1
122 143 1
122 148 1
122 149 1
122 150 1
122 153 1
123 65 1
123 86 1
123 93 1
123 96 1
123 116 1
123 120 1
123 124 1
123 127 1
123 130 1
123 144 1
123 151 1
123 154 1
123 181 1
124 66 1
124 88 1
124 93 1
124 94 1
124 98 1
124 117 1
124 120 1
124 121 1
124 123 1
124 125 1
124 127 1
124 128 1
124 131 1
124 146 1
124 151 1
124 152 1
124 156 1
124 182 1
125 67 1
125 90 1
125 94 1
125 95 1
125 100 1
125 118 1
125 121 1
125 122 1
125 124 1
125 126 1
125 128 1
125 129 1
125 132 1
125 148 1
125 152 1
125 153 1
125 158 1
125 183 1
126 68 1
126 92 1
126 95 1
126 102 1
126 119 1
126 122 1
126 125 1
126 129 1
126 133 1
126 150 1
126 153 1
126 160 1
126 184 1
127 93 1
127 96 1
127 97 1
127 98 1
127 103 1
127 123 1
127 124 1
127 130 1
127 131 1
127 151 1
127 154 1
127 155 1
127 156 1
127 161 1
128 94 1
128 98 1
128 99 1
128 100 1
128 104 1
128 124 1
128 125 1
128 131 1
128 132 1
128 152 1
128 156 1
128 157 1
128 158 1
128 162 1
129 95 1
129 100 1
129 101 1
129 102 1
129 105 1
129 125 1
129 126 1
129 132 1
129 133 1
129 153 1
129 158 1
129 159 1
129 160 1
129 163 1
130 72 1
130 96 1
130 103 1
130 106 1
130 123 1
130 127 1
130 131 1
130 134 1
130 137 1
130 154 1
130 161 1
130 164 1
130 188 1
131 73 1
131 98 1
131 103 1
131 104 1
131 108 1
131 124 1
131 127 1
131 128 1
131 130 1
131 132 1
131 134 1
131 135 1
131 138 1
131 156 1
131 161 1
131 162 1
131 166 1
131 189 1
132 74 1
132 100 1
132 104 1
132 105 1
132 110 1
132 125 1
132 128 1
132 129 1
132 131 1
132 133 1
132 135 1
132 136 1
132 139 1
132 158 1
132 162 1
132 163 1
132 168 1
132 190 1
133 75 1
133 102 1
133 105 1
133 112 1
133 126 1
133 129 1
133 132 1
133 136 1
133 140 1
133 160 1
133 163 1
133 170 1
133 191 1
134 103 1
134 106 1
134 107 1
134 108 1
134 113 1
134 130 1
134 131 1
134 137 1
134 138 1
134 161 1
134 164 1
134 165 1
134 166 1
134 171 1
135 104 1
135 108 1
135 109 1
135 110 1
135 114 1
135 131 1
135 132 1
135 138 1
135 139 1
135 162 1
135 166 1
135 167 1
135 168 1
135 172 1
136 105 1
136 110 1
136 111 1
136 112 1
136 115 1
136 132 1
136 133 1
136 139 1
136 140 1
136 163 1
136 168 1
136 169 1
136 170 1
136 173 1
137 79 1
137 106 1
137 113 1
137 130 1
137 134 1
137 138 1
137 164 1
137 171 1
137 195 1
138 80 1
138 108 1
138 113 1
138 114 1
138 131 1
138 134 1
138 135 1
138 137 1
138 139 1
138 166 1
138 171 1
138 172 1
138 196 1
139 81 1
139 110 1
139 114 1
139 115 1
139 132 1
139 135 1
139 136 1
139 138 1
139 140 1
139 168 1
139 172 1
139 173 1
139 197 1
140 82 1
140 112 1
140 115 1
140 133 1
140 136 1
140 139 1
140 170 1
140 173 1
140 198 1
141 116 1
141 117 1
141 120 1
141 144 1
141 145 1
141 146 1
141 174 1
141 175 1
141 178 1
142 117 1
142 118 1
142 121 1
142 146 1
142 147 1
142 148 1
142 175 1
142 176 1
142 179 1
143 118 1
143 119 1
143 122 1
143 148 1
143 149 1
143 150 1
143 176 1
143 177 1
143 180 1
144 116 1
144 120 1
144 123 1
144 141 1
144 145 1
144 151 1
144 174 1
144 178 1
144 181 1
145 120 1
145 141 1
145 144 1
145 146 1
145 151 1
145 178 1
146 117 1
146 120 1
146 121 1
146 124 1
146 141 1
146 142 1
146 145 1
146 147 1
146 151 1
146 152 1
146 175 1
146 178 1
146 179 1
146 182 1
147 121 1
147 142 1
147 146 1
147 148 1
147 152 1
147 179 1
148 118 1
148 121 1
148 122 1
148 125 1
148 142 1
148 143 1
148 147 1
148 149 1
148 152 1
148 153 1
148 176 1
148 179 1
148 180 1
148 183 1
149 122 1
149 143 1
149 148 1
149 150 1
149 153 1
149 180 1
150 119 1
150 122 1
150 126 1
150 143 1
150 149 1
150 153 1
150 177 1
150 180 1
150 184 1
151 120 1
151 123 1
151 124 1
151 127 1
151 144 1
151 145 1
151 146 1
151 154 1
151 155 1
151 156 1
151 178 1
151 181 1
151 182 1
151 185 1
152 121 1
152 124 1
152 125 1
152 128 1
152 146 1
152 147 1
152 148 1
152 156 1
152 157 1
152 158 1
152 179 1
152 182 1
152 183 1
152 186 1
153 122 1
153 125 1
153 126 1
153 129 1
153 148 1
153 149 1
153 150 1
153 158 1
153 159 1
153 160 1
153 180 1
153 183 1
153 184 1
153 187 1
154 123 1
154 127 1
154 130 1
154 151 1
154 155 1
154 161 1
154 181 1
154 185 1
154 188 1
155 127 1
155 151 1
155 154 1
155 156 1
155 161 1
155 185 1
156 124 1
156 127 1
156 128 1
156 131 1
156 151 1
156 152 1
156 155 1
156 157 1
156 161 1
156 162 1
156 182 1
156 185 1
156 186 1
156 189 1
157 128 1
157 152 1
157 156 1
157 158 1
157 162 1
157 186 1
158 125 1
158 128 1
158 129 1
158 132 1
158 152 1
158 153 1
158 157 1
158 159 1
158 162 1
158 163 1
158 183 1
158 186 1
158 187 1
158 190 1
159 129 1
159 153 1
159 158 1
159 160 1
159 163 1
159 187 1
160 126 1
160 129 1
160 133 1
160 153 1
160 159 1
160 163 1
160 184 1
160 187 1
160 191 1
161 127 1
161 130 1
161 131 1
161 134 1
161 154 1
161 155 1
161 156 1
161 164 1
161 165 1
161 166 1
161 185 1
161 188 1
161 189 1
161 192 1
162 128 1
162 131 1
162 132 1
162 135 1
162 156 1
162 157 1
162 158 1
162 166 1
162 167 1
162 168 1
162 186 1
162 189 1
162 190 1
162 193 1
163 129 1
163 132 1
163 133 1
163 136 1
163 158 1
163 159 1
163 160 1
163 168 1
163 169 1
163 170 1
163 187 1
163 190 1
163 191 1
163 194 1
164 130 1
164 134 1
164 137 1
164 161 1
164 165 1
164 171 1
164 188 1
164 192 1
164 195 1
165 134 1
165 161 1
165 164 1
165 166 1
165 171 1
165 192 1
166 131 1
166 134 1
166 135 1
166 138 1
166 161 1
166 162 1
166 165 1
166 167 1
166 171 1
166 172 1
166 189 1
166 192 1
166 193 1
166 196 1
167 135 1
167 162 1
167 166 1
167 168 1
167 172 1
167 193 1
168 132 1
168 135 1
168 136 1
168 139 1
168 162 1
168 163 1
168 167 1
168 169 1
168 172 1
168 173 1
168 190 1
168 193 1
168 194 1
168 197 1
169 136 1
169 163 1
169 168 1
169 170 1
169 173 1
169 194 1
170 133 1
170 136 1
170 140 1
170 163 1
170 169 1
170 173 1
170 191 1
170 194 1
170 198 1
171 134 1
171 137 1
171 138 1
171 164 1
171 165 1
171 166 1
171 192 1
171 195 1
171 196 1
172 135 1
172 138 1
172 139 1
172 166 1
172 167 1
172 168 1
172 193 1
172 196 1
172 197 1
173 136 1
173 139 1
173 140 1
173 168 1
173 169 1
173 170 1
173 194 1
173 197 1
173 198 1
174 116 1
174 141 1
174 144 1
174 175 1
174 178 1
174 181 1
174 199 1
174 202 1
174 232 1
175 117 1
175 141 1
175 142 1
175 146 1
175 174 1
175 176 1
175 178 1
175 179 1
175 182 1
175 199 1
175 200 1
175 204 1
175 233 1
176 118 1
176 142 1
176 143 1
176 148 1
176 175 1
176 177 1
176 179 1
176 180 1
176 183 1
176 200 1
176 201 1
176 206 1
176 234 1
177 119 1
177 143 1
177 150 1
177 176 1
177 180 1
177 184 1
177 201 1
177 208 1
177 235 1
178 141 1
178 144 1
178 145 1
178 146 1
178 151 1
178 174 1
178 175 1
178 181 1
178 182 1
178 199 1
178 202 1
178 203 1
178 204 1
178 209 1
179 142 1
179 146 1
179 147 1
179 148 1
179 152 1
179 175 1
179 176 1
179 182 1
179 183 1
179 200 1
179 204 1
179 205 1
179 206 1
179 210 1
180 143 1
180 148 1
180 149 1
180 150 1
180 153 1
180 176 1
180 177 1
180 183 1
180 184 1
180 201 1
180 206 1
180 207 1
180 208 1
180 211 1
181 123 1
181 144 1
181 151 1
181 154 1
181 174 1
181 178 1
181 182 1
181 185 1
181 188 1
181 202 1
181 209 1
181 212 1
181 239 1
182 124 1
182 146 1
182 151 1
182 152 1
182 156 1
182 175 1
182 178 1
182 179 1
182 181 1
182 183 1
182 185 1
182 186 1
182 189 1
182 204 1
182 209 1
182 210 1
182 214 1
182 240 1
183 125 1
183 148 1
183 152 1
183 153 1
183 158 1
183 176 1
183 179 1
183 180 1
183 182 1
183 184 1
183 186 1
183 187 1
183 190 1
183 206 1
183 210 1
183 211 1
183 216 1
183 241 1
184 126 1
184 150 1
184 153 1
184 160 1
184 177 1
184 180 1
184 183 1
184 187 1
184 191 1
184 208 1
184 211 1
184 218 1
184 242 1
185 151 1
185 154 1
185 155 1
185 156 1
185 161 1
185 181 1
185 182 1
185 188 1
185 189 1
185 209 1
185 212 1
185 213 1
185 214 1
185 219 1
186 152 1
186 156 1
186 157 1
186 158 1
186 162 1
186 182 1
186 183 1
186 189 1
186 190 1
186 210 1
186 214 1
186 215 1
186 216 1
186 220 1
187 153 1
187 158 1
187 159 1
187 160 1
187 163 1
187 183 1
187 184 1
187 190 1
187 191 1
187 211 1
187 216 1
187 217 1
187 218 1
187 221 1
188 130 1
188 154 1
188 161 1
188 164 1
188 181 1
188 185 1
188 189 1
188 192 1
188 195 1
188 212 1
188 219 1
188 222 1
188 246 1
189 131 1
189 156 1
189 161 1
189 162 1
189 166 1
189 182 1
189 185 1
189 186 1
189 188 1
189 190 1
189 192 1
189 193 1
189 196 1
189 214 1
189 219 1
189 220 1
189 224 1
189 247 1
190 132 1
190 158 1
190 162 1
190 163 1
190 168 1
190 183 1
190 186 1
190 187 1
190 189 1
190 191 1
190 193 1
190 194 1
190 197 1
190 216 1
190 220 1
190 221 1
190 226 1
190 248 1
191 133 1
191 160 1
191 163 1
191 170 1
191 184 1
191 187 1
191 190 1
191 194 1
191 198 1
191 218 1
191 221 1
191 228 1
191 249 1
192 161 1
192 164 1
192 165 1
192 166 1
192 171 1
192 188 1
192 189 1
192 195 1
192 196 1
192 219 1
192 222 1
192 223 1
192 224 1
192 229 1
193 162 1
193 166 1
193 167 1
193 168 1
193 172 1
193 189 1
193 190 1
193 196 1
193 197 1
193 220 1
193 224 1
193 225 1
193 226 1
193 230 1
194 163 1
194 168 1
194 169 1
194 170 1
194 173 1
194 190 1
194 191 1
194 197 1
194 198 1
194 221 1
194 226 1
194 227 1
194 228 1
194 231 1
195 137 1
195 164 1
195 171 1
195 188 1
195 192 1
195 196 1
195 222 1
195 229 1
195 253 1
196 138 1
196 166 1
196 171 1
196 172 1
196 189 1
196 192 1
196 193 1
196 195 1
196 197 1
196 224 1
196 229 1
196 230 1
196 254 1
197 139 1
197 168 1
197 172 1
197 173 1
197 190 1
197 193 1
197 194 1
197 196 1
197 198 1
197 226 1
197 230 1
197 231 1
197 255 1
198 140 1
198 170 1
198 173 1
198 191 1
198 194 1
198 197 1
198 228 1
198 231 1
198 256 1
199 174 1
199 175 1
199 178 1
199 202 1
199 203 1
199 204 1
199 232 1
199 233 1
199 236 1
200 175 1
200 176 1
200 179 1
200 204 1
200 205 1
200 206 1
200 233 1
200 234 1
200 237 1
201 176 1
201 177 1
201 180 1
201 206 1
201 207 1
201 208 1
201 234 1
201 235 1
201 238 1
202 174 1
202 178 1
202 181 1
202 199 1
202 203 1
202 209 1
202 232 1
202 236 1
202 239 1
203 178 1
203 199 1
203 202 1
203 204 1
203 209 1
203 236 1
204 175 1
204 178 1
204 179 1
204 182 1
204 199 1
204 200 1
204 203 1
204 205 1
204 209 1
204 210 1
204 233 1
204 236 1
204 237 1
204 240 1
205 179 1
205 200 1
205 204 1
205 206 1
205 210 1
205 237 1
206 176 1
206 179 1
206 180 1
206 183 1
206 200 1
206 201 1
206 205 1
206 207 1
206 210 1
206 211 1
206 234 1
206 237 1
206 238 1
206 241 1
207 180 1
207 201 1
207 206 1
207 208 1
207 211 1
207 238 1
208 177 1
208 180 1
208 184 1
208 201 1
208 207 1
208 211 1
208 235 1
208 238 1
208 242 1
209 178 1
209 181 1
209 182 1
209 185 1
209 202 1
209 203 1
209 204 1
209 212 1
209 213 1
209 214 1
209 236 1
209 239 1
209 240 1
209 243 1
210 179 1
210 182 1
210 183 1
210 186 1
210 204 1
210 205 1
210 206 1
210 214 1
210 215 1
210 216 1
210 237 1
210 240 1
210 241 1
210 244 1
211 180 1
211 183 1
211 184 1
211 187 1
211 206 1
211 207 1
211 208 1
211 216 1
211 217 1
211 218 1
211 238 1
211 241 1
211 242 1
211 245 1
212 181 1
212 185 1
212 188 1
212 209 1
212 213 1
212 219 1
212 239 1
212 243 1
212 246 1
213 185 1
213 209 1
213 212 1
213 214 1
213 219 1
213 243 1
214 182 1
214 185 1
214 186 1
214 189 1
214 209 1
214 210 1
214 213 1
214 215 1
214 219 1
214 220 1
214 240 1
214 243 1
214 244 1
214 247 1
215 186 1
215 210 1
215 214 1
215 216 1
215 220 1
215 244 1
216 183 1
216 186 1
216 187 1
216 190 1
216 210 1
216 211 1
216 215 1
216 217 1
216 220 1
216 221 1
216 241 1
216 244 1
216 245 1
216 248 1
217 187 1
217 211 1
217 216 1
217 218 1
217 221 1
217 245 1
218 184 1
218 187 1
218 191 1
218 211 1
218 217 1
218 221 1
218 242 1
218 245 1
218 249 1
219 185 1
219 188 1
219 189 1
219 192 1
219 212 1
219 213 1
219 214 1
219 222 1
219 223 1
219 224 1
219 243 1
219 246 1
219 247 1
219 250 1
220 186 1
220 189 1
220 190 1
220 193 1
220 214 1
220 215 1
220 216 1
220 224 1
220 225 1
220 226 1
220 244 1
220 247 1
220 248 1
220 251 1
221 187 1
221 190 1
221 191 1
221 194 1
221 216 1
221 217 1
221 218 1
221 226 1
221 227 1
221 228 1
221 245 1
221 248 1
221 249 1
221 252 1
222 188 1
222 192 1
222 195 1
222 219 1
222 223 1
222 229 1
222 246 1
222 250 1
222 253 1
223 192 1
223 219 1
223 222 1
223 224 1
223 229 1
223 250 1
224 189 1
224 192 1
224 193 1
224 196 1
224 219 1
224 220 1
224 223 1
224 225 1
224 229 1
224 230 1
224 247 1
224 250 1
224 251 1
224 254 1
225 193 1
225 220 1
225 224 1
225 226 1
225 230 1
225 251 1
226 190 1
226 193 1
226 194 1
226 197 1
226 220 1
226 221 1
226 225 1
226 227 1
226 230 1
226 231 1
226 248 1
226 251 1
226 252 1
226 255 1
227 194 1
227 221 1
227 226 1
227 228 1
227 231 1
227 252 1
228 191 1
228 194 1
228 198 1
228 221 1
228 227 1
228 231 1
228 249 1
228 252 1
228 256 1
229 192 1
229 195 1
229 196 1
229 222 1
229 223 1
229 224 1
229 250 1
229 253 1
229 254 1
230 193 1
230 196 1
230 197 1
230 224 1
230 225 1
230 226 1
230 251 1
230 254 1
230 255 1
231 194 1
231 197 1
231 198 1
231 226 1
231 227 1
231 228 1
231 252 1
231 255 1
231 256 1
232 174 1
232 199 1
232 202 1
232 233 1
232 236 1
232 239 1
232 257 1
232 260 1
232 290 1
233 175 1
233 199 1
233 200 1
233 204 1
233 232 1
233 234 1
233 236 1
233 237 1
233 240 1
233 257 1
233 258 1
233 262 1
233 291 1
234 176 1
234 200 1
234 201 1
234 206 1
234 233 1
234 235 1
234 237 1
234 238 1
234 241 1
234 258 1
234 259 1
234 264 1
234 292 1
235 177 1
235 201 1
235 208 1
235 234 1
235 238 1
235 242 1
235 259 1
235 266 1
235 293 1
236 199 1
236 202 1
236 203 1
236 204 1
236 209 1
236 232 1
236 233 1
236 239 1
236 240 1
236 257 1
236 260 1
236 261 1
236 262 1
236 267 1
237 200 1
237 204 1
237 205 1
237 206 1
237 210 1
237 233 1
237 234 1
237 240 1
237 241 1
237 258 1
237 262 1
237 263 1
237 264 1
237 268 1
238 201 1
238 206 1
238 207 1
238 208 1
238 211 1
238 234 1
238 235 1
238 241 1
238 242 1
238 259 1
238 264 1
238 265 1
238 266 1
238 269 1
239 181 1
239 202 1
239 209 1
239 212 1
239 232 1
239 236 1
239 240 1
239 243 1
239 246 1
239 260 1
239 267 1
239 270 1
239 297 1
240 182 1
240 204 1
240 209 1
240 210 1
240 214 1
240 233 1
240 236 1
240 237 1
240 239 1
240 241 1
240 243 1
240 244 1
240 247 1
240 262 1
240 267 1
240 268 1
240 272 1
240 298 1
241 183 1
241 206 1
241 210 1
241 211 1
241 216 1
241 234 1
241 237 1
241 238 1
241 240 1
241 242 1
241 244 1
241 245 1
241 248 1
241 264 1
241 268 1
241 269 1
241 274 1
241 299 1
242 184 1
242 208 1
242 211 1
242 218 1
242 235 1
242 238 1
242 241 1
242 245 1
242 249 1
242 266 1
242 269 1
242 276 1
242 300 1
243 209 1
243 212 1
243 213 1
243 214 1
243 219 1
243 239 1
243 240 1
243 246 1
243 247 1
243 267 1
243 270 1
243 271 1
243 272 1
243 277 1
244 210 1
244 214 1
244 215 1
244 216 1
244 220 1
244 240 1
244 241 1
244 247 1
244 248 1
244 268 1
244 272 1
244 273 1
244 274 1
244 278 1
245 211 1
245 216 1
245 217 1
245 218 1
245 221 1
245 241 1
245 242 1
245 248 1
245 249 1
245 269 1
245 274 1
245 275 1
245 276 1
245 279 1
246 188 1
246 212 1
246 219 1
246 222 1
246 239 1
246 243 1
246 247 1
246 250 1
246 253 1
246 270 1
246 277 1
246 280 1
246 304 1
247 189 1
247 214 1
247 219 1
247 220 1
247 224 1
247 240 1
247 243 1
247 244 1
247 246 1
247 248 1
247 250 1
247 251 1
247 254 1
247 272 1
247 277 1
247 278 1
247 282 1
247 305 1
248 190 1
248 216 1
248 220 1
248 221 1
248 226 1
248 241 1
248 244 1
248 245 1
248 247 1
248 249 1
248 251 1
248 252 1
248 255 1
248 274 1
248 278 1
248 279 1
248 284 1
248 306 1
249 191 1
249 218 1
249 221 1
249 228 1
249 242 1
249 245 1
249 248 1
249 252 1
249 256 1
249 276 1
249 279 1
249 286 1
249 307 1
250 219 1
250 222 1
250 223 1
250 224 1
250 229 1
250 246 1
250 247 1
250 253 1
250 254 1
250 277 1
250 280 1
250 281 1
250 282 1
250 287 1
251 220 1
251 224 1
251 225 1
251 226 1
251 230 1
251 247 1
251 248 1
251 254 1
251 255 1
251 278 1
251 282 1
251 283 1
251 284 1
251 288 1
252 221 1
252 226 1
252 227 1
252 228 1
252 231 1
252 248 1
252 249 1
252 255 1
252 256 1
252 279 1
252 284 1
252 285 1
252 286 1
252 289 1
253 195 1
253 222 1
253 229 1
253 246 1
253 250 1
253 254 1
253 280 1
253 287 1
253 311 1
254 196 1
254 224 1
254 229 1
254 230 1
254 247 1
254 250 1
254 251 1
254 253 1
254 255 1
254 282 1
254 287 1
254 288 1
254 312 1
255 197 1
255 226 1
255 230 1
255 231 1
255 248 1
255 251 1
255 252 1
255 254 1
255 256 1
255 284 1
255 288 1
255 289 1
255 313 1
256 198 1
256 228 1
256 231 1
256 249 1
256 252 1
256 255 1
256 286 1
256 289 1
256 314 1
257 232 1
257 233 1
257 236 1
257 260 1
257 261 1
257 262 1
257 290 1
257 291 1
257 294 1
258 233 1
258 234 1
258 237 1
258 262 1
258 263 1
258 264 1
258 291 1
258 292 1
258 295 1
259 234 1
259 235 1
259 238 1
259 264 1
259 265 1
259 266 1
259 292 1
259 293 1
259 296 1
260 232 1
260 236 1
260 239 1
260 257 1
260 261 1
260 267 1
260 290 1
260 294 1
260 297 1
261 236 1
261 257 1
261 260 1
261 262 1
261 267 1
261 294 1
262 233 1
262 236 1
262 237 1
262 240 1
262 257 1
262 258 1
262 261 1
262 263 1
262 267 1
262 268 1
262 291 1
262 294 1
262 295 1
262 298 1
263 237 1
263 258 1
263 262 1
263 264 1
263 268 1
263 295 1
264 234 1
264 237 1
264 238 1
264 241 1
264 258 1
264 259 1
264 263 1
264 265 1
264 268 1
264 269 1
264 292 1
264 295 1
264 296 1
264 299 1
265 238 1
265 259 1
265 264 1
265 266 1
265 269 1
265 296 1
266 235 1
266 238 1
266 242 1
266 259 1
266 265 1
266 269 1
266 293 1
266 296 1
266 300 1
267 236 1
267 239 1
267 240 1
267 243 1
267 260 1
267 261 1
267 262 1
267 270 1
267 271 1
267 272 1
267 294 1
267 297 1
267 298 1
267 301 1
268 237 1
268 240 1
268 241 1
268 244 1
268 262 1
268 263 1
268 264 1
268 272 1
268 273 1
268 274 1
268 295 1
268 298 1
268 299 1
268 302 1
269 238 1
269 241 1
269 242 1
269 245 1
269 264 1
269 265 1
269 266 1
269 274 1
269 275 1
269 276 1
269 296 1
269 299 1
269 300 1
269 303 1
270 239 1
270 243 1
270 246 1
270 267 1
270 271 1
270 277 1
270 297 1
270 301 1
270 304 1
271 243 1
271 267 1
271 270 1
271 272 1
271 277 1
271 301 1
272 240 1
272 243 1
272 244 1
272 247 1
272 267 1
272 268 1
272 271 1
272 273 1
272 277 1
272 278 1
272 298 1
272 301 1
272 302 1
272 305 1
273 244 1
273 268 1
273 272 1
273 274 1
273 278 1
273 302 1
274 241 1
274 244 1
274 245 1
274 248 1
274 268 1
274 269 1
274 273 1
274 275 1
274 278 1
274 279 1
274 299 1
274 302 1
274 303 1
274 306 1
275 245 1
275 269 1
275 274 1
275 276 1
275 279 1
275 303 1
276 242 1
276 245 1
276 249 1
276 269 1
276 275 1
276 279 1
276 300 1
276 303 1
276 307 1
277 243 1
277 246 1
277 247 1
277 250 1
277 270 1
277 271 1
277 272 1
277 280 1
277 281 1
277 282 1
277 301 1
277 304 1
277 305 1
277 308 1
278 244 1
278 247 1
278 248 1
278 251 1
278 272 1
278 273 1
278 274 1
278 282 1
278 283 1
278 284 1
278 302 1
278 305 1
278 306 1
278 309 1
279 245 1
279 248 1
279 249 1
279 252 1
279 274 1
279 275 1
279 276 1
279 284 1
279 285 1
279 286 1
279 303 1
279 306 1
279 307 1
279 310 1
280 246 1
280 250 1
280 253 1
280 277 1
280 281 1
280 287 1
280 304 1
280 308 1
280 311 1
281 250 1
281 277 1
281 280 1
281 282 1
281 287 1
281 308 1
282 247 1
282 250 1
282 251 1
282 254 1
282 277 1
282 278 1
282 281 1
282 283 1
282 287 1
282 288 1
282 305 1
282 308 1
282 309 1
282 312 1
283 251 1
283 278 1
283 282 1
283 284 1
283 288 1
283 309 1
284 248 1
284 251 1
284 252 1
284 255 1
284 278 1
284 279 1
284 283 1
284 285 1
284 288 1
284 289 1
284 306 1
284 309 1
284 310 1
284 313 1
285 252 1
285 279 1
285 284 1
285 286 1
285 289 1
285 310 1
286 249 1
286 252 1
286 256 1
286 279 1
286 285 1
286 289 1
286 307 1
286 310 1
286 314 1
287 250 1
287 253 1
287 254 1
287 280 1
287 281 1
287 282 1
287 308 1
287 311 1
287 312 1
288 251 1
288 254 1
288 255 1
288 282 1
288 283 1
288 284 1
288 309 1
288 312 1
288 313 1
289 252 1
289 255 1
289 256 1
289 284 1
289 285 1
289 286 1
289 310 1
289 313 1
289 314 1
290 232 1
290 257 1
290 260 1
290 291 1
290 294 1
290 297 1
290 315 1
290 318 1
290 348 1
291 233 1
291 257 1
291 258 1
291 262 1
291 290 1
291 292 1
291 294 1
291 295 1
291 298 1
291 315 1
291 316 1
291 320 1
291 349 1
292 234 1
292 258 1
292 259 1
292 264 1
292 291 1
292 293 1
292 295 1
292 296 1
292 299 1
292 316 1
292 317 1
292 322 1
292 350 1
293 235 1
293 259 1
293 266 1
293 292 1
293 296 1
293 300 1
293 317 1
293 324 1
293 351 1
294 257 1
294 260 1
294 261 1
294 262 1
294 267 1
294 290 1
294 291 1
294 297 1
294 298 1
294 315 1
294 318 1
294 319 1
294 320 1
294 325 1
295 258 1
295 262 1
295 263 1
295 264 1
295 268 1
295 291 1
295 292 1
295 298 1
295 299 1
295 316 1
295 320 1
295 321 1
295 322 1
295 326 1
296 259 1
296 264 1
296 265 1
296 266 1
296 269 1
296 292 1
296 293 1
296 299 1
296 300 1
296 317 1
296 322 1
296 323 1
296 324 1
296 327 1
297 239 1
297 260 1
297 267 1
297 270 1
297 290 1
297 294 1
297 298 1
297 301 1
297 304 1
297 318 1
297 325 1
297 328 1
297 355 1
298 240 1
298 262 1
298 267 1
298 268 1
298 272 1
298 291 1
298 294 1
298 295 1
298 297 1
298 299 1
298 301 1
298 302 1
298 305 1
298 320 1
298 325 1
298 326 1
298 330 1
298 356 1
299 241 1
299 264 1
299 268 1
299 269 1
299 274 1
299 292 1
299 295 1
299 296 1
299 298 1
299 300 1
299 302 1
299 303 1
299 306 1
299 322 1
299 326 1
299 327 1
299 332 1
299 357 1
300 242 1
300 266 1
300 269 1
300 276 1
300 293 1
300 296 1
300 299 1
300 303 1
300 307 1
300 324 1
300 327 1
300 334 1
300 358 1
301 267 1
301 270 1
301 271 1
301 272 1
301 277 1
301 297 1
301 298 1
301 304 1
301 305 1
301 325 1
301 328 1
301 329 1
301 330 1
301 335 1
302 268 1
302 272 1
302 273 1
302 274 1
302 278 1
302 298 1
302 299 1
302 305 1
302 306 1
302 326 1
302 330 1
302 331 1
302 332 1
302 336 1
303 269 1
303 274 1
303 275 1
303 276 1
303 279 1
303 299 1
303 300 1
303 306 1
303 307 1
303 327 1
303 332 1
303 333 1
303 334 1
303 337 1
304 246 1
304 270 1
304 277 1
304 280 1
304 297 1
304 301 1
304 305 1
304 308 1
304 311 1
304 328 1
304 335 1
304 338 1
304 362 1
305 247 1
305 272 1
305 277 1
305 278 1
305 282 1
305 298 1
305 301 1
305 302 1
305 304 1
305 306 1
305 308 1
305 309 1
305 312 1
305 330 1
305 335 1
305 336 1
305 340 1
305 363 1
306 248 1
306 274 1
306 278 1
306 279 1
306 284 1
306 299 1
306 302 1
306 303 1
306 305 1
306 307 1
306 309 1
306 310 1
306 313 1
306 332 1
306 336 1
306 337 1
306 342 1
306 364 1
307 249 1
307 276 1
307 279 1
307 286 1
307 300 1
307 303 1
307 306 1
307 310 1
307 314 1
307 334 1
307 337 1
307 344 1
307 365 1
308 277 1
308 280 1
308 281 1
308 282 1
308 287 1
308 304 1
308 305 1
308 311 1
308 312 1
308 335 1
308 338 1
308 339 1
308 340 1
308 345 1
309 278 1
309 282 1
309 283 1
309 284 1
309 288 1
309 305 1
309 306 1
309 312 1
309 313 1
309 336 1
309 340 1
309 341 1
309 342 1
309 346 1
310 279 1
310 284 1
310 285 1
310 286 1
310 289 1
310 306 1
310 307 1
310 313 1
310 314 1
310 337 1
310 342 1
310 343 1
310 344 1
310 347 1
311 253 1
311 280 1
311 287 1
311 304 1
311 308 1
311 312 1
311 338 1
311 345 1
311 369 1
312 254 1
312 282 1
312 287 1
312 288 1
312 305 1
312 308 1
312 309 1
312 311 1
312 313 1
312 340 1
312 345 1
312 346 1
312 370 1
313 255 1
313 284 1
313 288 1
313 289 1
313 306 1
313 309 1
313 310 1
313 312 1
313 314 1
313 342 1
313 346 1
313 347 1
313 371 1
314 256 1
314 286 1
314 289 1
314 307 1
314 310 1
314 313 1
314 344 1
314 347 1
314 372 1
315 290 1
315 291 1
315 294 1
315 318 1
315 319 1
315 320 1
315 348 1
315 349 1
315 352 1
316 291 1
316 292 1
316 295 1
316 320 1
316 321 1
316 322 1
316 349 1
316 350 1
316 353 1
317 292 1
317 293 1
317 296 1
317 322 1
317 323 1
317 324 1
317 350 1
317 351 1
317 354 1
318 290 1
318 294 1
318 297 1
318 315 1
318 319 1
318 325 1
318 348 1
318 352 1
318 355 1
319 294 1
319 315 1
319 318 1
319 320 1
319 325 1
319 352 1
320 291 1
320 294 1
320 295 1
320 298 1
320 315 1
320 316 1
320 319 1
320 321 1
320 325 1
320 326 1
320 349 1
320 352 1
320 353 1
320 356 1
321 295 1
321 316 1
321 320 1
321 322 1
321 326 1
321 353 1
322 292 1
322 295 1
322 296 1
322 299 1
322 316 1
322 317 1
322 321 1
322 323 1
322 326 1
322 327 1
322 350 1
322 353 1
322 354 1
322 357 1
323 296 1
323 317 1
323 322 1
323 324 1
323 327 1
323 354 1
324 293 1
324 296 1
324 300 1
324 317 1
324 323 1
324 327 1
324 351 1
324 354 1
324 358 1
325 294 1
325 297 1
325 298 1
325 301 1
325 318 1
325 319 1
325 320 1
325 328 1
325 329 1
325 330 1
325 352 1
325 355 1
325 356 1
325 359 1
326 295 1
326 298 1
326 299 1
326 302 1
326 320 1
326 321 1
326 322 1
326 330 1
326 331 1
326 332 1
326 353 1
326 356 1
326 357 1
326 360 1
327 296 1
327 299 1
327 300 1
327 303 1
327 322 1
327 323 1
327 324 1
327 332 1
327 333 1
327 334 1
327 354 1
327 357 1
327 358 1
327 361 1
328 297 1
328 301 1
328 304 1
328 325 1
328 329 1
328 335 1
328 355 1
328 359 1
328 362 1
329 301 1
329 325 1
329 328 1
329 330 1
329 335 1
329 359 1
330 298 1
330 301 1
330 302 1
330 305 1
330 325 1
330 326 1
330 329 1
330 331 1
330 335 1
330 336 1
330 356 1
330 359 1
330 360 1
330 363 1
331 302 1
331 326 1
331 330 1
331 332 1
331 336 1
331 360 1
332 299 1
332 302 1
332 303 1
332 306 1
332 326 1
332 327 1
332 331 1
332 333 1
332 336 1
332 337 1
332 357 1
332 360 1
332 361 1
332 364 1
333 303 1
333 327 1
333 332 1
333 334 1
333 337 1
333 361 1
334 300 1
334 303 1
334 307 1
334 327 1
334 333 1
334 337 1
334 358 1
334 361 1
334 365 1
335 301 1
335 304 1
335 305 1
335 308 1
335 328 1
335 329 1
335 330 1
335 338 1
335 339 1
335 340 1
335 359 1
335 362 1
335 363 1
335 366 1
336 302 1
336 305 1
336 306 1
336 309 1
336 330 1
336 331 1
336 332 1
336 340 1
336 341 1
336 342 1
336 360 1
336 363 1
336 364 1
336 367 1
337 303 1
337 306 1
337 307 1
337 310 1
337 332 1
337 333 1
337 334 1
337 342 1
337 343 1
337 344 1
337 361 1
337 364 1
337 365 1
337 368 1
338 304 1
338 308 1
338 311 1
338 335 1
338 339 1
338 345 1
338 362 1
338 366 1
338 369 1
339 308 1
339 335 1
339 338 1
339 340 1
339 345 1
339 366 1
340 305 1
340 308 1
340 309 1
340 312 1
340 335 1
340 336 1
340 339 1
340 341 1
340 345 1
340 346 1
340 363 1
340 366 1
340 367 1
340 370 1
341 309 1
341 336 1
341 340 1
341 342 1
341 346 1
341 367 1
342 306 1
342 309 1
342 310 1
342 313 1
342 336 1
342 337 1
342 341 1
342 343 1
342 346 1
342 347 1
342 364 1
342 367 1
342 368 1
342 371 1
343 310 1
343 337 1
343 342 1
343 344 1
343 347 1
343 368 1
344 307 1
344 310 1
344 314 1
344 337 1
344 343 1
344 347 1
344 365 1
344 368 1
344 372 1
345 308 1
345 311 1
345 312 1
345 338 1
345 339 1
345 340 1
345 366 1
345 369 1
345 370 1
346 309 1
346 312 1
346 313 1
346 340 1
346 341 1
346 342 1
346 367 1
346 370 1
346 371 1
347 310 1
347 313 1
347 314 1
347 342 1
347 343 1
347 344 1
347 368 1
347 371 1
347 372 1
348 290 1
348 315 1
348 318 1
348 349 1
348 352 1
348 355 1
348 373 1
348 376 1
348 406 1
349 291 1
349 315 1
349 316 1
349 320 1
349 348 1
349 350 1
349 352 1
349 353 1
349 356 1
349 373 1
349 374 1
349 378 1
349 407 1
350 292 1
350 316 1
350 317 1
350 322 1
350 349 1
350 351 1
350 353 1
350 354 1
350 357 1
350 374 1
350 375 1
350 380 1
350 408 1
351 293 1
351 317 1
351 324 1
351 350 1
351 354 1
351 358 1
351 375 1
351 382 1
351 409 1
352 315 1
352 318 1
352 319 1
352 320 1
352 325 1
352 348 1
352 349 1
352 355 1
352 356 1
352 373 1
352 376 1
352 377 1
352 378 1
352 383 1
353 316 1
353 320 1
353 321 1
353 322 1
353 326 1
353 349 1
353 350 1
353 356 1
353 357 1
353 374 1
353 378 1
353 379 1
353 380 1
353 384 1
354 317 1
354 322 1
354 323 1
354 324 1
354 327 1
354 350 1
354 351 1
354 357 1
354 358 1
354 375 1
354 380 1
354 381 1
354 382 1
354 385 1
355 297 1
355 318 1
355 325 1
355 328 1
355 348 1
355 352 1
355 356 1
355 359 1
355 362 1
355 376 1
355 383 1
355 386 1
355 413 1
356 298 1
356 320 1
356 325 1
356 326 1
356 330 1
356 349 1
356 352 1
356 353 1
356 355 1
356 357 1
356 359 1
356 360 1
356 363 1
356 378 1
356 383 1
356 384 1
356 388 1
356 414 1
357 299 1
357 322 1
357 326 1
357 327 1
357 332 1
357 350 1
357 353 1
357 354 1
357 356 1
357 358 1
357 360 1
357 361 1
357 364 1
357 380 1
357 384 1
357 385 1
357 390 1
357 415 1
358 300 1
358 324 1
358 327 1
358 334 1
358 351 1
358 354 1
358 357 1
358 361 1
358 365 1
358 382 1
358 385 1
358 392 1
358 416 1
359 325 1
359 328 1
359 329 1
359 330 1
359 335 1
359 355 1
359 356 1
359 362 1
359 363 1
359 383 1
359 386 1
359 387 1
359 388 1
359 393 1
360 326 1
360 330 1
360 331 1
360 332 1
360 336 1
360 356 1
360 357 1
360 363 1
360 364 1
360 384 1
360 388 1
360 389 1
360 390 1
360 394 1
361 327 1
361 332 1
361 333 1
361 334 1
361 337 1
361 357 1
361 358 1
361 364 1
361 365 1
361 385 1
361 390 1
361 391 1
361 392 1
361 395 1
362 304 1
362 328 1
362 335 1
362 338 1
362 355 1
362 359 1
362 363 1
362 366 1
362 369 1
362 386 1
362 393 1
362 396 1
362 420 1
363 305 1
363 330 1
363 335 1
363 336 1
363 340 1
363 356 1
363 359 1
363 360 1
363 362 1
363 364 1
363 366 1
363 367 1
363 370 1
363 388 1
363 393 1
363 394 1
363 398 1
363 421 1
364 306 1
364 332 1
364 336 1
364 337 1
364 342 1
364 357 1
364 360 1
364 361 1
364 363 1
364 365 1
364 367 1
364 368 1
364 371 1
364 390 1
364 394 1
364 395 1
364 400 1
364 422 1
365 307 1
365 334 1
365 337 1
365 344 1
365 358 1
365 361 1
365 364 1
365 368 1
365 372 1
365 392 1
365 395 1
365 402 1
365 423 1
366 335 1
366 338 1
366 339 1
366 340 1
366 345 1
366 362 1
366 363 1
366 369 1
366 370 1
366 393 1
366 396 1
366 397 1
366 398 1
366 403 1
367 336 1
367 340 1
367 341 1
367 342 1
367 346 1
367 363 1
367 364 1
367 370 1
367 371 1
367 394 1
367 398 1
367 399 1
367 400 1
367 404 1
368 337 1
368 342 1
368 343 1
368 344 1
368 347 1
368 364 1
368 365 1
368 371 1
368 372 1
368 395 1
368 400 1
368 401 1
368 402 1
368 405 1
369 311 1
369 338 1
369 345 1
369 362 1
369 366 1
369 370 1
369 396 1
369 403 1
369 427 1
370 312 1
370 340 1
370 345 1
370 346 1
370 363 1
370 366 1
370 367 1
370 369 1
370 371 1
370 398 1
370 403 1
370 404 1
370 428 1
371 313 1
371 342 1
371 346 1
371 347 1
371 364 1
371 367 1
371 368 1
371 370 1
371 372 1
371 400 1
371 404 1
371 405 1
371 429 1
372 314 1
372 344 1
372 347 1
372 365 1
372 368 1
372 371 1
372 402 1
372 405 1
372 430 1
373 348 1
373 349 1
373 352 1
373 376 1
373 377 1
373 378 1
373 406 1
373 407 1
373 410 1
374 349 1
374 350 1
374 353 1
374 378 1
374 379 1
374 380 1
374 407 1
374 408 1
374 411 1
375 350 1
375 351 1
375 354 1
375 380 1
375 381 1
375 382 1
375 408 1
375 409 1
375 412 1
376 348 1
376 352 1
376 355 1
376 373 1
376 377 1
376 383 1
376 406 1
376 410 1
376 413 1
377 352 1
377 373 1
377 376 1
377 378 1
377 383 1
377 410 1
378 349 1
378 352 1
378 353 1
378 356 1
378 373 1
378 374 1
378 377 1
378 379 1
378 383 1
378 384 1
378 407 1
378 410 1
378 411 1
378 414 1
379 353 1
379 374 1
379 378 1
379 380 1
379 384 1
379 411 1
380 350 1
380 353 1
380 354 1
380 357 1
380 374 1
380 375 1
380 379 1
380 381 1
380 384 1
380 385 1
380 408 1
380 411 1
380 412 1
380 415 1
381 354 1
381 375 1
381 380 1
381 382 1
381 385 1
381 412 1
382 351 1
382 354 1
382 358 1
382 375 1
382 381 1
382 385 1
382 409 1
382 412 1
382 416 1
383 352 1
383 355 1
383 356 1
383 359 1
383 376 1
383 377 1
383 378 1
383 386 1
383 387 1
383 388 1
383 410 1
383 413 1
383 414 1
383 417 1
384 353 1
384 356 1
384 357 1
384 360 1
384 378 1
384 379 1
384 380 1
384 388 1
384 389 1
384 390 1
384 411 1
384 414 1
384 415 1
384 418 1
385 354 1
385 357 1
385 358 1
385 361 1
385 380 1
385 381 1
385 382 1
385 390 1
385 391 1
385 392 1
385 412 1
385 415 1
385 416 1
385 419 1
386 355 1
386 359 1
386 362 1
386 383 1
386 387 1
386 393 1
386 413 1
386 417 1
386 420 1
387 359 1
387 383 1
387 386 1
387 388 1
387 393 1
387 417 1
388 356 1
388 359 1
388 360 1
388 363 1
388 383 1
388 384 1
388 387 1
388 389 1
388 393 1
388 394 1
388 414 1
388 417 1
388 418 1
388 421 1
389 360 1
389 384 1
389 388 1
389 390 1
389 394 1
389 418 1
390 357 1
390 360 1
390 361 1
390 364 1
390 384 1
390 385 1
390 389 1
390 391 1
390 394 1
390 395 1
390 415 1
390 418 1
390 419 1
390 422 1
391 361 1
391 385 1
391 390 1
391 392 1
391 395 1
391 419 1
392 358 1
392 361 1
392 365 1
392 385 1
392 391 1
392 395 1
392 416 1
392 419 1
392 423 1
393 359 1
393 362 1
393 363 1
393 366 1
393 386 1
393 387 1
393 388 1
393 396 1
393 397 1
393 398 1
393 417 1
393 420 1
393 421 1
393 424 1
394 360 1
394 363 1
394 364 1
394 367 1
394 388 1
394 389 1
394 390 1
394 398 1
394 399 1
394 400 1
394 418 1
394 421 1
394 422 1
394 425 1
395 361 1
395 364 1
395 365 1
395 368 1
395 390 1
395 391 1
395 392 1
395 400 1
395 401 1
395 402 1
395 419 1
395 422 1
395 423 1
395 426 1
396 362 1
396 366 1
396 369 1
396 393 1
396 397 1
396 403 1
396 420 1
396 424 1
396 427 1
397 366 1
397 393 1
397 396 1
397 398 1
397 403 1
397 424 1
398 363 1
398 366 1
398 367 1
398 370 1
398 393 1
398 394 1
398 397 1
398 399 1
398 403 1
398 404 1
398 421 1
398 424 1
398 425 1
398 428 1
399 367 1
399 394 1
399 398 1
399 400 1
399 404 1
399 425 1
400 364 1
400 367 1
400 368 1
400 371 1
400 394 1
400 395 1
400 399 1
400 401 1
400 404 1
400 405 1
400 422 1
400 425 1
400 426 1
400 429 1
401 368 1
401 395 1
401 400 1
401 402 1
401 405 1
401 426 1
402 365 1
402 368 1
402 372 1
402 395 1
402 401 1
402 405 1
402 423 1
402 426 1
402 430 1
403 366 1
403 369 1
403 370 1
403 396 1
403 397 1
403 398 1
403 424 1
403 427 1
403 428 1
404 367 1
404 370 1
404 371 1
404 398 1
404 399 1
404 400 1
404 425 1
404 428 1
404 429 1
405 368 1
405 371 1
405 372 1
405 400 1
405 401 1
405 402 1
405 426 1
405 429 1
405 430 1
406 348 1
406 373 1
406 376 1
406 407 1
406 410 1
406 413 1
406 431 1
406 434 1
406 464 1
407 349 1
407 373 1
407 374 1
407 378 1
407 406 1
407 408 1
407 410 1
407 411 1
407 414 1
407 431 1
407 432 1
407 436 1
407 465 1
408 350 1
408 374 1
408 375 1
408 380 1
408 407 1
408 409 1
408 411 1
408 412 1
408 415 1
408 432 1
408 433 1
408 438 1
408 466 1
409 351 1
409 375 1
409 382 1
409 408 1
409 412 1
409 416 1
409 433 1
409 440 1
409 467 1
410 373 1
410 376 1
410 377 1
410 378 1
410 383 1
410 406 1
410 407 1
410 413 1
410 414 1
410 431 1
410 434 1
410 435 1
410 436 1
410 441 1
411 374 1
411 378 1
411 379 1
411 380 1
411 384 1
411 407 1
411 408 1
411 414 1
411 415 1
411 432 1
411 436 1
411 437 1
411 438 1
411 442 1
412 375 1
412 380 1
412 381 1
412 382 1
412 385 1
412 408 1
412 409 1
412 415 1
412 416 1
412 433 1
412 438 1
412 439 1
412 440 1
412 443 1
413 355 1
413 376 1
413 383 1
413 386 1
413 406 1
413 410 1
413 414 1
413 417 1
413 420 1
413 434 1
413 441 1
413 444 1
413 471 1
414 356 1
414 378 1
414 383 1
414 384 1
414 388 1
414 407 1
414 410 1
414 411 1
414 413 1
414 415 1
414 417 1
414 418 1
414 421 1
414 436 1
414 441 1
414 442 1
414 446 1
414 472 1
415 357 1
415 380 1
415 384 1
415 385 1
415 390 1
415 408 1
415 411 1
415 412 1
415 414 1
415 416 1
415 418 1
415 419 1
415 422 1
415 438 1
415 442 1
415 443 1
415 448 1
415 473 1
416 358 1
416 382 1
416 385 1
416 392 1
416 409 1
416 412 1
416 415 1
416 419 1
416 423 1
416 440 1
416 443 1
416 450 1
416 474 1
417 383 1
417 386 1
417 387 1
417 388 1
417 393 1
417 413 1
417 414 1
417 420 1
417 421 1
417 441 1
417 444 1
417 445 1
417 446 1
417 451 1
418 384 1
418 388 1
418 389 1
418 390 1
418 394 1
418 414 1
418 415 1
418 421 1
418 422 1
418 442 1
418 446 1
418 447 1
418 448 1
418 452 1
419 385 1
419 390 1
419 391 1
419 392 1
419 395 1
419 415 1
419 416 1
419 422 1
419 423 1
419 443 1
419 448 1
419 449 1
419 450 1
419 453 1
420 362 1
420 386 1
420 393 1
420 396 1
420 413 1
420 417 1
420 421 1
420 424 1
420 427 1
420 444 1
420 451 1
420 454 1
420 478 1
421 363 1
421 388 1
421 393 1
421 394 1
421 398 1
421 414 1
421 417 1
421 418 1
421 420 1
421 422 1
421 424 1
421 425 1
421 428 1
421 446 1
421 451 1
421 452 1
421 456 1
421 479 1
422 364 1
422 390 1
422 394 1
422 395 1
422 400 1
422 415 1
422 418 1
422 419 1
422 421 1
422 423 1
422 425 1
422 426 1
422 429 1
422 448 1
422 452 1
422 453 1
422 458 1
422 480 1
423 365 1
423 392 1
423 395 1
423 402 1
423 416 1
423 419 1
423 422 1
423 426 1
423 430 1
423 450 1
423 453 1
423 460 1
423 481 1
424 393 1
424 396 1
424 397 1
424 398 1
424 403 1
424 420 1
424 421 1
424 427 1
424 428 1
424 451 1
424 454 1
424 455 1
424 456 1
424 461 1
425 394 1
425 398 1
425 399 1
425 400 1
425 404 1
425 421 1
425 422 1
425 428 1
425 429 1
425 452 1
425 456 1
425 457 1
425 458 1
425 462 1
426 395 1
426 400 1
426 401 1
426 402 1
426 405 1
426 422 1
426 423 1
426 429 1
426 430 1
426 453 1
426 458 1
426 459 1
426 460 1
426 463 1
427 369 1
427 396 1
427 403 1
427 420 1
427 424 1
427 428 1
427 454 1
427 461 1
427 485 1
428 370 1
428 398 1
428 403 1
428 404 1
428 421 1
428 424 1
428 425 1
428 427 1
428 429 1
428 456 1
428 461 1
428 462 1
428 486 1
429 371 1
429 400 1
429 404 1
429 405 1
429 422 1
429 425 1
429 426 1
429 428 1
429 430 1
429 458 1
429 462 1
429 463 1
429 487 1
430 372 1
430 402 1
430 405 1
430 423 1
430 426 1
430 429 1
430 460 1
430 463 1
430 488 1
431 406 1
431 407 1
431 410 1
431 434 1
431 435 1
431 436 1
431 464 1
431 465 1
431 468 1
432 407 1
432 408 1
432 411 1
432 436 1
432 437 1
432 438 1
432 465 1
432 466 1
432 469 1
433 408 1
433 409 1
433 412 1
433 438 1
433 439 1
433 440 1
433 466 1
433 467 1
433 470 1
434 406 1
434 410 1
434 413 1
434 431 1
434 435 1
434 441 1
434 464 1
434 468 1
434 471 1
435 410 1
435 431 1
435 434 1
435 436 1
435 441 1
435 468 1
436 407 1
436 410 1
436 411 1
436 414 1
436 431 1
436 432 1
436 435 1
436 437 1
436 441 1
436 442 1
436 465 1
436 468 1
436 469 1
436 472 1
437 411 1
437 432 1
437 436 1
437 438 1
437 442 1
437 469 1
438 408 1
438 411 1
438 412 1
438 415 1
438 432 1
438 433 1
438 437 1
438 439 1
438 442 1
438 443 1
438 466 1
438 469 1
438 470 1
438 473 1
439 412 1
439 433 1
439 438 1
439 440 1
439 443 1
439 470 1
440 409 1
440 412 1
440 416 1
440 433 1
440 439 1
440 443 1
440 467 1
440 470 1
440 474 1
441 410 1
441 413 1
441 414 1
441 417 1
441 434 1
441 435 1
441 436 1
441 444 1
441 445 1
441 446 1
441 468 1
441 471 1
441 472 1
441 475 1
442 411 1
442 414 1
442 415 1
442 418 1
442 436 1
442 437 1
442 438 1
442 446 1
442 447 1
442 448 1
442 469 1
442 472 1
442 473 1
442 476 1
443 412 1
443 415 1
443 416 1
443 419 1
443 438 1
443 439 1
443 440 1
443 448 1
443 449 1
443 450 1
443 470 1
443 473 1
443 474 1
443 477 1
444 413 1
444 417 1
444 420 1
444 441 1
444 445 1
444 451 1
444 471 1
444 475 1
444 478 1
445 417 1
445 441 1
445 444 1
445 446 1
445 451 1
445 475 1
446 414 1
446 417 1
446 418 1
446 421 1
446 441 1
446 442 1
446 445 1
446 447 1
446 451 1
446 452 1
446 472 1
446 475 1
446 476 1
446 479 1
447 418 1
447 442 1
447 446 1
447 448 1
447 452 1
447 476 1
448 415 1
448 418 1
448 419 1
448 422 1
448 442 1
448 443 1
448 447 1
448 449 1
448 452 1
448 453 1
448 473 1
448 476 1
448 477 1
448 480 1
449 419 1
449 443 1
449 448 1
449 450 1
449 453 1
449 477 1
450 416 1
450 419 1
450 423 1
450 443 1
450 449 1
450 453 1
450 474 1
450 477 1
450 481 1
451 417 1
451 420 1
451 421 1
451 424 1
451 444 1
451 445 1
451 446 1
451 454 1
451 455 1
451 456 1
451 475 1
451 478 1
451 479 1
451 482 1
452 418 1
452 421 1
452 422 1
452 425 1
452 446 1
452 447 1
452 448 1
452 456 1
452 457 1
452 458 1
452 476 1
452 479 1
452 480 1
452 483 1
453 419 1
453 422 1
453 423 1
453 426 1
453 448 1
453 449 1
453 450 1
453 458 1
453 459 1
453 460 1
453 477 1
453 480 1
453 481 1
453 484 1
454 420 1
454 424 1
454 427 1
454 451 1
454 455 1
454 461 1
454 478 1
454 482 1
454 485 1
455 424 1
455 451 1
455 454 1
455 456 1
455 461 1
455 482 1
456 421 1
456 424 1
456 425 1
456 428 1
456 451 1
456 452 1
456 455 1
456 457 1
456 461 1
456 462 1
456 479 1
456 482 1
456 483 1
456 486 1
457 425 1
457 452 1
457 456 1
457 458 1
457 462 1
457 483 1
458 422 1
458 425 1
458 426 1
458 429 1
458 452 1
458 453 1
458 457 1
458 459 1
458 462 1
458 463 1
458 480 1
458 483 1
458 484 1
458 487 1
459 426 1
459 453 1
459 458 1
459 460 1
459 463 1
459 484 1
460 423 1
460 426 1
460 430 1
460 453 1
460 459 1
460 463 1
460 481 1
460 484 1
460 488 1
461 424 1
461 427 1
461 428 1
461 454 1
461 455 1
461 456 1
461 482 1
461 485 1
461 486 1
462 425 1
462 428 1
462 429 1
462 456 1
462 457 1
462 458 1
462 483 1
462 486 1
462 487 1
463 426 1
463 429 1
463 430 1
463 458 1
463 459 1
463 460 1
463 484 1
463 487 1
463 488 1
464 406 1
464 431 1
464 434 1
464 465 1
464 468 1
464 471 1
464 489 1
464 492 1
464 522 1
465 407 1
465 431 1
465 432 1
465 436 1
465 464 1
465 466 1
465 468 1
465 469 1
465 472 1
465 489 1
465 490 1
465 494 1
465 523 1
466 408 1
466 432 1
466 433 1
466 438 1
466 465 1
466 467 1
466 469 1
466 470 1
466 473 1
466 490 1
466 491 1
466 496 1
466 524 1
467 409 1
467 433 1
467 440 1
467 466 1
467 470 1
467 474 1
467 491 1
467 498 1
467 525 1
468 431 1
468 434 1
468 435 1
468 436 1
468 441 1
468 464 1
468 465 1
468 471 1
468 472 1
468 489 1
468 492 1
468 493 1
468 494 1
468 499 1
469 432 1
469 436 1
469 437 1
469 438 1
469 442 1
469 465 1
469 466 1
469 472 1
469 473 1
469 490 1
469 494 1
469 495 1
469 496 1
469 500 1
470 433 1
470 438 1
470 439 1
470 440 1
470 443 1
470 466 1
470 467 1
470 473 1
470 474 1
470 491 1
470 496 1
470 497 1
470 498 1
470 501 1
471 413 1
471 434 1
471 441 1
471 444 1
471 464 1
471 468 1
471 472 1
471 475 1
471 478 1
471 492 1
471 499 1
471 502 1
471 529 1
472 414 1
472 436 1
472 441 1
472 442 1
472 446 1
472 465 1
472 468 1
472 469 1
472 471 1
472 473 1
472 475 1
472 476 1
472 479 1
472 494 1
472 499 1
472 500 1
472 504 1
472 530 1
473 415 1
473 438 1
473 442 1
473 443 1
473 448 1
473 466 1
473 469 1
473 470 1
473 472 1
473 474 1
473 476 1
473 477 1
473 480 1
473 496 1
473 500 1
473 501 1
473 506 1
473 531 1
474 416 1
474 440 1
474 443 1
474 450 1
474 467 1
474 470 1
474 473 1
474 477 1
474 481 1
474 498 1
474 501 1
474 508 1
474 532 1
475 441 1
475 444 1
475 445 1
475 446 1
475 451 1
475 471 1
475 472 1
475 478 1
475 479 1
475 499 1
475 502 1
475 503 1
475 504 1
475 509 1
476 442 1
476 446 1
476 447 1
476 448 1
476 452 1
476 472 1
476 473 1
476 479 1
476 480 1
476 500 1
476 504 1
476 505 1
476 506 1
476 510 1
477 443 1
477 448 1
477 449 1
477 450 1
477 453 1
477 473 1
477 474 1
477 480 1
477 481 1
477 501 1
477 506 1
477 507 1
477 508 1
477 511 1
478 420 1
478 444 1
478 451 1
478 454 1
478 471 1
478 475 1
478 479 1
478 482 1
478 485 1
478 502 1
478 509 1
478 512 1
478 536 1
479 421 1
479 446 1
479 451 1
479 452 1
479 456 1
479 472 1
479 475 1
479 476 1
479 478 1
479 480 1
479 482 1
479 483 1
479 486 1
479 504 1
479 509 1
479 510 1
479 514 1
479 537 1
480 422 1
480 448 1
480 452 1
480 453 1
480 458 1
480 473 1
480 476 1
480 477 1
480 479 1
480 481 1
480 483 1
480 484 1
480 487 1
480 506 1
480 510 1
480 511 1
480 516 1
480 538 1
481 423 1
481 450 1
481 453 1
481 460 1
481 474 1
481 477 1
481 480 1
481 484 1
481 488 1
481 508 1
481 511 1
481 518 1
481 539 1
482 451 1
482 454 1
482 455 1
482 456 1
482 461 1
482 478 1
482 479 1
482 485 1
482 486 1
482 509 1
482 512 1
482 513 1
482 514 1
482 519 1
483 452 1
483 456 1
483 457 1
483 458 1
483 462 1
483 479 1
483 480 1
483 486 1
483 487 1
483 510 1
483 514 1
483 515 1
483 516 1
483 520 1
484 453 1
484 458 1
484 459 1
484 460 1
484 463 1
484 480 1
484 481 1
484 487 1
484 488 1
484 511 1
484 516 1
484 517 1
484 518 1
484 521 1
485 427 1
485 454 1
485 461 1
485 478 1
485 482 1
485 486 1
485 512 1
485 519 1
485 543 1
486 428 1
486 456 1
486 461 1
486 462 1
486 479 1
486 482 1
486 483 1
486 485 1
486 487 1
486 514 1
486 519 1
486 520 1
486 544 1
487 429 1
487 458 1
487 462 1
487 463 1
487 480 1
487 483 1
487 484 1
487 486 1
487 488 1
487 516 1
487 520 1
487 521 1
487 545 1
488 430 1
488 460 1
488 463 1
488 481 1
488 484 1
488 487 1
488 518 1
488 521 1
488 546 1
489 464 1
489 465 1
489 468 1
489 492 1
489 493 1
489 494 1
489 522 1
489 523 1
489 526 1
490 465 1
490 466 1
490 469 1
490 494 1
490 495 1
490 496 1
490 523 1
490 524 1
490 527 1
491 466 1
491 467 1
491 470 1
491 496 1
491 497 1
491 498 1
491 524 1
491 525 1
491 528 1
492 464 1
492 468 1
492 471 1
492 489 1
492 493 1
492 499 1
492 522 1
492 526 1
492 529 1
493 468 1
493 489 1
493 492 1
493 494 1
493 499 1
493 526 1
494 465 1
494 468 1
494 469 1
494 472 1
494 489 1
494 490 1
494 493 1
494 495 1
494 499 1
494 500 1
494 523 1
494 526 1
494 527 1
494 530 1
495 469 1
495 490 1
495 494 1
495 496 1
495 500 1
495 527 1
496 466 1
496 469 1
496 470 1
496 473 1
496 490 1
496 491 1
496 495 1
496 497 1
496 500 1
496 501 1
496 524 1
496 527 1
496 528 1
496 531 1
497 470 1
497 491 1
497 496 1
497 498 1
497 501 1
497 528 1
498 467 1
498 470 1
498 474 1
498 491 1
498 497 1
498 501 1
498 525 1
498 528 1
498 532 1
499 468 1
499 471 1
499 472 1
499 475 1
499 492 1
499 493 1
499 494 1
499 502 1
499 503 1
499 504 1
499 526 1
499 529 1
499 530 1
499 533 1
500 469 1
500 472 1
500 473 1
500 476 1
500 494 1
500 495 1
500 496 1
500 504 1
500 505 1
500 506 1
500 527 1
500 530 1
500 531 1
500 534 1
501 470 1
501 473 1
501 474 1
501 477 1
501 496 1
501 497 1
501 498 1
501 506 1
501 507 1
501 508 1
501 528 1
501 531 1
501 532 1
501 535 1
502 471 1
502 475 1
502 478 1
502 499 1
502 503 1
502 509 1
502 529 1
502 533 1
502 536 1
503 475 1
503 499 1
503 502 1
503 504 1
503 509 1
503 533 1
504 472 1
504 475 1
504 476 1
504 479 1
504 499 1
504 500 1
504 503 1
504 505 1
504 509 1
504 510 1
504 530 1
504 533 1
504 534 1
504 537 1
505 476 1
505 500 1
505 504 1
505 506 1
505 510 1
505 534 1
506 473 1
506 476 1
506 477 1
506 480 1
506 500 1
506 501 1
506 505 1
506 507 1
506 510 1
506 511 1
506 531 1
506 534 1
506 535 1
506 538 1
507 477 1
507 501 1
507 506 1
507 508 1
507 511 1
507 535 1
508 474 1
508 477 1
508 481 1
508 501 1
508 507 1
508 511 1
508 532 1
508 535 1
508 539 1
509 475 1
509 478 1
509 479 1
509 482 1
509 502 1
509 503 1
509 504 1
509 512 1
509 513 1
509 514 1
509 533 1
509 536 1
509 537 1
509 540 1
510 476 1
510 479 1
510 480 1
510 483 1
510 504 1
510 505 1
510 506 1
510 514 1
510 515 1
510 516 1
510 534 1
510 537 1
510 538 1
510 541 1
511 477 1
511 480 1
511 481 1
511 484 1
511 506 1
511 507 1
511 508 1
511 516 1
511 517 1
511 518 1
511 535 1
511 538 1
511 539 1
511 542 1
512 478 1
512 482 1
512 485 1
512 509 1
512 513 1
512 519 1
512 536 1
512 540 1
512 543 1
513 482 1
513 509 1
513 512 1
513 514 1
513 519 1
513 540 1
514 479 1
514 482 1
514 483 1
514 486 1
514 509 1
514 510 1
514 513 1
514 515 1
514 519 1
514 520 1
514 537 1
514 540 1
514 541 1
514 544 1
515 483 1
515 510 1
515 514 1
515 516 1
515 520 1
515 541 1
516 480 1
516 483 1
516 484 1
516 487 1
516 510 1
516 511 1
516 515 1
516 517 1
516 520 1
516 521 1
516 538 1
516 541 1
516 542 1
516 545 1
517 484 1
517 511 1
517 516 1
517 518 1
517 521 1
517 542 1
518 481 1
518 484 1
518 488 1
518 511 1
518 517 1
518 521 1
518 539 1
518 542 1
518 546 1
519 482 1
519 485 1
519 486 1
519 512 1
519 513 1
519 514 1
519 540 1
519 543 1
519 544 1
520 483 1
520 486 1
520 487 1
520 514 1
520 515 1
520 516 1
520 541 1
520 544 1
520 545 1
521 484 1
521 487 1
521 488 1
521 516 1
521 517 1
521 518 1
521 542 1
521 545 1
521 546 1
522 464 1
522 489 1
522 492 1
522 523 1
522 526 1
522 529 1
522 547 1
522 550 1
522 580 1
523 465 1
523 489 1
523 490 1
523 494 1
523 522 1
523 524 1
523 526 1
523 527 1
523 530 1
523 547 1
523 548 1
523 552 1
523 581 1
524 466 1
524 490 1
524 491 1
524 496 1
524 523 1
524 525 1
524 527 1
524 528 1
524 531 1
524 548 1
524 549 1
524 554 1
524 582 1
525 467 1
525 491 1
525 498 1
525 524 1
525 528 1
525 532 1
525 549 1
525 556 1
525 583 1
526 489 1
526 492 1
526 493 1
526 494 1
526 499 1
526 522 1
526 523 1
526 529 1
526 530 1
526 547 1
526 550 1
526 551 1
526 552 1
526 557 1
527 490 1
527 494 1
527 495 1
527 496 1
527 500 1
527 523 1
527 524 1
527 530 1
527 531 1
527 548 1
527 552 1
527 553 1
527 554 1
527 558 1
528 491 1
528 496 1
528 497 1
528 498 1
528 501 1
528 524 1
528 525 1
528 531 1
528 532 1
528 549 1
528 554 1
528 555 1
528 556 1
528 559 1
529 471 1
529 492 1
529 499 1
529 502 1
529 522 1
529 526 1
529 530 1
529 533 1
529 536 1
529 550 1
529 557 1
529 560 1
529 587 1
530 472 1
530 494 1
530 499 1
530 500 1
530 504 1
530 523 1
530 526 1
530 527 1
530 529 1
530 531 1
530 533 1
530 534 1
530 537 1
530 552 1
530 557 1
530 558 1
530 562 1
530 588 1
531 473 1
531 496 1
531 500 1
531 501 1
531 506 1
531 524 1
531 527 1
531 528 1
531 530 1
531 532 1
531 534 1
531 535 1
531 538 1
531 554 1
531 558 1
531 559 1
531 564 1
531 589 1
532 474 1
532 498 1
532 501 1
532 508 1
532 525 1
532 528 1
532 531 1
532 535 1
532 539 1
532 556 1
532 559 1
532 566 1
532 590 1
533 499 1
533 502 1
533 503 1
533 504 1
533 509 1
533 529 1
533 530 1
533 536 1
533 537 1
533 557 1
533 560 1
533 561 1
533 562 1
533 567 1
534 500 1
534 504 1
534 505 1
534 506 1
534 510 1
534 530 1
534 531 1
534 537 1
534 538 1
534 558 1
534 562 1
534 563 1
534 564 1
534 568 1
535 501 1
535 506 1
535 507 1
535 508 1
535 511 1
535 531 1
535 532 1
535 538 1
535 539 1
535 559 1
535 564 1
535 565 1
535 566 1
535 569 1
536 478 1
536 502 1
536 509 1
536 512 1
536 529 1
536 533 1
536 537 1
536 540 1
536 543 1
536 560 1
536 567 1
536 570 1
536 594 1
537 479 1
537 504 1
537 509 1
537 510 1
537 514 1
537 530 1
537 533 1
537 534 1
537 536 1
537 538 1
537 540 1
537 541 1
537 544 1
537 562 1
537 567 1
537 568 1
537 572 1
537 595 1
538 480 1
538 506 1
538 510 1
538 511 1
538 516 1
538 531 1
538 534 1
538 535 1
538 537 1
538 539 1
538 541 1
538 542 1
538 545 1
538 564 1
538 568 1
538 569 1
538 574 1
538 596 1
539 481 1
539 508 1
539 511 1
539 518 1
539 532 1
539 535 1
539 538 1
539 542 1
539 546 1
539 566 1
539 569 1
539 576 1
539 597 1
540 509 1
540 512 1
540 513 1
540 514 1
540 519 1
540 536 1
540 537 1
540 543 1
540 544 1
540 567 1
540 570 1
540 571 1
540 572 1
540 577 1
541 510 1
541 514 1
541 515 1
541 516 1
541 520 1
541 537 1
541 538 1
541 544 1
541 545 1
541 568 1
541 572 1
541 573 1
541 574 1
541 578 1
542 511 1
542 516 1
542 517 1
542 518 1
542 521 1
542 538 1
542 539 1
542 545 1
542 546 1
542 569 1
542 574 1
542 575 1
542 576 1
542 579 1
543 485 1
543 512 1
543 519 1
543 536 1
543 540 1
543 544 1
543 570 1
543 577 1
543 601 1
544 486 1
544 514 1
544 519 1
544 520 1
544 537 1
544 540 1
544 541 1
544 543 1
544 545 1
544 572 1
544 577 1
544 578 1
544 602 1
545 487 1
545 516 1
545 520 1
545 521 1
545 538 1
545 541 1
545 542 1
545 544 1
545 546 1
545 574 1
545 578 1
545 579 1
545 603 1
546 488 1
546 518 1
546 521 1
546 539 1
546 542 1
546 545 1
546 576 1
546 579 1
546 604 1
547 522 1
547 523 1
547 526 1
547 550 1
547 551 1
547 552 1
547 580 1
547 581 1
547 584 1
548 523 1
548 524 1
548 527 1
548 552 1
548 553 1
548 554 1
548 581 1
548 582 1
548 585 1
549 524 1
549 525 1
549 528 1
549 554 1
549 555 1
549 556 1
549 582 1
549 583 1
549 586 1
550 522 1
550 526 1
550 529 1
550 547 1
550 551 1
550 557 1
550 580 1
550 584 1
550 587 1
551 526 1
551 547 1
551 550 1
551 552 1
551 557 1
551 584 1
552 523 1
552 526 1
552 527 1
552 530 1
552 547 1
552 548 1
552 551 1
552 553 1
552 557 1
552 558 1
552 581 1
552 584 1
552 585 1
552 588 1
553 527 1
553 548 1
553 552 1
553 554 1
553 558 1
553 585 1
554 524 1
554 527 1
554 528 1
554 531 1
554 548 1
554 549 1
554 553 1
554 555 1
554 558 1
554 559 1
554 582 1
554 585 1
554 586 1
554 589 1
555 528 1
555 549 1
555 554 1
555 556 1
555 559 1
555 586 1
556 525 1
556 528 1
556 532 1
556 549 1
556 555 1
556 559 1
556 583 1
556 586 1
556 590 1
557 526 1
557 529 1
557 530 1
557 533 1
557 550 1
557 551 1
557 552 1
557 560 1
557 561 1
557 562 1
557 584 1
557 587 1
557 588 1
557 591 1
558 527 1
558 530 1
558 531 1
558 534 1
558 552 1
558 553 1
558 554 1
558 562 1
558 563 1
558 564 1
558 585 1
558 588 1
558 589 1
558 592 1
559 528 1
559 531 1
559 532 1
559 535 1
559 554 1
559 555 1
559 556 1
559 564 1
559 565 1
559 566 1
559 586 1
559 589 1
559 590 1
559 593 1
560 529 1
560 533 1
560 536 1
560 557 1
560 561 1
560 567 1
560 587 1
560 591 1
560 594 1
561 533 1
561 557 1
561 560 1
561 562 1
561 567 1
561 591 1
562 530 1
562 533 1
562 534 1
562 537 1
562 557 1
562 558 1
562 561 1
562 563 1
562 567 1
562 568 1
562 588 1
562 591 1
562 592 1
562 595 1
563 534 1
563 558 1
563 562 1
563 564 1
563 568 1
563 592 1
564 531 1
564 534 1
564 535 1
564 538 1
564 558 1
564 559 1
564 563 1
564 565 1
564 568 1
564 569 1
564 589 1
564 592 1
564 593 1
564 596 1
565 535 1
565 559 1
565 564 1
565 566 1
565 569 1
565 593 1
566 532 1
566 535 1
566 539 1
566 559 1
566 565 1
566 569 1
566 590 1
566 593 1
566 597 1
567 533 1
567 536 1
567 537 1
567 540 1
567 560 1
567 561 1
567 562 1
567 570 1
567 571 1
567 572 1
567 591 1
567 594 1
567 595 1
567 598 1
568 534 1
568 537 1
568 538 1
568 541 1
568 562 1
568 563 1
568 564 1
568 572 1
568 573 1
568 574 1
568 592 1
568 595 1
568 596 1
568 599 1
569 535 1
569 538 1
569 539 1
569 542 1
569 564 1
569 565 1
569 566 1
569 574 1
569 575 1
569 576 1
569 593 1
569 596 1
569 597 1
569 600 1
570 536 1
570 540 1
570 543 1
570 567 1
570 571 1
570 577 1
570 594 1
570 598 1
570 601 1
571 540 1
571 567 1
571 570 1
571 572 1
571 577 1
571 598 1
572 537 1
572 540 1
572 541 1
572 544 1
572 567 1
572 568 1
572 571 1
572 573 1
572 577 1
572 578 1
572 595 1
572 598 1
572 599 1
572 602 1
573 541 1
573 568 1
573 572 1
573 574 1
573 578 1
573 599 1
574 538 1
574 541 1
574 542 1
574 545 1
574 568 1
574 569 1
574 573 1
574 575 1
574 578 1
574 579 1
574 596 1
574 599 1
574 600 1
574 603 1
575 542 1
575 569 1
575 574 1
575 576 1
575 579 1
575 600 1
576 539 1
576 542 1
576 546 1
576 569 1
576 575 1
576 579 1
576 597 1
576 600 1
576 604 1
577 540 1
577 543 1
577 544 1
577 570 1
577 571 1
577 572 1
577 598 1
577 601 1
577 602 1
578 541 1
578 544 1
578 545 1
578 572 1
578 573 1
578 574 1
578 599 1
578 602 1
578 603 1
579 542 1
579 545 1
579 546 1
579 574 1
579 575 1
579 576 1
579 600 1
579 603 1
579 604 1
580 522 1
580 547 1
580 550 1
580 581 1
580 584 1
580 587 1
580 605 1
580 608 1
580 638 1
581 523 1
581 547 1
581 548 1
581 552 1
581 580 1
581 582 1
581 584 1
581 585 1
581 588 1
581 605 1
581 606 1
581 610 1
581 639 1
582 524 1
582 548 1
582 549 1
582 554 1
582 581 1
582 583 1
582 585 1
582 586 1
582 589 1
582 606 1
582 607 1
582 612 1
582 640 1
583 525 1
583 549 1
583 556 1
583 582 1
583 586 1
583 590 1
583 607 1
583 614 1
583 641 1
584 547 1
584 550 1
584 551 1
584 552 1
584 557 1
584 580 1
584 581 1
584 587 1
584 588 1
584 605 1
584 608 1
584 609 1
584 610 1
584 615 1
585 548 1
585 552 1
585 553 1
585 554 1
585 558 1
585 581 1
585 582 1
585 588 1
585 589 1
585 606 1
585 610 1
585 611 1
585 612 1
585 616 1
586 549 1
586 554 1
586 555 1
586 556 1
586 559 1
586 582 1
586 583 1
586 589 1
586 590 1
586 607 1
586 612 1
586 613 1
586 614 1
586 617 1
587 529 1
587 550 1
587 557 1
587 560 1
587 580 1
587 584 1
587 588 1
587 591 1
587 594 1
587 608 1
587 615 1
587 618 1
587 645 1
588 530 1
588 552 1
588 557 1
588 558 1
588 562 1
588 581 1
588 584 1
588 585 1
588 587 1
588 589 1
588 591 1
588 592 1
588 595 1
588 610 1
588 615 1
588 616 1
588 620 1
588 646 1
589 531 1
589 554 1
589 558 1
589 559 1
589 564 1
589 582 1
589 585 1
589 586 1
589 588 1
589 590 1
589 592 1
589 593 1
589 596 1
589 612 1
589 616 1
589 617 1
589 622 1
589 647 1
590 532 1
590 556 1
590 559 1
590 566 1
590 583 1
590 586 1
590 589 1
590 593 1
590 597 1
590 614 1
590 617 1
590 624 1
590 648 1
591 557 1
591 560 1
591 561 1
591 562 1
591 567 1
591 587 1
591 588 1
591 594 1
591 595 1
591 615 1
591 618 1
591 619 1
591 620 1
591 625 1
592 558 1
592 562 1
592 563 1
592 564 1
592 568 1
592 588 1
592 589 1
592 595 1
592 596 1
592 616 1
592 620 1
592 621 1
592 622 1
592 626 1
593 559 1
593 564 1
593 565 1
593 566 1
593 569 1
593 589 1
593 590 1
593 596 1
593 597 1
593 617 1
593 622 1
593 623 1
593 624 1
593 627 1
594 536 1
594 560 1
594 567 1
594 570 1
594 587 1
594 591 1
594 595 1
594 598 1
594 601 1
594 618 1
594 625 1
594 628 1
594 652 1
595 537 1
595 562 1
595 567 1
595 568 1
595 572 1
595 588 1
595 591 1
595 592 1
595 594 1
595 596 1
595 598 1
595 599 1
595 602 1
595 620 1
595 625 1
595 626 1
595 630 1
595 653 1
596 538 1
596 564 1
596 568 1
596 569 1
596 574 1
596 589 1
596 592 1
596 593 1
596 595 1
596 597 1
596 599 1
596 600 1
596 603 1
596 622 1
596 626 1
596 627 1
596 632 1
596 654 1
597 539 1
597 566 1
597 569 1
597 576 1
597 590 1
597 593 1
597 596 1
597 600 1
597 604 1
597 624 1
597 627 1
597 634 1
597 655 1
598 567 1
598 570 1
598 571 1
598 572 1
598 577 1
598 594 1
598 595 1
598 601 1
598 602 1
598 625 1
598 628 1
598 629 1
598 630 1
598 635 1
599 568 1
599 572 1
599 573 1
599 574 1
599 578 1
599 595 1
599 596 1
599 602 1
599 603 1
599 626 1
599 630 1
599 631 1
599 632 1
599 636 1
600 569 1
600 574 1
600 575 1
600 576 1
600 579 1
600 596 1
600 597 1
600 603 1
600 604 1
600 627 1
600 632 1
600 633 1
600 634 1
600 637 1
601 543 1
601 570 1
601 577 1
601 594 1
601 598 1
601 602 1
601 628 1
601 635 1
601 659 1
602 544 1
602 572 1
602 577 1
602 578 1
602 595 1
602 598 1
602 599 1
602 601 1
602 603 1
602 630 1
602 635 1
602 636 1
602 660 1
603 545 1
603 574 1
603 578 1
603 579 1
603 596 1
603 599 1
603 600 1
603 602 1
603 604 1
603 632 1
603 636 1
603 637 1
603 661 1
604 546 1
604 576 1
604 579 1
604 597 1
604 600 1
604 603 1
604 634 1
604 637 1
604 662 1
605 580 1
605 581 1
605 584 1
605 608 1
605 609 1
605 610 1
605 638 1
605 639 1
605 642 1
606 581 1
606 582 1
606 585 1
606 610 1
606 611 1
606 612 1
606 639 1
606 640 1
606 643 1
607 582 1
607 583 1
607 586 1
607 612 1
607 613 1
607 614 1
607 640 1
607 641 1
607 644 1
608 580 1
608 584 1
608 587 1
608 605 1
608 609 1
608 615 1
608 638 1
608 642 1
608 645 1
609 584 1
609 605 1
609 608 1
609 610 1
609 615 1
609 642 1
610 581 1
610 584 1
610 585 1
610 588 1
610 605 1
610 606 1
610 609 1
610 611 1
610 615 1
610 616 1
610 639 1
610 642 1
610 643 1
610 646 1
611 585 1
611 606 1
611 610 1
611 612 1
611 616 1
611 643 1
612 582 1
612 585 1
612 586 1
612 589 1
612 606 1
612 607 1
612 611 1
612 613 1
612 616 1
612 617 1
612 640 1
612 643 1
612 644 1
612 647 1
613 586 1
613 607 1
613 612 1
613 614 1
613 617 1
613 644 1
614 583 1
614 586 1
614 590 1
614 607 1
614 613 1
614 617 1
614 641 1
614 644 1
614 648 1
615 584 1
615 587 1
615 588 1
615 591 1
615 608 1
615 609 1
615 610 1
615 618 1
615 619 1
615 620 1
615 642 1
615 645 1
615 646 1
615 649 1
616 585 1
616 588 1
616 589 1
616 592 1
616 610 1
616 611 1
616 612 1
616 620 1
616 621 1
616 622 1
616 643 1
616 646 1
616 647 1
616 650 1
617 586 1
617 589 1
617 590 1
617 593 1
617 612 1
617 613 1
617 614 1
617 622 1
617 623 1
617 624 1
617 644 1
617 647 1
617 648 1
617 651 1
618 587 1
618 591 1
618 594 1
618 615 1
618 619 1
618 625 1
618 645 1
618 649 1
618 652 1
619 591 1
619 615 1
619 618 1
619 620 1
619 625 1
619 649 1
620 588 1
620 591 1
620 592 1
620 595 1
620 615 1
620 616 1
620 619 1
620 621 1
620 625 1
620 626 1
620 646 1
620 649 1
620 650 1
620 653 1
621 592 1
621 616 1
621 620 1
621 622 1
621 626 1
621 650 1
622 589 1
622 592 1
622 593 1
622 596 1
622 616 1
622 617 1
622 621 1
622 623 1
622 626 1
622 627 1
622 647 1
622 650 1
622 651 1
622 654 1
623 593 1
623 617 1
623 622 1
623 624 1
623 627 1
623 651 1
624 590 1
624 593 1
624 597 1
624 617 1
624 623 1
624 627 1
624 648 1
624 651 1
624 655 1
625 591 1
625 594 1
625 595 1
625 598 1
625 618 1
625 619 1
625 620 1
625 628 1
625 629 1
625 630 1
625 649 1
625 652 1
625 653 1
625 656 1
626 592 1
626 595 1
626 596 1
626 599 1
626 620 1
626 621 1
626 622 1
626 630 1
626 631 1
626 632 1
626 650 1
626 653 1
626 654 1
626 657 1
627 593 1
627 596 1
627 597 1
627 600 1
627 622 1
627 623 1
627 624 1
627 632 1
627 633 1
627 634 1
627 651 1
627 654 1
627 655 1
627 658 1
628 594 1
628 598 1
628 601 1
628 625 1
628 629 1
628 635 1
628 652 1
628 656 1
628 659 1
629 598 1
629 625 1
629 628 1
629 630 1
629 635 1
629 656 1
630 595 1
630 598 1
630 599 1
630 602 1
630 625 1
630 626 1
630 629 1
630 631 1
630 635 1
630 636 1
630 653 1
630 656 1
630 657 1
630 660 1
631 599 1
631 626 1
631 630 1
631 632 1
631 636 1
631 657 1
632 596 1
632 599 1
632 600 1
632 603 1
632 626 1
632 627 1
632 631 1
632 633 1
632 636 1
632 637 1
632 654 1
632 657 1
632 658 1
632 661 1
633 600 1
633 627 1
633 632 1
633 634 1
633 637 1
633 658 1
634 597 1
634 600 1
634 604 1
634 627 1
634 633 1
634 637 1
634 655 1
634 658 1
634 662 1
635 598 1
635 601 1
635 602 1
635 628 1
635 629 1
635 630 1
635 656 1
635 659 1
635 660 1
636 599 1
636 602 1
636 603 1
636 630 1
636 631 1
636 632 1
636 657 1
636 660 1
636 661 1
637 600 1
637 603 1
637 604 1
637 632 1
637 633 1
637 634 1
637 658 1
637 661 1
637 662 1
638 580 1
638 605 1
638 608 1
638 639 1
638 642 1
638 645 1
638 663 1
638 666 1
638 696 1
639 581 1
639 605 1
639 606 1
639 610 1
639 638 1
639 640 1
639 642 1
639 643 1
639 646 1
639 663 1
639 664 1
639 668 1
639 697 1
640 582 1
640 606 1
640 607 1
640 612 1
640 639 1
640 641 1
640 643 1
640 644 1
640 647 1
640 664 1
640 665 1
640 670 1
640 698 1
641 583 1
641 607 1
641 614 1
641 640 1
641 644 1
641 648 1
641 665 1
641 672 1
641 699 1
642 605 1
642 608 1
642 609 1
642 610 1
642 615 1
642 638 1
642 639 1
642 645 1
642 646 1
642 663 1
642 666 1
642 667 1
642 668 1
642 673 1
643 606 1
643 610 1
643 611 1
643 612 1
643 616 1
643 639 1
643 640 1
643 646 1
643 647 1
643 664 1
643 668 1
643 669 1
643 670 1
643 674 1
644 607 1
644 612 1
644 613 1
644 614 1
644 617 1
644 640 1
644 641 1
644 647 1
644 648 1
644 665 1
644 670 1
644 671 1
644 672 1
644 675 1
645 587 1
645 608 1
645 615 1
645 618 1
645 638 1
645 642 1
645 646 1
645 649 1
645 652 1
645 666 1
645 673 1
645 676 1
645 703 1
646 588 1
646 610 1
646 615 1
646 616 1
646 620 1
646 639 1
646 642 1
646 643 1
646 645 1
646 647 1
646 649 1
646 650 1
646 653 1
646 668 1
646 673 1
646 674 1
646 678 1
646 704 1
647 589 1
647 612 1
647 616 1
647 617 1
647 622 1
647 640 1
647 643 1
647 644 1
647 646 1
647 648 1
647 650 1
647 651 1
647 654 1
647 670 1
647 674 1
647 675 1
647 680 1
647 705 1
648 590 1
648 614 1
648 617 1
648 624 1
648 641 1
648 644 1
648 647 1
648 651 1
648 655 1
648 672 1
648 675 1
648 682 1
648 706 1
649 615 1
649 618 1
649 619 1
649 620 1
649 625 1
649 645 1
649 646 1
649 652 1
649 653 1
649 673 1
649 676 1
649 677 1
649 678 1
649 683 1
650 616 1
650 620 1
650 621 1
650 622 1
650 626 1
650 646 1
650 647 1
650 653 1
650 654 1
650 674 1
650 678 1
650 679 1
650 680 1
650 684 1
651 617 1
651 622 1
651 623 1
651 624 1
651 627 1
651 647 1
651 648 1
651 654 1
651 655 1
651 675 1
651 680 1
651 681 1
651 682 1
651 685 1
652 594 1
652 618 1
652 625 1
652 628 1
652 645 1
652 649 1
652 653 1
652 656 1
652 659 1
652 676 1
652 683 1
652 686 1
652 710 1
653 595 1
653 620 1
653 625 1
653 626 1
653 630 1
653 646 1
653 649 1
653 650 1
653 652 1
653 654 1
653 656 1
653 657 1
653 660 1
653 678 1
653 683 1
653 684 1
653 688 1
653 711 1
654 596 1
654 622 1
654 626 1
654 627 1
654 632 1
654 647 1
654 650 1
654 651 1
654 653 1
654 655 1
654 657 1
654 658 1
654 661 1
654 680 1
654 684 1
654 685 1
654 690 1
654 712 1
655 597 1
655 624 1
655 627 1
655 634 1
655 648 1
655 651 1
655 654 1
655 658 1
655 662 1
655 682 1
655 685 1
655 692 1
655 713 1
656 625 1
656 628 1
656 629 1
656 630 1
656 635 1
656 652 1
656 653 1
656 659 1
656 660 1
656 683 1
656 686 1
656 687 1
656 688 1
656 693 1
657 626 1
657 630 1
657 631 1
657 632 1
657 636 1
657 653 1
657 654 1
657 660 1
657 661 1
657 684 1
657 688 1
657 689 1
657 690 1
657 694 1
658 627 1
658 632 1
658 633 1
658 634 1
658 637 1
658 654 1
658 655 1
658 661 1
658 662 1
658 685 1
658 690 1
658 691 1
658 692 1
658 695 1
659 601 1
659 628 1
659 635 1
659 652 1
659 656 1
659 660 1
659 686 1
659 693 1
659 717 1
660 602 1
660 630 1
660 635 1
660 636 1
660 653 1
660 656 1
660 657 1
660 659 1
660 661 1
660 688 1
660 693 1
660 694 1
660 718 1
661 603 1
661 632 1
661 636 1
661 637 1
661 654 1
661 657 1
661 658 1
661 660 1
661 662 1
661 690 1
661 694 1
661 695 1
661 719 1
662 604 1
662 634 1
662 637 1
662 655 1
662 658 1
662 661 1
662 692 1
662 695 1
662 720 1
663 638 1
663 639 1
663 642 1
663 666 1
663 667 1
663 668 1
663 696 1
663 697 1
663 700 1
664 639 1
664 640 1
664 643 1
664 668 1
664 669 1
664 670 1
664 697 1
664 698 1
664 701 1
665 640 1
665 641 1
665 644 1
665 670 1
665 671 1
665 672 1
665 698 1
665 699 1
665 702 1
666 638 1
666 642 1
666 645 1
666 663 1
666 667 1
666 673 1
666 696 1
666 700 1
666 703 1
667 642 1
667 663 1
667 666 1
667 668 1
667 673 1
667 700 1
668 639 1
668 642 1
668 643 1
668 646 1
668 663 1
668 664 1
668 667 1
668 669 1
668 673 1
668 674 1
668 697 1
668 700 1
668 701 1
668 704 1
669 643 1
669 664 1
669 668 1
669 670 1
669 674 1
669 701 1
670 640 1
670 643 1
670 644 1
670 647 1
670 664 1
670 665 1
670 669 1
670 671 1
670 674 1
670 675 1
670 698 1
670 701 1
670 702 1
670 705 1
671 644 1
671 665 1
671 670 1
671 672 1
671 675 1
671 702 1
672 641 1
672 644 1
672 648 1
672 665 1
672 671 1
672 675 1
672 699 1
672 702 1
672 706 1
673 642 1
673 645 1
673 646 1
673 649 1
673 666 1
673 667 1
673 668 1
673 676 1
673 677 1
673 678 1
673 700 1
673 703 1
673 704 1
673 707 1
674 643 1
674 646 1
674 647 1
674 650 1
674 668 1
674 669 1
674 670 1
674 678 1
674 679 1
674 680 1
674 701 1
674 704 1
674 705 1
674 708 1
675 644 1
675 647 1
675 648 1
675 651 1
675 670 1
675 671 1
675 672 1
675 680 1
675 681 1
675 682 1
675 702 1
675 705 1
675 706 1
675 709 1
676 645 1
676 649 1
676 652 1
676 673 1
676 677 1
676 683 1
676 703 1
676 707 1
676 710 1
677 649 1
677 673 1
677 676 1
677 678 1
677 683 1
677 707 1
678 646 1
678 649 1
678 650 1
678 653 1
678 673 1
678 674 1
678 677 1
678 679 1
678 683 1
678 684 1
678 704 1
678 707 1
678 708 1
678 711 1
679 650 1
679 674 1
679 678 1
679 680 1
679 684 1
679 708 1
680 647 1
680 650 1
680 651 1
680 654 1
680 674 1
680 675 1
680 679 1
680 681 1
680 684 1
680 685 1
680 705 1
680 708 1
680 709 1
680 712 1
681 651 1
681 675 1
681 680 1
681 682 1
681 685 1
681 709 1
682 648 1
682 651 1
682 655 1
682 675 1
682 681 1
682 685 1
682 706 1
682 709 1
682 713 1
683 649 1
683 652 1
683 653 1
683 656 1
683 676 1
683 677 1
683 678 1
683 686 1
683 687 1
683 688 1
683 707 1
683 710 1
683 711 1
683 714 1
684 650 1
684 653 1
684 654 1
684 657 1
684 678 1
684 679 1
684 680 1
684 688 1
684 689 1
684 690 1
684 708 1
684 711 1
684 712 1
684 715 1
685 651 1
685 654 1
685 655 1
685 658 1
685 680 1
685 681 1
685 682 1
685 690 1
685 691 1
685 692 1
685 709 1
685 712 1
685 713 1
685 716 1
686 652 1
686 656 1
686 659 1
686 683 1
686 687 1
686 693 1
686 710 1
686 714 1
686 717 1
687 656 1
687 683 1
687 686 1
687 688 1
687 693 1
687 714 1
688 653 1
688 656 1
688 657 1
688 660 1
688 683 1
688 684 1
688 687 1
688 689 1
688 693 1
688 694 1
688 711 1
688 714 1
688 715 1
688 718 1
689 657 1
689 684 1
689 688 1
689 690 1
689 694 1
689 715 1
690 654 1
690 657 1
690 658 1
690 661 1
690 684 1
690 685 1
690 689 1
690 691 1
690 694 1
690 695 1
690 712 1
690 715 1
690 716 1
690 719 1
691 658 1
691 685 1
691 690 1
691 692 1
691 695 1
691 716 1
692 655 1
692 658 1
692 662 1
692 685 1
692 691 1
692 695 1
692 713 1
692 716 1
692 720 1
693 656 1
693 659 1
693 660 1
693 686 1
693 687 1
693 688 1
693 714 1
693 717 1
693 718 1
694 657 1
694 660 1
694 661 1
694 688 1
694 689 1
694 690 1
694 715 1
694 718 1
694 719 1
695 658 1
695 661 1
695 662 1
695 690 1
695 691 1
695 692 1
695 716 1
695 719 1
695 720 1
696 638 1
696 663 1
696 666 1
696 697 1
696 700 1
696 703 1
697 639 1
697 663 1
697 664 1
697 668 1
697 696 1
697 698 1
697 700 1
697 701 1
697 704 1
698 640 1
698 664 1
698 665 1
698 670 1
698 697 1
698 699 1
698 701 1
698 702 1
698 705 1
699 641 1
699 665 1
699 672 1
699 698 1
699 702 1
699 706 1
700 663 1
700 666 1
700 667 1
700 668 1
700 673 1
700 696 1
700 697 1
700 703 1
700 704 1
701 664 1
701 668 1
701 669 1
701 670 1
701 674 1
701 697 1
701 698 1
701 704 1
701 705 1
702 665 1
702 670 1
702 671 1
702 672 1
702 675 1
702 698 1
702 699 1
702 705 1
702 706 1
703 645 1
703 666 1
703 673 1
703 676 1
703 696 1
703 700 1
703 704 1
703 707 1
703 710 1
704 646 1
704 668 1
704 673 1
704 674 1
704 678 1
704 697 1
704 700 1
704 701 1
704 703 1
704 705 1
704 707 1
704 708 1
704 711 1
705 647 1
705 670 1
705 674 1
705 675 1
705 680 1
705 698 1
705 701 1
705 702 1
705 704 1
705 706 1
705 708 1
705 709 1
705 712 1
706 648 1
706 672 1
706 675 1
706 682 1
706 699 1
706 702 1
706 705 1
706 709 1
706 713 1
707 673 1
707 676 1
707 677 1
707 678 1
707 683 1
707 703 1
707 704 1
707 710 1
707 711 1
708 674 1
708 678 1
708 679 1
708 680 1
708 684 1
708 704 1
708 705 1
708 711 1
708 712 1
709 675 1
709 680 1
709 681 1
709 682 1
709 685 1
709 705 1
709 706 1
709 712 1
709 713 1
710 652 1
710 676 1
710 683 1
710 686 1
710 703 1
710 707 1
710 711 1
710 714 1
710 717 1
711 653 1
711 678 1
711 683 1
711 684 1
711 688 1
711 704 1
711 707 1
711 708 1
711 710 1
711 712 1
711 714 1
711 715 1
711 718 1
712 654 1
712 680 1
712 684 1
712 685 1
712 690 1
712 705 1
712 708 1
712 709 1
712 711 1
712 713 1
712 715 1
712 716 1
712 719 1
713 655 1
713 682 1
713 685 1
713 692 1
713 706 1
713 709 1
713 712 1
713 716 1
713 720 1
714 683 1
714 686 1
714 687 1
714 688 1
714 693 1
714 710 1
714 711 1
714 717 1
714 718 1
715 684 1
715 688 1
715 689 1
715 690 1
715 694 1
715 711 1
715 712 1
715 718 1
715 719 1
716 685 1
716 690 1
716 691 1
716 692 1
716 695 1
716 712 1
716 713 1
716 719 1
716 720 1
717 659 1
717 686 1
717 693 1
717 710 1
717 714 1
717 718 1
718 660 1
718 688 1
718 693 1
718 694 1
718 711 1
718 714 1
718 715 1
718 717 1
718 719 1
719 661 1
719 690 1
719 694 1
719 695 1
719 712 1
719 715 1
719 716 1
719 718 1
719 720 1
720 662 1
720 692 1
720 695 1
720 713 1
720 716 1
720 719 1
