0 0 1
0 1 1
0 2 1
0 3 1
0 4 1
0 5 1
1 0 -1
1 6 1
1 7 1
1 8 1
1 9 1
1 10 1
1 11 1
1 12 1
1 13 1
2 6 -1
2 14 1
2 15 1
2 16 1
2 17 1
2 18 1
2 19 1
2 20 1
2 21 1
3 14 -1
3 22 1
3 23 1
3 24 1
3 25 1
3 26 1
4 1 -1
4 7 -1
4 27 1
4 28 1
4 29 1
4 30 1
4 31 1
4 32 1
4 33 1
5 8 -1
5 15 -1
5 34 1
5 35 1
5 36 1
5 37 1
5 38 1
5 39 1
5 40 1
6 16 -1
6 22 -1
6 41 1
6 42 1
6 43 1
6 44 1
6 45 1
6 46 1
6 47 1
7 2 -1
7 27 -1
7 48 1
7 49 1
7 50 1
7 51 1
7 52 1
7 53 1
7 54 1
8 9 -1
8 28 -1
8 34 -1
8 48 -1
8 55 1
8 56 1
8 57 1
8 58 1
8 59 1
8 60 1
8 61 1
8 62 1
8 63 1
9 17 -1
9 35 -1
9 41 -1
9 55 -1
9 64 1
9 65 1
9 66 1
9 67 1
9 68 1
9 69 1
9 70 1
9 71 1
9 72 1
10 23 -1
10 42 -1
10 64 -1
10 73 1
10 74 1
10 75 1
10 76 1
10 77 1
10 78 1
11 49 -1
11 56 -1
11 79 1
11 80 1
11 81 1
11 82 1
11 83 1
11 84 1
11 85 1
12 57 -1
12 65 -1
12 86 1
12 87 1
12 88 1
12 89 1
12 90 1
12 91 1
12 92 1
13 66 -1
13 73 -1
13 93 1
13 94 1
13 95 1
13 96 1
13 97 1
13 98 1
13 99 1
14 50 -1
14 79 -1
14 100 1
14 101 1
14 102 1
14 103 1
14 104 1
14 105 1
14 106 1
15 58 -1
15 80 -1
15 86 -1
15 100 -1
15 107 1
15 108 1
15 109 1
15 110 1
15 111 1
15 112 1
15 113 1
15 114 1
15 115 1
16 67 -1
16 87 -1
16 93 -1
16 107 -1
16 116 1
16 117 1
16 118 1
16 119 1
16 120 1
16 121 1
16 122 1
16 123 1
16 124 1
17 74 -1
17 94 -1
17 116 -1
17 125 1
17 126 1
17 127 1
17 128 1
17 129 1
17 130 1
18 101 -1
18 108 -1
18 131 1
18 132 1
18 133 1
18 134 1
18 135 1
18 136 1
18 137 1
19 109 -1
19 117 -1
19 138 1
19 139 1
19 140 1
19 141 1
19 142 1
19 143 1
19 144 1
20 118 -1
20 125 -1
20 145 1
20 146 1
20 147 1
20 148 1
20 149 1
20 150 1
20 151 1
21 102 -1
21 131 -1
21 152 1
21 153 1
21 154 1
21 155 1
22 110 -1
22 132 -1
22 138 -1
22 152 -1
22 156 1
22 157 1
22 158 1
22 159 1
22 160 1
23 119 -1
23 139 -1
23 145 -1
23 156 -1
23 161 1
23 162 1
23 163 1
23 164 1
23 165 1
24 126 -1
24 146 -1
24 161 -1
24 166 1
24 167 1
24 168 1
25 3 -1
25 10 -1
25 29 -1
25 169 1
25 170 1
25 171 1
25 172 1
25 173 1
25 174 1
26 11 -1
26 18 -1
26 36 -1
26 175 1
26 176 1
26 177 1
26 178 1
26 179 1
26 180 1
27 19 -1
27 24 -1
27 43 -1
27 181 1
27 182 1
27 183 1
27 184 1
27 185 1
27 186 1
28 4 -1
28 30 -1
28 51 -1
28 169 -1
28 187 1
28 188 1
28 189 1
28 190 1
28 191 1
29 31 -1
29 170 -1
29 187 -1
29 192 1
29 193 1
29 194 1
30 12 -1
30 32 -1
30 37 -1
30 59 -1
30 171 -1
30 175 -1
30 192 -1
30 195 1
30 196 1
30 197 1
30 198 1
30 199 1
30 200 1
30 201 1
31 38 -1
31 176 -1
31 195 -1
31 202 1
31 203 1
31 204 1
32 20 -1
32 39 -1
32 44 -1
32 68 -1
32 177 -1
32 181 -1
32 202 -1
32 205 1
32 206 1
32 207 1
32 208 1
32 209 1
32 210 1
32 211 1
33 45 -1
33 182 -1
33 205 -1
33 212 1
33 213 1
33 214 1
34 25 -1
34 46 -1
34 75 -1
34 183 -1
34 212 -1
34 215 1
34 216 1
34 217 1
34 218 1
35 33 -1
35 52 -1
35 60 -1
35 81 -1
35 188 -1
35 193 -1
35 196 -1
35 219 1
35 220 1
35 221 1
35 222 1
35 223 1
35 224 1
35 225 1
36 40 -1
36 61 -1
36 69 -1
36 88 -1
36 197 -1
36 203 -1
36 206 -1
36 226 1
36 227 1
36 228 1
36 229 1
36 230 1
36 231 1
36 232 1
37 47 -1
37 70 -1
37 76 -1
37 95 -1
37 207 -1
37 213 -1
37 215 -1
37 233 1
37 234 1
37 235 1
37 236 1
37 237 1
37 238 1
37 239 1
38 53 -1
38 82 -1
38 103 -1
38 219 -1
38 240 1
38 241 1
38 242 1
38 243 1
38 244 1
39 83 -1
39 220 -1
39 240 -1
39 245 1
39 246 1
39 247 1
40 62 -1
40 84 -1
40 89 -1
40 111 -1
40 221 -1
40 226 -1
40 245 -1
40 248 1
40 249 1
40 250 1
40 251 1
40 252 1
40 253 1
40 254 1
41 90 -1
41 227 -1
41 248 -1
41 255 1
41 256 1
41 257 1
42 71 -1
42 91 -1
42 96 -1
42 120 -1
42 228 -1
42 233 -1
42 255 -1
42 258 1
42 259 1
42 260 1
42 261 1
42 262 1
42 263 1
42 264 1
43 97 -1
43 234 -1
43 258 -1
43 265 1
43 266 1
43 267 1
44 77 -1
44 98 -1
44 127 -1
44 235 -1
44 265 -1
44 268 1
44 269 1
44 270 1
44 271 1
45 85 -1
45 104 -1
45 112 -1
45 133 -1
45 241 -1
45 246 -1
45 249 -1
45 272 1
45 273 1
45 274 1
45 275 1
45 276 1
45 277 1
45 278 1
46 92 -1
46 113 -1
46 121 -1
46 140 -1
46 250 -1
46 256 -1
46 259 -1
46 279 1
46 280 1
46 281 1
46 282 1
46 283 1
46 284 1
46 285 1
47 99 -1
47 122 -1
47 128 -1
47 147 -1
47 260 -1
47 266 -1
47 268 -1
47 286 1
47 287 1
47 288 1
47 289 1
47 290 1
47 291 1
47 292 1
48 105 -1
48 134 -1
48 153 -1
48 272 -1
48 293 1
48 294 1
48 295 1
48 296 1
48 297 1
49 135 -1
49 273 -1
49 293 -1
49 298 1
49 299 1
49 300 1
50 114 -1
50 136 -1
50 141 -1
50 157 -1
50 274 -1
50 279 -1
50 298 -1
50 301 1
50 302 1
50 303 1
50 304 1
50 305 1
50 306 1
50 307 1
51 142 -1
51 280 -1
51 301 -1
51 308 1
51 309 1
51 310 1
52 123 -1
52 143 -1
52 148 -1
52 162 -1
52 281 -1
52 286 -1
52 308 -1
52 311 1
52 312 1
52 313 1
52 314 1
52 315 1
52 316 1
52 317 1
53 149 -1
53 287 -1
53 311 -1
53 318 1
53 319 1
53 320 1
54 129 -1
54 150 -1
54 166 -1
54 288 -1
54 318 -1
54 321 1
54 322 1
54 323 1
54 324 1
55 137 -1
55 154 -1
55 158 -1
55 294 -1
55 299 -1
55 302 -1
55 325 1
55 326 1
55 327 1
56 144 -1
56 159 -1
56 163 -1
56 303 -1
56 309 -1
56 312 -1
56 328 1
56 329 1
56 330 1
57 151 -1
57 164 -1
57 167 -1
57 313 -1
57 319 -1
57 321 -1
57 331 1
57 332 1
57 333 1
58 5 -1
58 172 -1
58 189 -1
58 334 1
58 335 1
58 336 1
58 337 1
58 338 1
58 339 1
59 13 -1
59 173 -1
59 178 -1
59 198 -1
59 334 -1
59 340 1
59 341 1
59 342 1
59 343 1
59 344 1
59 345 1
59 346 1
59 347 1
60 21 -1
60 179 -1
60 184 -1
60 208 -1
60 340 -1
60 348 1
60 349 1
60 350 1
60 351 1
60 352 1
60 353 1
60 354 1
60 355 1
61 26 -1
61 185 -1
61 216 -1
61 348 -1
61 356 1
61 357 1
61 358 1
61 359 1
61 360 1
62 174 -1
62 190 -1
62 194 -1
62 199 -1
62 222 -1
62 335 -1
62 341 -1
62 361 1
62 362 1
62 363 1
62 364 1
62 365 1
62 366 1
62 367 1
63 180 -1
63 200 -1
63 204 -1
63 209 -1
63 229 -1
63 342 -1
63 349 -1
63 368 1
63 369 1
63 370 1
63 371 1
63 372 1
63 373 1
63 374 1
64 186 -1
64 210 -1
64 214 -1
64 217 -1
64 236 -1
64 350 -1
64 356 -1
64 375 1
64 376 1
64 377 1
64 378 1
64 379 1
64 380 1
64 381 1
65 54 -1
65 191 -1
65 223 -1
65 242 -1
65 336 -1
65 361 -1
65 382 1
65 383 1
65 384 1
65 385 1
65 386 1
65 387 1
65 388 1
66 63 -1
66 201 -1
66 224 -1
66 230 -1
66 251 -1
66 343 -1
66 362 -1
66 368 -1
66 382 -1
66 389 1
66 390 1
66 391 1
66 392 1
66 393 1
66 394 1
66 395 1
66 396 1
66 397 1
67 72 -1
67 211 -1
67 231 -1
67 237 -1
67 261 -1
67 351 -1
67 369 -1
67 375 -1
67 389 -1
67 398 1
67 399 1
67 400 1
67 401 1
67 402 1
67 403 1
67 404 1
67 405 1
67 406 1
68 78 -1
68 218 -1
68 238 -1
68 269 -1
68 357 -1
68 376 -1
68 398 -1
68 407 1
68 408 1
68 409 1
68 410 1
68 411 1
68 412 1
69 225 -1
69 243 -1
69 247 -1
69 252 -1
69 275 -1
69 383 -1
69 390 -1
69 413 1
69 414 1
69 415 1
69 416 1
69 417 1
69 418 1
69 419 1
70 232 -1
70 253 -1
70 257 -1
70 262 -1
70 282 -1
70 391 -1
70 399 -1
70 420 1
70 421 1
70 422 1
70 423 1
70 424 1
70 425 1
70 426 1
71 239 -1
71 263 -1
71 267 -1
71 270 -1
71 289 -1
71 400 -1
71 407 -1
71 427 1
71 428 1
71 429 1
71 430 1
71 431 1
71 432 1
71 433 1
72 106 -1
72 244 -1
72 276 -1
72 295 -1
72 384 -1
72 413 -1
72 434 1
72 435 1
72 436 1
72 437 1
72 438 1
72 439 1
72 440 1
73 115 -1
73 254 -1
73 277 -1
73 283 -1
73 304 -1
73 392 -1
73 414 -1
73 420 -1
73 434 -1
73 441 1
73 442 1
73 443 1
73 444 1
73 445 1
73 446 1
73 447 1
73 448 1
73 449 1
74 124 -1
74 264 -1
74 284 -1
74 290 -1
74 314 -1
74 401 -1
74 421 -1
74 427 -1
74 441 -1
74 450 1
74 451 1
74 452 1
74 453 1
74 454 1
74 455 1
74 456 1
74 457 1
74 458 1
75 130 -1
75 271 -1
75 291 -1
75 322 -1
75 408 -1
75 428 -1
75 450 -1
75 459 1
75 460 1
75 461 1
75 462 1
75 463 1
75 464 1
76 278 -1
76 296 -1
76 300 -1
76 305 -1
76 325 -1
76 435 -1
76 442 -1
76 465 1
76 466 1
76 467 1
76 468 1
76 469 1
76 470 1
76 471 1
77 285 -1
77 306 -1
77 310 -1
77 315 -1
77 328 -1
77 443 -1
77 451 -1
77 472 1
77 473 1
77 474 1
77 475 1
77 476 1
77 477 1
77 478 1
78 292 -1
78 316 -1
78 320 -1
78 323 -1
78 331 -1
78 452 -1
78 459 -1
78 479 1
78 480 1
78 481 1
78 482 1
78 483 1
78 484 1
78 485 1
79 155 -1
79 297 -1
79 326 -1
79 436 -1
79 465 -1
79 486 1
79 487 1
79 488 1
79 489 1
80 160 -1
80 307 -1
80 327 -1
80 329 -1
80 444 -1
80 466 -1
80 472 -1
80 486 -1
80 490 1
80 491 1
80 492 1
80 493 1
80 494 1
81 165 -1
81 317 -1
81 330 -1
81 332 -1
81 453 -1
81 473 -1
81 479 -1
81 490 -1
81 495 1
81 496 1
81 497 1
81 498 1
81 499 1
82 168 -1
82 324 -1
82 333 -1
82 460 -1
82 480 -1
82 495 -1
82 500 1
82 501 1
82 502 1
83 337 -1
83 344 -1
83 363 -1
83 503 1
83 504 1
83 505 1
83 506 1
83 507 1
83 508 1
84 345 -1
84 352 -1
84 370 -1
84 509 1
84 510 1
84 511 1
84 512 1
84 513 1
84 514 1
85 353 -1
85 358 -1
85 377 -1
85 515 1
85 516 1
85 517 1
85 518 1
85 519 1
85 520 1
86 338 -1
86 364 -1
86 385 -1
86 503 -1
86 521 1
86 522 1
86 523 1
86 524 1
86 525 1
87 365 -1
87 504 -1
87 521 -1
87 526 1
87 527 1
87 528 1
88 346 -1
88 366 -1
88 371 -1
88 393 -1
88 505 -1
88 509 -1
88 526 -1
88 529 1
88 530 1
88 531 1
88 532 1
88 533 1
88 534 1
88 535 1
89 372 -1
89 510 -1
89 529 -1
89 536 1
89 537 1
89 538 1
90 354 -1
90 373 -1
90 378 -1
90 402 -1
90 511 -1
90 515 -1
90 536 -1
90 539 1
90 540 1
90 541 1
90 542 1
90 543 1
90 544 1
90 545 1
91 379 -1
91 516 -1
91 539 -1
91 546 1
91 547 1
91 548 1
92 359 -1
92 380 -1
92 409 -1
92 517 -1
92 546 -1
92 549 1
92 550 1
92 551 1
92 552 1
93 367 -1
93 386 -1
93 394 -1
93 415 -1
93 522 -1
93 527 -1
93 530 -1
93 553 1
93 554 1
93 555 1
93 556 1
93 557 1
93 558 1
93 559 1
94 374 -1
94 395 -1
94 403 -1
94 422 -1
94 531 -1
94 537 -1
94 540 -1
94 560 1
94 561 1
94 562 1
94 563 1
94 564 1
94 565 1
94 566 1
95 381 -1
95 404 -1
95 410 -1
95 429 -1
95 541 -1
95 547 -1
95 549 -1
95 567 1
95 568 1
95 569 1
95 570 1
95 571 1
95 572 1
95 573 1
96 387 -1
96 416 -1
96 437 -1
96 553 -1
96 574 1
96 575 1
96 576 1
96 577 1
96 578 1
97 417 -1
97 554 -1
97 574 -1
97 579 1
97 580 1
97 581 1
98 396 -1
98 418 -1
98 423 -1
98 445 -1
98 555 -1
98 560 -1
98 579 -1
98 582 1
98 583 1
98 584 1
98 585 1
98 586 1
98 587 1
98 588 1
99 424 -1
99 561 -1
99 582 -1
99 589 1
99 590 1
99 591 1
100 405 -1
100 425 -1
100 430 -1
100 454 -1
100 562 -1
100 567 -1
100 589 -1
100 592 1
100 593 1
100 594 1
100 595 1
100 596 1
100 597 1
100 598 1
101 431 -1
101 568 -1
101 592 -1
101 599 1
101 600 1
101 601 1
102 411 -1
102 432 -1
102 461 -1
102 569 -1
102 599 -1
102 602 1
102 603 1
102 604 1
102 605 1
103 419 -1
103 438 -1
103 446 -1
103 467 -1
103 575 -1
103 580 -1
103 583 -1
103 606 1
103 607 1
103 608 1
103 609 1
103 610 1
103 611 1
103 612 1
104 426 -1
104 447 -1
104 455 -1
104 474 -1
104 584 -1
104 590 -1
104 593 -1
104 613 1
104 614 1
104 615 1
104 616 1
104 617 1
104 618 1
104 619 1
105 433 -1
105 456 -1
105 462 -1
105 481 -1
105 594 -1
105 600 -1
105 602 -1
105 620 1
105 621 1
105 622 1
105 623 1
105 624 1
105 625 1
105 626 1
106 439 -1
106 468 -1
106 487 -1
106 606 -1
106 627 1
106 628 1
106 629 1
106 630 1
106 631 1
107 469 -1
107 607 -1
107 627 -1
107 632 1
107 633 1
107 634 1
108 448 -1
108 470 -1
108 475 -1
108 491 -1
108 608 -1
108 613 -1
108 632 -1
108 635 1
108 636 1
108 637 1
108 638 1
108 639 1
108 640 1
108 641 1
109 476 -1
109 614 -1
109 635 -1
109 642 1
109 643 1
109 644 1
110 457 -1
110 477 -1
110 482 -1
110 496 -1
110 615 -1
110 620 -1
110 642 -1
110 645 1
110 646 1
110 647 1
110 648 1
110 649 1
110 650 1
110 651 1
111 483 -1
111 621 -1
111 645 -1
111 652 1
111 653 1
111 654 1
112 463 -1
112 484 -1
112 500 -1
112 622 -1
112 652 -1
112 655 1
112 656 1
112 657 1
112 658 1
113 471 -1
113 488 -1
113 492 -1
113 628 -1
113 633 -1
113 636 -1
113 659 1
113 660 1
113 661 1
114 478 -1
114 493 -1
114 497 -1
114 637 -1
114 643 -1
114 646 -1
114 662 1
114 663 1
114 664 1
115 485 -1
115 498 -1
115 501 -1
115 647 -1
115 653 -1
115 655 -1
115 665 1
115 666 1
115 667 1
116 339 -1
116 506 -1
116 523 -1
116 668 1
116 669 1
116 670 1
116 671 1
116 672 1
116 673 1
117 347 -1
117 507 -1
117 512 -1
117 532 -1
117 668 -1
117 674 1
117 675 1
117 676 1
117 677 1
117 678 1
117 679 1
117 680 1
117 681 1
118 355 -1
118 513 -1
118 518 -1
118 542 -1
118 674 -1
118 682 1
118 683 1
118 684 1
118 685 1
118 686 1
118 687 1
118 688 1
118 689 1
119 360 -1
119 519 -1
119 550 -1
119 682 -1
119 690 1
119 691 1
119 692 1
119 693 1
119 694 1
120 508 -1
120 524 -1
120 528 -1
120 533 -1
120 556 -1
120 669 -1
120 675 -1
120 695 1
120 696 1
120 697 1
120 698 1
120 699 1
120 700 1
120 701 1
121 514 -1
121 534 -1
121 538 -1
121 543 -1
121 563 -1
121 676 -1
121 683 -1
121 702 1
121 703 1
121 704 1
121 705 1
121 706 1
121 707 1
121 708 1
122 520 -1
122 544 -1
122 548 -1
122 551 -1
122 570 -1
122 684 -1
122 690 -1
122 709 1
122 710 1
122 711 1
122 712 1
122 713 1
122 714 1
122 715 1
123 388 -1
123 525 -1
123 557 -1
123 576 -1
123 670 -1
123 695 -1
123 716 1
123 717 1
123 718 1
123 719 1
123 720 1
123 721 1
123 722 1
124 397 -1
124 535 -1
124 558 -1
124 564 -1
124 585 -1
124 677 -1
124 696 -1
124 702 -1
124 716 -1
124 723 1
124 724 1
124 725 1
124 726 1
124 727 1
124 728 1
124 729 1
124 730 1
124 731 1
125 406 -1
125 545 -1
125 565 -1
125 571 -1
125 595 -1
125 685 -1
125 703 -1
125 709 -1
125 723 -1
125 732 1
125 733 1
125 734 1
125 735 1
125 736 1
125 737 1
125 738 1
125 739 1
125 740 1
126 412 -1
126 552 -1
126 572 -1
126 603 -1
126 691 -1
126 710 -1
126 732 -1
126 741 1
126 742 1
126 743 1
126 744 1
126 745 1
126 746 1
127 559 -1
127 577 -1
127 581 -1
127 586 -1
127 609 -1
127 717 -1
127 724 -1
127 747 1
127 748 1
127 749 1
127 750 1
127 751 1
127 752 1
127 753 1
128 566 -1
128 587 -1
128 591 -1
128 596 -1
128 616 -1
128 725 -1
128 733 -1
128 754 1
128 755 1
128 756 1
128 757 1
128 758 1
128 759 1
128 760 1
129 573 -1
129 597 -1
129 601 -1
129 604 -1
129 623 -1
129 734 -1
129 741 -1
129 761 1
129 762 1
129 763 1
129 764 1
129 765 1
129 766 1
129 767 1
130 440 -1
130 578 -1
130 610 -1
130 629 -1
130 718 -1
130 747 -1
130 768 1
130 769 1
130 770 1
130 771 1
130 772 1
130 773 1
130 774 1
131 449 -1
131 588 -1
131 611 -1
131 617 -1
131 638 -1
131 726 -1
131 748 -1
131 754 -1
131 768 -1
131 775 1
131 776 1
131 777 1
131 778 1
131 779 1
131 780 1
131 781 1
131 782 1
131 783 1
132 458 -1
132 598 -1
132 618 -1
132 624 -1
132 648 -1
132 735 -1
132 755 -1
132 761 -1
132 775 -1
132 784 1
132 785 1
132 786 1
132 787 1
132 788 1
132 789 1
132 790 1
132 791 1
132 792 1
133 464 -1
133 605 -1
133 625 -1
133 656 -1
133 742 -1
133 762 -1
133 784 -1
133 793 1
133 794 1
133 795 1
133 796 1
133 797 1
133 798 1
134 612 -1
134 630 -1
134 634 -1
134 639 -1
134 659 -1
134 769 -1
134 776 -1
134 799 1
134 800 1
134 801 1
134 802 1
134 803 1
134 804 1
134 805 1
135 619 -1
135 640 -1
135 644 -1
135 649 -1
135 662 -1
135 777 -1
135 785 -1
135 806 1
135 807 1
135 808 1
135 809 1
135 810 1
135 811 1
135 812 1
136 626 -1
136 650 -1
136 654 -1
136 657 -1
136 665 -1
136 786 -1
136 793 -1
136 813 1
136 814 1
136 815 1
136 816 1
136 817 1
136 818 1
136 819 1
137 489 -1
137 631 -1
137 660 -1
137 770 -1
137 799 -1
137 820 1
137 821 1
137 822 1
137 823 1
138 494 -1
138 641 -1
138 661 -1
138 663 -1
138 778 -1
138 800 -1
138 806 -1
138 820 -1
138 824 1
138 825 1
138 826 1
138 827 1
138 828 1
139 499 -1
139 651 -1
139 664 -1
139 666 -1
139 787 -1
139 807 -1
139 813 -1
139 824 -1
139 829 1
139 830 1
139 831 1
139 832 1
139 833 1
140 502 -1
140 658 -1
140 667 -1
140 794 -1
140 814 -1
140 829 -1
140 834 1
140 835 1
140 836 1
141 671 -1
141 678 -1
141 697 -1
141 837 1
141 838 1
141 839 1
141 840 1
141 841 1
141 842 1
142 679 -1
142 686 -1
142 704 -1
142 843 1
142 844 1
142 845 1
142 846 1
142 847 1
142 848 1
143 687 -1
143 692 -1
143 711 -1
143 849 1
143 850 1
143 851 1
143 852 1
143 853 1
143 854 1
144 672 -1
144 698 -1
144 719 -1
144 837 -1
144 855 1
144 856 1
144 857 1
144 858 1
144 859 1
145 699 -1
145 838 -1
145 855 -1
145 860 1
145 861 1
145 862 1
146 680 -1
146 700 -1
146 705 -1
146 727 -1
146 839 -1
146 843 -1
146 860 -1
146 863 1
146 864 1
146 865 1
146 866 1
146 867 1
146 868 1
146 869 1
147 706 -1
147 844 -1
147 863 -1
147 870 1
147 871 1
147 872 1
148 688 -1
148 707 -1
148 712 -1
148 736 -1
148 845 -1
148 849 -1
148 870 -1
148 873 1
148 874 1
148 875 1
148 876 1
148 877 1
148 878 1
148 879 1
149 713 -1
149 850 -1
149 873 -1
149 880 1
149 881 1
149 882 1
150 693 -1
150 714 -1
150 743 -1
150 851 -1
150 880 -1
150 883 1
150 884 1
150 885 1
150 886 1
151 701 -1
151 720 -1
151 728 -1
151 749 -1
151 856 -1
151 861 -1
151 864 -1
151 887 1
151 888 1
151 889 1
151 890 1
151 891 1
151 892 1
151 893 1
152 708 -1
152 729 -1
152 737 -1
152 756 -1
152 865 -1
152 871 -1
152 874 -1
152 894 1
152 895 1
152 896 1
152 897 1
152 898 1
152 899 1
152 900 1
153 715 -1
153 738 -1
153 744 -1
153 763 -1
153 875 -1
153 881 -1
153 883 -1
153 901 1
153 902 1
153 903 1
153 904 1
153 905 1
153 906 1
153 907 1
154 721 -1
154 750 -1
154 771 -1
154 887 -1
154 908 1
154 909 1
154 910 1
154 911 1
154 912 1
155 751 -1
155 888 -1
155 908 -1
155 913 1
155 914 1
155 915 1
156 730 -1
156 752 -1
156 757 -1
156 779 -1
156 889 -1
156 894 -1
156 913 -1
156 916 1
156 917 1
156 918 1
156 919 1
156 920 1
156 921 1
156 922 1
157 758 -1
157 895 -1
157 916 -1
157 923 1
157 924 1
157 925 1
158 739 -1
158 759 -1
158 764 -1
158 788 -1
158 896 -1
158 901 -1
158 923 -1
158 926 1
158 927 1
158 928 1
158 929 1
158 930 1
158 931 1
158 932 1
159 765 -1
159 902 -1
159 926 -1
159 933 1
159 934 1
159 935 1
160 745 -1
160 766 -1
160 795 -1
160 903 -1
160 933 -1
160 936 1
160 937 1
160 938 1
160 939 1
161 753 -1
161 772 -1
161 780 -1
161 801 -1
161 909 -1
161 914 -1
161 917 -1
161 940 1
161 941 1
161 942 1
161 943 1
161 944 1
161 945 1
161 946 1
162 760 -1
162 781 -1
162 789 -1
162 808 -1
162 918 -1
162 924 -1
162 927 -1
162 947 1
162 948 1
162 949 1
162 950 1
162 951 1
162 952 1
162 953 1
163 767 -1
163 790 -1
163 796 -1
163 815 -1
163 928 -1
163 934 -1
163 936 -1
163 954 1
163 955 1
163 956 1
163 957 1
163 958 1
163 959 1
163 960 1
164 773 -1
164 802 -1
164 821 -1
164 940 -1
164 961 1
164 962 1
164 963 1
164 964 1
164 965 1
165 803 -1
165 941 -1
165 961 -1
165 966 1
165 967 1
165 968 1
166 782 -1
166 804 -1
166 809 -1
166 825 -1
166 942 -1
166 947 -1
166 966 -1
166 969 1
166 970 1
166 971 1
166 972 1
166 973 1
166 974 1
166 975 1
167 810 -1
167 948 -1
167 969 -1
167 976 1
167 977 1
167 978 1
168 791 -1
168 811 -1
168 816 -1
168 830 -1
168 949 -1
168 954 -1
168 976 -1
168 979 1
168 980 1
168 981 1
168 982 1
168 983 1
168 984 1
168 985 1
169 817 -1
169 955 -1
169 979 -1
169 986 1
169 987 1
169 988 1
170 797 -1
170 818 -1
170 834 -1
170 956 -1
170 986 -1
170 989 1
170 990 1
170 991 1
170 992 1
171 805 -1
171 822 -1
171 826 -1
171 962 -1
171 967 -1
171 970 -1
171 993 1
171 994 1
171 995 1
172 812 -1
172 827 -1
172 831 -1
172 971 -1
172 977 -1
172 980 -1
172 996 1
172 997 1
172 998 1
173 819 -1
173 832 -1
173 835 -1
173 981 -1
173 987 -1
173 989 -1
173 999 1
173 1000 1
173 1001 1
174 673 -1
174 840 -1
174 857 -1
174 1002 1
174 1003 1
174 1004 1
174 1005 1
174 1006 1
174 1007 1
175 681 -1
175 841 -1
175 846 -1
175 866 -1
175 1002 -1
175 1008 1
175 1009 1
175 1010 1
175 1011 1
175 1012 1
175 1013 1
175 1014 1
175 1015 1
176 689 -1
176 847 -1
176 852 -1
176 876 -1
176 1008 -1
176 1016 1
176 1017 1
176 1018 1
176 1019 1
176 1020 1
176 1021 1
176 1022 1
176 1023 1
177 694 -1
177 853 -1
177 884 -1
177 1016 -1
177 1024 1
177 1025 1
177 1026 1
177 1027 1
177 1028 1
178 842 -1
178 858 -1
178 862 -1
178 867 -1
178 890 -1
178 1003 -1
178 1009 -1
178 1029 1
178 1030 1
178 1031 1
178 1032 1
178 1033 1
178 1034 1
178 1035 1
179 848 -1
179 868 -1
179 872 -1
179 877 -1
179 897 -1
179 1010 -1
179 1017 -1
179 1036 1
179 1037 1
179 1038 1
179 1039 1
179 1040 1
179 1041 1
179 1042 1
180 854 -1
180 878 -1
180 882 -1
180 885 -1
180 904 -1
180 1018 -1
180 1024 -1
180 1043 1
180 1044 1
180 1045 1
180 1046 1
180 1047 1
180 1048 1
180 1049 1
181 722 -1
181 859 -1
181 891 -1
181 910 -1
181 1004 -1
181 1029 -1
181 1050 1
181 1051 1
181 1052 1
181 1053 1
181 1054 1
181 1055 1
181 1056 1
182 731 -1
182 869 -1
182 892 -1
182 898 -1
182 919 -1
182 1011 -1
182 1030 -1
182 1036 -1
182 1050 -1
182 1057 1
182 1058 1
182 1059 1
182 1060 1
182 1061 1
182 1062 1
182 1063 1
182 1064 1
182 1065 1
183 740 -1
183 879 -1
183 899 -1
183 905 -1
183 929 -1
183 1019 -1
183 1037 -1
183 1043 -1
183 1057 -1
183 1066 1
183 1067 1
183 1068 1
183 1069 1
183 1070 1
183 1071 1
183 1072 1
183 1073 1
183 1074 1
184 746 -1
184 886 -1
184 906 -1
184 937 -1
184 1025 -1
184 1044 -1
184 1066 -1
184 1075 1
184 1076 1
184 1077 1
184 1078 1
184 1079 1
184 1080 1
185 893 -1
185 911 -1
185 915 -1
185 920 -1
185 943 -1
185 1051 -1
185 1058 -1
185 1081 1
185 1082 1
185 1083 1
185 1084 1
185 1085 1
185 1086 1
185 1087 1
186 900 -1
186 921 -1
186 925 -1
186 930 -1
186 950 -1
186 1059 -1
186 1067 -1
186 1088 1
186 1089 1
186 1090 1
186 1091 1
186 1092 1
186 1093 1
186 1094 1
187 907 -1
187 931 -1
187 935 -1
187 938 -1
187 957 -1
187 1068 -1
187 1075 -1
187 1095 1
187 1096 1
187 1097 1
187 1098 1
187 1099 1
187 1100 1
187 1101 1
188 774 -1
188 912 -1
188 944 -1
188 963 -1
188 1052 -1
188 1081 -1
188 1102 1
188 1103 1
188 1104 1
188 1105 1
188 1106 1
188 1107 1
188 1108 1
189 783 -1
189 922 -1
189 945 -1
189 951 -1
189 972 -1
189 1060 -1
189 1082 -1
189 1088 -1
189 1102 -1
189 1109 1
189 1110 1
189 1111 1
189 1112 1
189 1113 1
189 1114 1
189 1115 1
189 1116 1
189 1117 1
190 792 -1
190 932 -1
190 952 -1
190 958 -1
190 982 -1
190 1069 -1
190 1089 -1
190 1095 -1
190 1109 -1
190 1118 1
190 1119 1
190 1120 1
190 1121 1
190 1122 1
190 1123 1
190 1124 1
190 1125 1
190 1126 1
191 798 -1
191 939 -1
191 959 -1
191 990 -1
191 1076 -1
191 1096 -1
191 1118 -1
191 1127 1
191 1128 1
191 1129 1
191 1130 1
191 1131 1
191 1132 1
192 946 -1
192 964 -1
192 968 -1
192 973 -1
192 993 -1
192 1103 -1
192 1110 -1
192 1133 1
192 1134 1
192 1135 1
192 1136 1
192 1137 1
192 1138 1
192 1139 1
193 953 -1
193 974 -1
193 978 -1
193 983 -1
193 996 -1
193 1111 -1
193 1119 -1
193 1140 1
193 1141 1
193 1142 1
193 1143 1
193 1144 1
193 1145 1
193 1146 1
194 960 -1
194 984 -1
194 988 -1
194 991 -1
194 999 -1
194 1120 -1
194 1127 -1
194 1147 1
194 1148 1
194 1149 1
194 1150 1
194 1151 1
194 1152 1
194 1153 1
195 823 -1
195 965 -1
195 994 -1
195 1104 -1
195 1133 -1
195 1154 1
195 1155 1
195 1156 1
195 1157 1
196 828 -1
196 975 -1
196 995 -1
196 997 -1
196 1112 -1
196 1134 -1
196 1140 -1
196 1154 -1
196 1158 1
196 1159 1
196 1160 1
196 1161 1
196 1162 1
197 833 -1
197 985 -1
197 998 -1
197 1000 -1
197 1121 -1
197 1141 -1
197 1147 -1
197 1158 -1
197 1163 1
197 1164 1
197 1165 1
197 1166 1
197 1167 1
198 836 -1
198 992 -1
198 1001 -1
198 1128 -1
198 1148 -1
198 1163 -1
198 1168 1
198 1169 1
198 1170 1
199 1005 -1
199 1012 -1
199 1031 -1
199 1171 1
199 1172 1
199 1173 1
199 1174 1
199 1175 1
199 1176 1
200 1013 -1
200 1020 -1
200 1038 -1
200 1177 1
200 1178 1
200 1179 1
200 1180 1
200 1181 1
200 1182 1
201 1021 -1
201 1026 -1
201 1045 -1
201 1183 1
201 1184 1
201 1185 1
201 1186 1
201 1187 1
201 1188 1
202 1006 -1
202 1032 -1
202 1053 -1
202 1171 -1
202 1189 1
202 1190 1
202 1191 1
202 1192 1
202 1193 1
203 1033 -1
203 1172 -1
203 1189 -1
203 1194 1
203 1195 1
203 1196 1
204 1014 -1
204 1034 -1
204 1039 -1
204 1061 -1
204 1173 -1
204 1177 -1
204 1194 -1
204 1197 1
204 1198 1
204 1199 1
204 1200 1
204 1201 1
204 1202 1
204 1203 1
205 1040 -1
205 1178 -1
205 1197 -1
205 1204 1
205 1205 1
205 1206 1
206 1022 -1
206 1041 -1
206 1046 -1
206 1070 -1
206 1179 -1
206 1183 -1
206 1204 -1
206 1207 1
206 1208 1
206 1209 1
206 1210 1
206 1211 1
206 1212 1
206 1213 1
207 1047 -1
207 1184 -1
207 1207 -1
207 1214 1
207 1215 1
207 1216 1
208 1027 -1
208 1048 -1
208 1077 -1
208 1185 -1
208 1214 -1
208 1217 1
208 1218 1
208 1219 1
208 1220 1
209 1035 -1
209 1054 -1
209 1062 -1
209 1083 -1
209 1190 -1
209 1195 -1
209 1198 -1
209 1221 1
209 1222 1
209 1223 1
209 1224 1
209 1225 1
209 1226 1
209 1227 1
210 1042 -1
210 1063 -1
210 1071 -1
210 1090 -1
210 1199 -1
210 1205 -1
210 1208 -1
210 1228 1
210 1229 1
210 1230 1
210 1231 1
210 1232 1
210 1233 1
210 1234 1
211 1049 -1
211 1072 -1
211 1078 -1
211 1097 -1
211 1209 -1
211 1215 -1
211 1217 -1
211 1235 1
211 1236 1
211 1237 1
211 1238 1
211 1239 1
211 1240 1
211 1241 1
212 1055 -1
212 1084 -1
212 1105 -1
212 1221 -1
212 1242 1
212 1243 1
212 1244 1
212 1245 1
212 1246 1
213 1085 -1
213 1222 -1
213 1242 -1
213 1247 1
213 1248 1
213 1249 1
214 1064 -1
214 1086 -1
214 1091 -1
214 1113 -1
214 1223 -1
214 1228 -1
214 1247 -1
214 1250 1
214 1251 1
214 1252 1
214 1253 1
214 1254 1
214 1255 1
214 1256 1
215 1092 -1
215 1229 -1
215 1250 -1
215 1257 1
215 1258 1
215 1259 1
216 1073 -1
216 1093 -1
216 1098 -1
216 1122 -1
216 1230 -1
216 1235 -1
216 1257 -1
216 1260 1
216 1261 1
216 1262 1
216 1263 1
216 1264 1
216 1265 1
216 1266 1
217 1099 -1
217 1236 -1
217 1260 -1
217 1267 1
217 1268 1
217 1269 1
218 1079 -1
218 1100 -1
218 1129 -1
218 1237 -1
218 1267 -1
218 1270 1
218 1271 1
218 1272 1
218 1273 1
219 1087 -1
219 1106 -1
219 1114 -1
219 1135 -1
219 1243 -1
219 1248 -1
219 1251 -1
219 1274 1
219 1275 1
219 1276 1
219 1277 1
219 1278 1
219 1279 1
219 1280 1
220 1094 -1
220 1115 -1
220 1123 -1
220 1142 -1
220 1252 -1
220 1258 -1
220 1261 -1
220 1281 1
220 1282 1
220 1283 1
220 1284 1
220 1285 1
220 1286 1
220 1287 1
221 1101 -1
221 1124 -1
221 1130 -1
221 1149 -1
221 1262 -1
221 1268 -1
221 1270 -1
221 1288 1
221 1289 1
221 1290 1
221 1291 1
221 1292 1
221 1293 1
221 1294 1
222 1107 -1
222 1136 -1
222 1155 -1
222 1274 -1
222 1295 1
222 1296 1
222 1297 1
222 1298 1
222 1299 1
223 1137 -1
223 1275 -1
223 1295 -1
223 1300 1
223 1301 1
223 1302 1
224 1116 -1
224 1138 -1
224 1143 -1
224 1159 -1
224 1276 -1
224 1281 -1
224 1300 -1
224 1303 1
224 1304 1
224 1305 1
224 1306 1
224 1307 1
224 1308 1
224 1309 1
225 1144 -1
225 1282 -1
225 1303 -1
225 1310 1
225 1311 1
225 1312 1
226 1125 -1
226 1145 -1
226 1150 -1
226 1164 -1
226 1283 -1
226 1288 -1
226 1310 -1
226 1313 1
226 1314 1
226 1315 1
226 1316 1
226 1317 1
226 1318 1
226 1319 1
227 1151 -1
227 1289 -1
227 1313 -1
227 1320 1
227 1321 1
227 1322 1
228 1131 -1
228 1152 -1
228 1168 -1
228 1290 -1
228 1320 -1
228 1323 1
228 1324 1
228 1325 1
228 1326 1
229 1139 -1
229 1156 -1
229 1160 -1
229 1296 -1
229 1301 -1
229 1304 -1
229 1327 1
229 1328 1
229 1329 1
230 1146 -1
230 1161 -1
230 1165 -1
230 1305 -1
230 1311 -1
230 1314 -1
230 1330 1
230 1331 1
230 1332 1
231 1153 -1
231 1166 -1
231 1169 -1
231 1315 -1
231 1321 -1
231 1323 -1
231 1333 1
231 1334 1
231 1335 1
232 1007 -1
232 1174 -1
232 1191 -1
232 1336 1
232 1337 1
232 1338 1
232 1339 1
232 1340 1
232 1341 1
233 1015 -1
233 1175 -1
233 1180 -1
233 1200 -1
233 1336 -1
233 1342 1
233 1343 1
233 1344 1
233 1345 1
233 1346 1
233 1347 1
233 1348 1
233 1349 1
234 1023 -1
234 1181 -1
234 1186 -1
234 1210 -1
234 1342 -1
234 1350 1
234 1351 1
234 1352 1
234 1353 1
234 1354 1
234 1355 1
234 1356 1
234 1357 1
235 1028 -1
235 1187 -1
235 1218 -1
235 1350 -1
235 1358 1
235 1359 1
235 1360 1
235 1361 1
235 1362 1
236 1176 -1
236 1192 -1
236 1196 -1
236 1201 -1
236 1224 -1
236 1337 -1
236 1343 -1
236 1363 1
236 1364 1
236 1365 1
236 1366 1
236 1367 1
236 1368 1
236 1369 1
237 1182 -1
237 1202 -1
237 1206 -1
237 1211 -1
237 1231 -1
237 1344 -1
237 1351 -1
237 1370 1
237 1371 1
237 1372 1
237 1373 1
237 1374 1
237 1375 1
237 1376 1
238 1188 -1
238 1212 -1
238 1216 -1
238 1219 -1
238 1238 -1
238 1352 -1
238 1358 -1
238 1377 1
238 1378 1
238 1379 1
238 1380 1
238 1381 1
238 1382 1
238 1383 1
239 1056 -1
239 1193 -1
239 1225 -1
239 1244 -1
239 1338 -1
239 1363 -1
239 1384 1
239 1385 1
239 1386 1
239 1387 1
239 1388 1
239 1389 1
239 1390 1
240 1065 -1
240 1203 -1
240 1226 -1
240 1232 -1
240 1253 -1
240 1345 -1
240 1364 -1
240 1370 -1
240 1384 -1
240 1391 1
240 1392 1
240 1393 1
240 1394 1
240 1395 1
240 1396 1
240 1397 1
240 1398 1
240 1399 1
241 1074 -1
241 1213 -1
241 1233 -1
241 1239 -1
241 1263 -1
241 1353 -1
241 1371 -1
241 1377 -1
241 1391 -1
241 1400 1
241 1401 1
241 1402 1
241 1403 1
241 1404 1
241 1405 1
241 1406 1
241 1407 1
241 1408 1
242 1080 -1
242 1220 -1
242 1240 -1
242 1271 -1
242 1359 -1
242 1378 -1
242 1400 -1
242 1409 1
242 1410 1
242 1411 1
242 1412 1
242 1413 1
242 1414 1
243 1227 -1
243 1245 -1
243 1249 -1
243 1254 -1
243 1277 -1
243 1385 -1
243 1392 -1
243 1415 1
243 1416 1
243 1417 1
243 1418 1
243 1419 1
243 1420 1
243 1421 1
244 1234 -1
244 1255 -1
244 1259 -1
244 1264 -1
244 1284 -1
244 1393 -1
244 1401 -1
244 1422 1
244 1423 1
244 1424 1
244 1425 1
244 1426 1
244 1427 1
244 1428 1
245 1241 -1
245 1265 -1
245 1269 -1
245 1272 -1
245 1291 -1
245 1402 -1
245 1409 -1
245 1429 1
245 1430 1
245 1431 1
245 1432 1
245 1433 1
245 1434 1
245 1435 1
246 1108 -1
246 1246 -1
246 1278 -1
246 1297 -1
246 1386 -1
246 1415 -1
246 1436 1
246 1437 1
246 1438 1
246 1439 1
246 1440 1
246 1441 1
246 1442 1
247 1117 -1
247 1256 -1
247 1279 -1
247 1285 -1
247 1306 -1
247 1394 -1
247 1416 -1
247 1422 -1
247 1436 -1
247 1443 1
247 1444 1
247 1445 1
247 1446 1
247 1447 1
247 1448 1
247 1449 1
247 1450 1
247 1451 1
248 1126 -1
248 1266 -1
248 1286 -1
248 1292 -1
248 1316 -1
248 1403 -1
248 1423 -1
248 1429 -1
248 1443 -1
248 1452 1
248 1453 1
248 1454 1
248 1455 1
248 1456 1
248 1457 1
248 1458 1
248 1459 1
248 1460 1
249 1132 -1
249 1273 -1
249 1293 -1
249 1324 -1
249 1410 -1
249 1430 -1
249 1452 -1
249 1461 1
249 1462 1
249 1463 1
249 1464 1
249 1465 1
249 1466 1
250 1280 -1
250 1298 -1
250 1302 -1
250 1307 -1
250 1327 -1
250 1437 -1
250 1444 -1
250 1467 1
250 1468 1
250 1469 1
250 1470 1
250 1471 1
250 1472 1
250 1473 1
251 1287 -1
251 1308 -1
251 1312 -1
251 1317 -1
251 1330 -1
251 1445 -1
251 1453 -1
251 1474 1
251 1475 1
251 1476 1
251 1477 1
251 1478 1
251 1479 1
251 1480 1
252 1294 -1
252 1318 -1
252 1322 -1
252 1325 -1
252 1333 -1
252 1454 -1
252 1461 -1
252 1481 1
252 1482 1
252 1483 1
252 1484 1
252 1485 1
252 1486 1
252 1487 1
253 1157 -1
253 1299 -1
253 1328 -1
253 1438 -1
253 1467 -1
253 1488 1
253 1489 1
253 1490 1
253 1491 1
254 1162 -1
254 1309 -1
254 1329 -1
254 1331 -1
254 1446 -1
254 1468 -1
254 1474 -1
254 1488 -1
254 1492 1
254 1493 1
254 1494 1
254 1495 1
254 1496 1
255 1167 -1
255 1319 -1
255 1332 -1
255 1334 -1
255 1455 -1
255 1475 -1
255 1481 -1
255 1492 -1
255 1497 1
255 1498 1
255 1499 1
255 1500 1
255 1501 1
256 1170 -1
256 1326 -1
256 1335 -1
256 1462 -1
256 1482 -1
256 1497 -1
256 1502 1
256 1503 1
256 1504 1
257 1339 -1
257 1346 -1
257 1365 -1
257 1505 1
257 1506 1
257 1507 1
257 1508 1
257 1509 1
257 1510 1
258 1347 -1
258 1354 -1
258 1372 -1
258 1511 1
258 1512 1
258 1513 1
258 1514 1
258 1515 1
258 1516 1
259 1355 -1
259 1360 -1
259 1379 -1
259 1517 1
259 1518 1
259 1519 1
259 1520 1
259 1521 1
259 1522 1
260 1340 -1
260 1366 -1
260 1387 -1
260 1505 -1
260 1523 1
260 1524 1
260 1525 1
260 1526 1
260 1527 1
261 1367 -1
261 1506 -1
261 1523 -1
261 1528 1
261 1529 1
261 1530 1
262 1348 -1
262 1368 -1
262 1373 -1
262 1395 -1
262 1507 -1
262 1511 -1
262 1528 -1
262 1531 1
262 1532 1
262 1533 1
262 1534 1
262 1535 1
262 1536 1
262 1537 1
263 1374 -1
263 1512 -1
263 1531 -1
263 1538 1
263 1539 1
263 1540 1
264 1356 -1
264 1375 -1
264 1380 -1
264 1404 -1
264 1513 -1
264 1517 -1
264 1538 -1
264 1541 1
264 1542 1
264 1543 1
264 1544 1
264 1545 1
264 1546 1
264 1547 1
265 1381 -1
265 1518 -1
265 1541 -1
265 1548 1
265 1549 1
265 1550 1
266 1361 -1
266 1382 -1
266 1411 -1
266 1519 -1
266 1548 -1
266 1551 1
266 1552 1
266 1553 1
266 1554 1
267 1369 -1
267 1388 -1
267 1396 -1
267 1417 -1
267 1524 -1
267 1529 -1
267 1532 -1
267 1555 1
267 1556 1
267 1557 1
267 1558 1
267 1559 1
267 1560 1
267 1561 1
268 1376 -1
268 1397 -1
268 1405 -1
268 1424 -1
268 1533 -1
268 1539 -1
268 1542 -1
268 1562 1
268 1563 1
268 1564 1
268 1565 1
268 1566 1
268 1567 1
268 1568 1
269 1383 -1
269 1406 -1
269 1412 -1
269 1431 -1
269 1543 -1
269 1549 -1
269 1551 -1
269 1569 1
269 1570 1
269 1571 1
269 1572 1
269 1573 1
269 1574 1
269 1575 1
270 1389 -1
270 1418 -1
270 1439 -1
270 1555 -1
270 1576 1
270 1577 1
270 1578 1
270 1579 1
270 1580 1
271 1419 -1
271 1556 -1
271 1576 -1
271 1581 1
271 1582 1
271 1583 1
272 1398 -1
272 1420 -1
272 1425 -1
272 1447 -1
272 1557 -1
272 1562 -1
272 1581 -1
272 1584 1
272 1585 1
272 1586 1
272 1587 1
272 1588 1
272 1589 1
272 1590 1
273 1426 -1
273 1563 -1
273 1584 -1
273 1591 1
273 1592 1
273 1593 1
274 1407 -1
274 1427 -1
274 1432 -1
274 1456 -1
274 1564 -1
274 1569 -1
274 1591 -1
274 1594 1
274 1595 1
274 1596 1
274 1597 1
274 1598 1
274 1599 1
274 1600 1
275 1433 -1
275 1570 -1
275 1594 -1
275 1601 1
275 1602 1
275 1603 1
276 1413 -1
276 1434 -1
276 1463 -1
276 1571 -1
276 1601 -1
276 1604 1
276 1605 1
276 1606 1
276 1607 1
277 1421 -1
277 1440 -1
277 1448 -1
277 1469 -1
277 1577 -1
277 1582 -1
277 1585 -1
277 1608 1
277 1609 1
277 1610 1
277 1611 1
277 1612 1
277 1613 1
277 1614 1
278 1428 -1
278 1449 -1
278 1457 -1
278 1476 -1
278 1586 -1
278 1592 -1
278 1595 -1
278 1615 1
278 1616 1
278 1617 1
278 1618 1
278 1619 1
278 1620 1
278 1621 1
279 1435 -1
279 1458 -1
279 1464 -1
279 1483 -1
279 1596 -1
279 1602 -1
279 1604 -1
279 1622 1
279 1623 1
279 1624 1
279 1625 1
279 1626 1
279 1627 1
279 1628 1
280 1441 -1
280 1470 -1
280 1489 -1
280 1608 -1
280 1629 1
280 1630 1
280 1631 1
280 1632 1
280 1633 1
281 1471 -1
281 1609 -1
281 1629 -1
281 1634 1
281 1635 1
281 1636 1
282 1450 -1
282 1472 -1
282 1477 -1
282 1493 -1
282 1610 -1
282 1615 -1
282 1634 -1
282 1637 1
282 1638 1
282 1639 1
282 1640 1
282 1641 1
282 1642 1
282 1643 1
283 1478 -1
283 1616 -1
283 1637 -1
283 1644 1
283 1645 1
283 1646 1
284 1459 -1
284 1479 -1
284 1484 -1
284 1498 -1
284 1617 -1
284 1622 -1
284 1644 -1
284 1647 1
284 1648 1
284 1649 1
284 1650 1
284 1651 1
284 1652 1
284 1653 1
285 1485 -1
285 1623 -1
285 1647 -1
285 1654 1
285 1655 1
285 1656 1
286 1465 -1
286 1486 -1
286 1502 -1
286 1624 -1
286 1654 -1
286 1657 1
286 1658 1
286 1659 1
286 1660 1
287 1473 -1
287 1490 -1
287 1494 -1
287 1630 -1
287 1635 -1
287 1638 -1
287 1661 1
287 1662 1
287 1663 1
288 1480 -1
288 1495 -1
288 1499 -1
288 1639 -1
288 1645 -1
288 1648 -1
288 1664 1
288 1665 1
288 1666 1
289 1487 -1
289 1500 -1
289 1503 -1
289 1649 -1
289 1655 -1
289 1657 -1
289 1667 1
289 1668 1
289 1669 1
290 1341 -1
290 1508 -1
290 1525 -1
290 1670 1
290 1671 1
290 1672 1
290 1673 1
290 1674 1
290 1675 1
291 1349 -1
291 1509 -1
291 1514 -1
291 1534 -1
291 1670 -1
291 1676 1
291 1677 1
291 1678 1
291 1679 1
291 1680 1
291 1681 1
291 1682 1
291 1683 1
292 1357 -1
292 1515 -1
292 1520 -1
292 1544 -1
292 1676 -1
292 1684 1
292 1685 1
292 1686 1
292 1687 1
292 1688 1
292 1689 1
292 1690 1
292 1691 1
293 1362 -1
293 1521 -1
293 1552 -1
293 1684 -1
293 1692 1
293 1693 1
293 1694 1
293 1695 1
293 1696 1
294 1510 -1
294 1526 -1
294 1530 -1
294 1535 -1
294 1558 -1
294 1671 -1
294 1677 -1
294 1697 1
294 1698 1
294 1699 1
294 1700 1
294 1701 1
294 1702 1
294 1703 1
295 1516 -1
295 1536 -1
295 1540 -1
295 1545 -1
295 1565 -1
295 1678 -1
295 1685 -1
295 1704 1
295 1705 1
295 1706 1
295 1707 1
295 1708 1
295 1709 1
295 1710 1
296 1522 -1
296 1546 -1
296 1550 -1
296 1553 -1
296 1572 -1
296 1686 -1
296 1692 -1
296 1711 1
296 1712 1
296 1713 1
296 1714 1
296 1715 1
296 1716 1
296 1717 1
297 1390 -1
297 1527 -1
297 1559 -1
297 1578 -1
297 1672 -1
297 1697 -1
297 1718 1
297 1719 1
297 1720 1
297 1721 1
297 1722 1
297 1723 1
297 1724 1
298 1399 -1
298 1537 -1
298 1560 -1
298 1566 -1
298 1587 -1
298 1679 -1
298 1698 -1
298 1704 -1
298 1718 -1
298 1725 1
298 1726 1
298 1727 1
298 1728 1
298 1729 1
298 1730 1
298 1731 1
298 1732 1
298 1733 1
299 1408 -1
299 1547 -1
299 1567 -1
299 1573 -1
299 1597 -1
299 1687 -1
299 1705 -1
299 1711 -1
299 1725 -1
299 1734 1
299 1735 1
299 1736 1
299 1737 1
299 1738 1
299 1739 1
299 1740 1
299 1741 1
299 1742 1
300 1414 -1
300 1554 -1
300 1574 -1
300 1605 -1
300 1693 -1
300 1712 -1
300 1734 -1
300 1743 1
300 1744 1
300 1745 1
300 1746 1
300 1747 1
300 1748 1
301 1561 -1
301 1579 -1
301 1583 -1
301 1588 -1
301 1611 -1
301 1719 -1
301 1726 -1
301 1749 1
301 1750 1
301 1751 1
301 1752 1
301 1753 1
301 1754 1
301 1755 1
302 1568 -1
302 1589 -1
302 1593 -1
302 1598 -1
302 1618 -1
302 1727 -1
302 1735 -1
302 1756 1
302 1757 1
302 1758 1
302 1759 1
302 1760 1
302 1761 1
302 1762 1
303 1575 -1
303 1599 -1
303 1603 -1
303 1606 -1
303 1625 -1
303 1736 -1
303 1743 -1
303 1763 1
303 1764 1
303 1765 1
303 1766 1
303 1767 1
303 1768 1
303 1769 1
304 1442 -1
304 1580 -1
304 1612 -1
304 1631 -1
304 1720 -1
304 1749 -1
304 1770 1
304 1771 1
304 1772 1
304 1773 1
304 1774 1
304 1775 1
304 1776 1
305 1451 -1
305 1590 -1
305 1613 -1
305 1619 -1
305 1640 -1
305 1728 -1
305 1750 -1
305 1756 -1
305 1770 -1
305 1777 1
305 1778 1
305 1779 1
305 1780 1
305 1781 1
305 1782 1
305 1783 1
305 1784 1
305 1785 1
306 1460 -1
306 1600 -1
306 1620 -1
306 1626 -1
306 1650 -1
306 1737 -1
306 1757 -1
306 1763 -1
306 1777 -1
306 1786 1
306 1787 1
306 1788 1
306 1789 1
306 1790 1
306 1791 1
306 1792 1
306 1793 1
306 1794 1
307 1466 -1
307 1607 -1
307 1627 -1
307 1658 -1
307 1744 -1
307 1764 -1
307 1786 -1
307 1795 1
307 1796 1
307 1797 1
307 1798 1
307 1799 1
307 1800 1
308 1614 -1
308 1632 -1
308 1636 -1
308 1641 -1
308 1661 -1
308 1771 -1
308 1778 -1
308 1801 1
308 1802 1
308 1803 1
308 1804 1
308 1805 1
308 1806 1
308 1807 1
309 1621 -1
309 1642 -1
309 1646 -1
309 1651 -1
309 1664 -1
309 1779 -1
309 1787 -1
309 1808 1
309 1809 1
309 1810 1
309 1811 1
309 1812 1
309 1813 1
309 1814 1
310 1628 -1
310 1652 -1
310 1656 -1
310 1659 -1
310 1667 -1
310 1788 -1
310 1795 -1
310 1815 1
310 1816 1
310 1817 1
310 1818 1
310 1819 1
310 1820 1
310 1821 1
311 1491 -1
311 1633 -1
311 1662 -1
311 1772 -1
311 1801 -1
311 1822 1
311 1823 1
311 1824 1
311 1825 1
312 1496 -1
312 1643 -1
312 1663 -1
312 1665 -1
312 1780 -1
312 1802 -1
312 1808 -1
312 1822 -1
312 1826 1
312 1827 1
312 1828 1
312 1829 1
312 1830 1
313 1501 -1
313 1653 -1
313 1666 -1
313 1668 -1
313 1789 -1
313 1809 -1
313 1815 -1
313 1826 -1
313 1831 1
313 1832 1
313 1833 1
313 1834 1
313 1835 1
314 1504 -1
314 1660 -1
314 1669 -1
314 1796 -1
314 1816 -1
314 1831 -1
314 1836 1
314 1837 1
314 1838 1
315 1673 -1
315 1680 -1
315 1699 -1
315 1839 1
315 1840 1
315 1841 1
315 1842 1
315 1843 1
315 1844 1
316 1681 -1
316 1688 -1
316 1706 -1
316 1845 1
316 1846 1
316 1847 1
316 1848 1
316 1849 1
316 1850 1
317 1689 -1
317 1694 -1
317 1713 -1
317 1851 1
317 1852 1
317 1853 1
317 1854 1
317 1855 1
317 1856 1
318 1674 -1
318 1700 -1
318 1721 -1
318 1839 -1
318 1857 1
318 1858 1
318 1859 1
318 1860 1
318 1861 1
319 1701 -1
319 1840 -1
319 1857 -1
319 1862 1
319 1863 1
319 1864 1
320 1682 -1
320 1702 -1
320 1707 -1
320 1729 -1
320 1841 -1
320 1845 -1
320 1862 -1
320 1865 1
320 1866 1
320 1867 1
320 1868 1
320 1869 1
320 1870 1
320 1871 1
321 1708 -1
321 1846 -1
321 1865 -1
321 1872 1
321 1873 1
321 1874 1
322 1690 -1
322 1709 -1
322 1714 -1
322 1738 -1
322 1847 -1
322 1851 -1
322 1872 -1
322 1875 1
322 1876 1
322 1877 1
322 1878 1
322 1879 1
322 1880 1
322 1881 1
323 1715 -1
323 1852 -1
323 1875 -1
323 1882 1
323 1883 1
323 1884 1
324 1695 -1
324 1716 -1
324 1745 -1
324 1853 -1
324 1882 -1
324 1885 1
324 1886 1
324 1887 1
324 1888 1
325 1703 -1
325 1722 -1
325 1730 -1
325 1751 -1
325 1858 -1
325 1863 -1
325 1866 -1
325 1889 1
325 1890 1
325 1891 1
325 1892 1
325 1893 1
325 1894 1
325 1895 1
326 1710 -1
326 1731 -1
326 1739 -1
326 1758 -1
326 1867 -1
326 1873 -1
326 1876 -1
326 1896 1
326 1897 1
326 1898 1
326 1899 1
326 1900 1
326 1901 1
326 1902 1
327 1717 -1
327 1740 -1
327 1746 -1
327 1765 -1
327 1877 -1
327 1883 -1
327 1885 -1
327 1903 1
327 1904 1
327 1905 1
327 1906 1
327 1907 1
327 1908 1
327 1909 1
328 1723 -1
328 1752 -1
328 1773 -1
328 1889 -1
328 1910 1
328 1911 1
328 1912 1
328 1913 1
328 1914 1
329 1753 -1
329 1890 -1
329 1910 -1
329 1915 1
329 1916 1
329 1917 1
330 1732 -1
330 1754 -1
330 1759 -1
330 1781 -1
330 1891 -1
330 1896 -1
330 1915 -1
330 1918 1
330 1919 1
330 1920 1
330 1921 1
330 1922 1
330 1923 1
330 1924 1
331 1760 -1
331 1897 -1
331 1918 -1
331 1925 1
331 1926 1
331 1927 1
332 1741 -1
332 1761 -1
332 1766 -1
332 1790 -1
332 1898 -1
332 1903 -1
332 1925 -1
332 1928 1
332 1929 1
332 1930 1
332 1931 1
332 1932 1
332 1933 1
332 1934 1
333 1767 -1
333 1904 -1
333 1928 -1
333 1935 1
333 1936 1
333 1937 1
334 1747 -1
334 1768 -1
334 1797 -1
334 1905 -1
334 1935 -1
334 1938 1
334 1939 1
334 1940 1
334 1941 1
335 1755 -1
335 1774 -1
335 1782 -1
335 1803 -1
335 1911 -1
335 1916 -1
335 1919 -1
335 1942 1
335 1943 1
335 1944 1
335 1945 1
335 1946 1
335 1947 1
335 1948 1
336 1762 -1
336 1783 -1
336 1791 -1
336 1810 -1
336 1920 -1
336 1926 -1
336 1929 -1
336 1949 1
336 1950 1
336 1951 1
336 1952 1
336 1953 1
336 1954 1
336 1955 1
337 1769 -1
337 1792 -1
337 1798 -1
337 1817 -1
337 1930 -1
337 1936 -1
337 1938 -1
337 1956 1
337 1957 1
337 1958 1
337 1959 1
337 1960 1
337 1961 1
337 1962 1
338 1775 -1
338 1804 -1
338 1823 -1
338 1942 -1
338 1963 1
338 1964 1
338 1965 1
338 1966 1
338 1967 1
339 1805 -1
339 1943 -1
339 1963 -1
339 1968 1
339 1969 1
339 1970 1
340 1784 -1
340 1806 -1
340 1811 -1
340 1827 -1
340 1944 -1
340 1949 -1
340 1968 -1
340 1971 1
340 1972 1
340 1973 1
340 1974 1
340 1975 1
340 1976 1
340 1977 1
341 1812 -1
341 1950 -1
341 1971 -1
341 1978 1
341 1979 1
341 1980 1
342 1793 -1
342 1813 -1
342 1818 -1
342 1832 -1
342 1951 -1
342 1956 -1
342 1978 -1
342 1981 1
342 1982 1
342 1983 1
342 1984 1
342 1985 1
342 1986 1
342 1987 1
343 1819 -1
343 1957 -1
343 1981 -1
343 1988 1
343 1989 1
343 1990 1
344 1799 -1
344 1820 -1
344 1836 -1
344 1958 -1
344 1988 -1
344 1991 1
344 1992 1
344 1993 1
344 1994 1
345 1807 -1
345 1824 -1
345 1828 -1
345 1964 -1
345 1969 -1
345 1972 -1
345 1995 1
345 1996 1
345 1997 1
346 1814 -1
346 1829 -1
346 1833 -1
346 1973 -1
346 1979 -1
346 1982 -1
346 1998 1
346 1999 1
346 2000 1
347 1821 -1
347 1834 -1
347 1837 -1
347 1983 -1
347 1989 -1
347 1991 -1
347 2001 1
347 2002 1
347 2003 1
348 1675 -1
348 1842 -1
348 1859 -1
348 2004 1
348 2005 1
348 2006 1
348 2007 1
348 2008 1
348 2009 1
349 1683 -1
349 1843 -1
349 1848 -1
349 1868 -1
349 2004 -1
349 2010 1
349 2011 1
349 2012 1
349 2013 1
349 2014 1
349 2015 1
349 2016 1
349 2017 1
350 1691 -1
350 1849 -1
350 1854 -1
350 1878 -1
350 2010 -1
350 2018 1
350 2019 1
350 2020 1
350 2021 1
350 2022 1
350 2023 1
350 2024 1
350 2025 1
351 1696 -1
351 1855 -1
351 1886 -1
351 2018 -1
351 2026 1
351 2027 1
351 2028 1
351 2029 1
351 2030 1
352 1844 -1
352 1860 -1
352 1864 -1
352 1869 -1
352 1892 -1
352 2005 -1
352 2011 -1
352 2031 1
352 2032 1
352 2033 1
352 2034 1
352 2035 1
352 2036 1
352 2037 1
353 1850 -1
353 1870 -1
353 1874 -1
353 1879 -1
353 1899 -1
353 2012 -1
353 2019 -1
353 2038 1
353 2039 1
353 2040 1
353 2041 1
353 2042 1
353 2043 1
353 2044 1
354 1856 -1
354 1880 -1
354 1884 -1
354 1887 -1
354 1906 -1
354 2020 -1
354 2026 -1
354 2045 1
354 2046 1
354 2047 1
354 2048 1
354 2049 1
354 2050 1
354 2051 1
355 1724 -1
355 1861 -1
355 1893 -1
355 1912 -1
355 2006 -1
355 2031 -1
355 2052 1
355 2053 1
355 2054 1
355 2055 1
355 2056 1
355 2057 1
355 2058 1
356 1733 -1
356 1871 -1
356 1894 -1
356 1900 -1
356 1921 -1
356 2013 -1
356 2032 -1
356 2038 -1
356 2052 -1
356 2059 1
356 2060 1
356 2061 1
356 2062 1
356 2063 1
356 2064 1
356 2065 1
356 2066 1
356 2067 1
357 1742 -1
357 1881 -1
357 1901 -1
357 1907 -1
357 1931 -1
357 2021 -1
357 2039 -1
357 2045 -1
357 2059 -1
357 2068 1
357 2069 1
357 2070 1
357 2071 1
357 2072 1
357 2073 1
357 2074 1
357 2075 1
357 2076 1
358 1748 -1
358 1888 -1
358 1908 -1
358 1939 -1
358 2027 -1
358 2046 -1
358 2068 -1
358 2077 1
358 2078 1
358 2079 1
358 2080 1
358 2081 1
358 2082 1
359 1895 -1
359 1913 -1
359 1917 -1
359 1922 -1
359 1945 -1
359 2053 -1
359 2060 -1
359 2083 1
359 2084 1
359 2085 1
359 2086 1
359 2087 1
359 2088 1
359 2089 1
360 1902 -1
360 1923 -1
360 1927 -1
360 1932 -1
360 1952 -1
360 2061 -1
360 2069 -1
360 2090 1
360 2091 1
360 2092 1
360 2093 1
360 2094 1
360 2095 1
360 2096 1
361 1909 -1
361 1933 -1
361 1937 -1
361 1940 -1
361 1959 -1
361 2070 -1
361 2077 -1
361 2097 1
361 2098 1
361 2099 1
361 2100 1
361 2101 1
361 2102 1
361 2103 1
362 1776 -1
362 1914 -1
362 1946 -1
362 1965 -1
362 2054 -1
362 2083 -1
362 2104 1
362 2105 1
362 2106 1
362 2107 1
362 2108 1
362 2109 1
362 2110 1
363 1785 -1
363 1924 -1
363 1947 -1
363 1953 -1
363 1974 -1
363 2062 -1
363 2084 -1
363 2090 -1
363 2104 -1
363 2111 1
363 2112 1
363 2113 1
363 2114 1
363 2115 1
363 2116 1
363 2117 1
363 2118 1
363 2119 1
364 1794 -1
364 1934 -1
364 1954 -1
364 1960 -1
364 1984 -1
364 2071 -1
364 2091 -1
364 2097 -1
364 2111 -1
364 2120 1
364 2121 1
364 2122 1
364 2123 1
364 2124 1
364 2125 1
364 2126 1
364 2127 1
364 2128 1
365 1800 -1
365 1941 -1
365 1961 -1
365 1992 -1
365 2078 -1
365 2098 -1
365 2120 -1
365 2129 1
365 2130 1
365 2131 1
365 2132 1
365 2133 1
365 2134 1
366 1948 -1
366 1966 -1
366 1970 -1
366 1975 -1
366 1995 -1
366 2105 -1
366 2112 -1
366 2135 1
366 2136 1
366 2137 1
366 2138 1
366 2139 1
366 2140 1
366 2141 1
367 1955 -1
367 1976 -1
367 1980 -1
367 1985 -1
367 1998 -1
367 2113 -1
367 2121 -1
367 2142 1
367 2143 1
367 2144 1
367 2145 1
367 2146 1
367 2147 1
367 2148 1
368 1962 -1
368 1986 -1
368 1990 -1
368 1993 -1
368 2001 -1
368 2122 -1
368 2129 -1
368 2149 1
368 2150 1
368 2151 1
368 2152 1
368 2153 1
368 2154 1
368 2155 1
369 1825 -1
369 1967 -1
369 1996 -1
369 2106 -1
369 2135 -1
369 2156 1
369 2157 1
369 2158 1
369 2159 1
370 1830 -1
370 1977 -1
370 1997 -1
370 1999 -1
370 2114 -1
370 2136 -1
370 2142 -1
370 2156 -1
370 2160 1
370 2161 1
370 2162 1
370 2163 1
370 2164 1
371 1835 -1
371 1987 -1
371 2000 -1
371 2002 -1
371 2123 -1
371 2143 -1
371 2149 -1
371 2160 -1
371 2165 1
371 2166 1
371 2167 1
371 2168 1
371 2169 1
372 1838 -1
372 1994 -1
372 2003 -1
372 2130 -1
372 2150 -1
372 2165 -1
372 2170 1
372 2171 1
372 2172 1
373 2007 -1
373 2014 -1
373 2033 -1
373 2173 1
373 2174 1
373 2175 1
373 2176 1
373 2177 1
373 2178 1
374 2015 -1
374 2022 -1
374 2040 -1
374 2179 1
374 2180 1
374 2181 1
374 2182 1
374 2183 1
374 2184 1
375 2023 -1
375 2028 -1
375 2047 -1
375 2185 1
375 2186 1
375 2187 1
375 2188 1
375 2189 1
375 2190 1
376 2008 -1
376 2034 -1
376 2055 -1
376 2173 -1
376 2191 1
376 2192 1
376 2193 1
376 2194 1
376 2195 1
377 2035 -1
377 2174 -1
377 2191 -1
377 2196 1
377 2197 1
377 2198 1
378 2016 -1
378 2036 -1
378 2041 -1
378 2063 -1
378 2175 -1
378 2179 -1
378 2196 -1
378 2199 1
378 2200 1
378 2201 1
378 2202 1
378 2203 1
378 2204 1
378 2205 1
379 2042 -1
379 2180 -1
379 2199 -1
379 2206 1
379 2207 1
379 2208 1
380 2024 -1
380 2043 -1
380 2048 -1
380 2072 -1
380 2181 -1
380 2185 -1
380 2206 -1
380 2209 1
380 2210 1
380 2211 1
380 2212 1
380 2213 1
380 2214 1
380 2215 1
381 2049 -1
381 2186 -1
381 2209 -1
381 2216 1
381 2217 1
381 2218 1
382 2029 -1
382 2050 -1
382 2079 -1
382 2187 -1
382 2216 -1
382 2219 1
382 2220 1
382 2221 1
382 2222 1
383 2037 -1
383 2056 -1
383 2064 -1
383 2085 -1
383 2192 -1
383 2197 -1
383 2200 -1
383 2223 1
383 2224 1
383 2225 1
383 2226 1
383 2227 1
383 2228 1
383 2229 1
384 2044 -1
384 2065 -1
384 2073 -1
384 2092 -1
384 2201 -1
384 2207 -1
384 2210 -1
384 2230 1
384 2231 1
384 2232 1
384 2233 1
384 2234 1
384 2235 1
384 2236 1
385 2051 -1
385 2074 -1
385 2080 -1
385 2099 -1
385 2211 -1
385 2217 -1
385 2219 -1
385 2237 1
385 2238 1
385 2239 1
385 2240 1
385 2241 1
385 2242 1
385 2243 1
386 2057 -1
386 2086 -1
386 2107 -1
386 2223 -1
386 2244 1
386 2245 1
386 2246 1
386 2247 1
386 2248 1
387 2087 -1
387 2224 -1
387 2244 -1
387 2249 1
387 2250 1
387 2251 1
388 2066 -1
388 2088 -1
388 2093 -1
388 2115 -1
388 2225 -1
388 2230 -1
388 2249 -1
388 2252 1
388 2253 1
388 2254 1
388 2255 1
388 2256 1
388 2257 1
388 2258 1
389 2094 -1
389 2231 -1
389 2252 -1
389 2259 1
389 2260 1
389 2261 1
390 2075 -1
390 2095 -1
390 2100 -1
390 2124 -1
390 2232 -1
390 2237 -1
390 2259 -1
390 2262 1
390 2263 1
390 2264 1
390 2265 1
390 2266 1
390 2267 1
390 2268 1
391 2101 -1
391 2238 -1
391 2262 -1
391 2269 1
391 2270 1
391 2271 1
392 2081 -1
392 2102 -1
392 2131 -1
392 2239 -1
392 2269 -1
392 2272 1
392 2273 1
392 2274 1
392 2275 1
393 2089 -1
393 2108 -1
393 2116 -1
393 2137 -1
393 2245 -1
393 2250 -1
393 2253 -1
393 2276 1
393 2277 1
393 2278 1
393 2279 1
393 2280 1
393 2281 1
393 2282 1
394 2096 -1
394 2117 -1
394 2125 -1
394 2144 -1
394 2254 -1
394 2260 -1
394 2263 -1
394 2283 1
394 2284 1
394 2285 1
394 2286 1
394 2287 1
394 2288 1
394 2289 1
395 2103 -1
395 2126 -1
395 2132 -1
395 2151 -1
395 2264 -1
395 2270 -1
395 2272 -1
395 2290 1
395 2291 1
395 2292 1
395 2293 1
395 2294 1
395 2295 1
395 2296 1
396 2109 -1
396 2138 -1
396 2157 -1
396 2276 -1
396 2297 1
396 2298 1
396 2299 1
396 2300 1
396 2301 1
397 2139 -1
397 2277 -1
397 2297 -1
397 2302 1
397 2303 1
397 2304 1
398 2118 -1
398 2140 -1
398 2145 -1
398 2161 -1
398 2278 -1
398 2283 -1
398 2302 -1
398 2305 1
398 2306 1
398 2307 1
398 2308 1
398 2309 1
398 2310 1
398 2311 1
399 2146 -1
399 2284 -1
399 2305 -1
399 2312 1
399 2313 1
399 2314 1
400 2127 -1
400 2147 -1
400 2152 -1
400 2166 -1
400 2285 -1
400 2290 -1
400 2312 -1
400 2315 1
400 2316 1
400 2317 1
400 2318 1
400 2319 1
400 2320 1
400 2321 1
401 2153 -1
401 2291 -1
401 2315 -1
401 2322 1
401 2323 1
401 2324 1
402 2133 -1
402 2154 -1
402 2170 -1
402 2292 -1
402 2322 -1
402 2325 1
402 2326 1
402 2327 1
402 2328 1
403 2141 -1
403 2158 -1
403 2162 -1
403 2298 -1
403 2303 -1
403 2306 -1
403 2329 1
403 2330 1
403 2331 1
404 2148 -1
404 2163 -1
404 2167 -1
404 2307 -1
404 2313 -1
404 2316 -1
404 2332 1
404 2333 1
404 2334 1
405 2155 -1
405 2168 -1
405 2171 -1
405 2317 -1
405 2323 -1
405 2325 -1
405 2335 1
405 2336 1
405 2337 1
406 2009 -1
406 2176 -1
406 2193 -1
406 2338 1
406 2339 1
406 2340 1
406 2341 1
406 2342 1
406 2343 1
407 2017 -1
407 2177 -1
407 2182 -1
407 2202 -1
407 2338 -1
407 2344 1
407 2345 1
407 2346 1
407 2347 1
407 2348 1
407 2349 1
407 2350 1
407 2351 1
408 2025 -1
408 2183 -1
408 2188 -1
408 2212 -1
408 2344 -1
408 2352 1
408 2353 1
408 2354 1
408 2355 1
408 2356 1
408 2357 1
408 2358 1
408 2359 1
409 2030 -1
409 2189 -1
409 2220 -1
409 2352 -1
409 2360 1
409 2361 1
409 2362 1
409 2363 1
409 2364 1
410 2178 -1
410 2194 -1
410 2198 -1
410 2203 -1
410 2226 -1
410 2339 -1
410 2345 -1
410 2365 1
410 2366 1
410 2367 1
410 2368 1
410 2369 1
410 2370 1
410 2371 1
411 2184 -1
411 2204 -1
411 2208 -1
411 2213 -1
411 2233 -1
411 2346 -1
411 2353 -1
411 2372 1
411 2373 1
411 2374 1
411 2375 1
411 2376 1
411 2377 1
411 2378 1
412 2190 -1
412 2214 -1
412 2218 -1
412 2221 -1
412 2240 -1
412 2354 -1
412 2360 -1
412 2379 1
412 2380 1
412 2381 1
412 2382 1
412 2383 1
412 2384 1
412 2385 1
413 2058 -1
413 2195 -1
413 2227 -1
413 2246 -1
413 2340 -1
413 2365 -1
413 2386 1
413 2387 1
413 2388 1
413 2389 1
413 2390 1
413 2391 1
413 2392 1
414 2067 -1
414 2205 -1
414 2228 -1
414 2234 -1
414 2255 -1
414 2347 -1
414 2366 -1
414 2372 -1
414 2386 -1
414 2393 1
414 2394 1
414 2395 1
414 2396 1
414 2397 1
414 2398 1
414 2399 1
414 2400 1
414 2401 1
415 2076 -1
415 2215 -1
415 2235 -1
415 2241 -1
415 2265 -1
415 2355 -1
415 2373 -1
415 2379 -1
415 2393 -1
415 2402 1
415 2403 1
415 2404 1
415 2405 1
415 2406 1
415 2407 1
415 2408 1
415 2409 1
415 2410 1
416 2082 -1
416 2222 -1
416 2242 -1
416 2273 -1
416 2361 -1
416 2380 -1
416 2402 -1
416 2411 1
416 2412 1
416 2413 1
416 2414 1
416 2415 1
416 2416 1
417 2229 -1
417 2247 -1
417 2251 -1
417 2256 -1
417 2279 -1
417 2387 -1
417 2394 -1
417 2417 1
417 2418 1
417 2419 1
417 2420 1
417 2421 1
417 2422 1
417 2423 1
418 2236 -1
418 2257 -1
418 2261 -1
418 2266 -1
418 2286 -1
418 2395 -1
418 2403 -1
418 2424 1
418 2425 1
418 2426 1
418 2427 1
418 2428 1
418 2429 1
418 2430 1
419 2243 -1
419 2267 -1
419 2271 -1
419 2274 -1
419 2293 -1
419 2404 -1
419 2411 -1
419 2431 1
419 2432 1
419 2433 1
419 2434 1
419 2435 1
419 2436 1
419 2437 1
420 2110 -1
420 2248 -1
420 2280 -1
420 2299 -1
420 2388 -1
420 2417 -1
420 2438 1
420 2439 1
420 2440 1
420 2441 1
420 2442 1
420 2443 1
420 2444 1
421 2119 -1
421 2258 -1
421 2281 -1
421 2287 -1
421 2308 -1
421 2396 -1
421 2418 -1
421 2424 -1
421 2438 -1
421 2445 1
421 2446 1
421 2447 1
421 2448 1
421 2449 1
421 2450 1
421 2451 1
421 2452 1
421 2453 1
422 2128 -1
422 2268 -1
422 2288 -1
422 2294 -1
422 2318 -1
422 2405 -1
422 2425 -1
422 2431 -1
422 2445 -1
422 2454 1
422 2455 1
422 2456 1
422 2457 1
422 2458 1
422 2459 1
422 2460 1
422 2461 1
422 2462 1
423 2134 -1
423 2275 -1
423 2295 -1
423 2326 -1
423 2412 -1
423 2432 -1
423 2454 -1
423 2463 1
423 2464 1
423 2465 1
423 2466 1
423 2467 1
423 2468 1
424 2282 -1
424 2300 -1
424 2304 -1
424 2309 -1
424 2329 -1
424 2439 -1
424 2446 -1
424 2469 1
424 2470 1
424 2471 1
424 2472 1
424 2473 1
424 2474 1
424 2475 1
425 2289 -1
425 2310 -1
425 2314 -1
425 2319 -1
425 2332 -1
425 2447 -1
425 2455 -1
425 2476 1
425 2477 1
425 2478 1
425 2479 1
425 2480 1
425 2481 1
425 2482 1
426 2296 -1
426 2320 -1
426 2324 -1
426 2327 -1
426 2335 -1
426 2456 -1
426 2463 -1
426 2483 1
426 2484 1
426 2485 1
426 2486 1
426 2487 1
426 2488 1
426 2489 1
427 2159 -1
427 2301 -1
427 2330 -1
427 2440 -1
427 2469 -1
427 2490 1
427 2491 1
427 2492 1
427 2493 1
428 2164 -1
428 2311 -1
428 2331 -1
428 2333 -1
428 2448 -1
428 2470 -1
428 2476 -1
428 2490 -1
428 2494 1
428 2495 1
428 2496 1
428 2497 1
428 2498 1
429 2169 -1
429 2321 -1
429 2334 -1
429 2336 -1
429 2457 -1
429 2477 -1
429 2483 -1
429 2494 -1
429 2499 1
429 2500 1
429 2501 1
429 2502 1
429 2503 1
430 2172 -1
430 2328 -1
430 2337 -1
430 2464 -1
430 2484 -1
430 2499 -1
430 2504 1
430 2505 1
430 2506 1
431 2341 -1
431 2348 -1
431 2367 -1
431 2507 1
431 2508 1
431 2509 1
431 2510 1
431 2511 1
431 2512 1
432 2349 -1
432 2356 -1
432 2374 -1
432 2513 1
432 2514 1
432 2515 1
432 2516 1
432 2517 1
432 2518 1
433 2357 -1
433 2362 -1
433 2381 -1
433 2519 1
433 2520 1
433 2521 1
433 2522 1
433 2523 1
433 2524 1
434 2342 -1
434 2368 -1
434 2389 -1
434 2507 -1
434 2525 1
434 2526 1
434 2527 1
434 2528 1
434 2529 1
435 2369 -1
435 2508 -1
435 2525 -1
435 2530 1
435 2531 1
435 2532 1
436 2350 -1
436 2370 -1
436 2375 -1
436 2397 -1
436 2509 -1
436 2513 -1
436 2530 -1
436 2533 1
436 2534 1
436 2535 1
436 2536 1
436 2537 1
436 2538 1
436 2539 1
437 2376 -1
437 2514 -1
437 2533 -1
437 2540 1
437 2541 1
437 2542 1
438 2358 -1
438 2377 -1
438 2382 -1
438 2406 -1
438 2515 -1
438 2519 -1
438 2540 -1
438 2543 1
438 2544 1
438 2545 1
438 2546 1
438 2547 1
438 2548 1
438 2549 1
439 2383 -1
439 2520 -1
439 2543 -1
439 2550 1
439 2551 1
439 2552 1
440 2363 -1
440 2384 -1
440 2413 -1
440 2521 -1
440 2550 -1
440 2553 1
440 2554 1
440 2555 1
440 2556 1
441 2371 -1
441 2390 -1
441 2398 -1
441 2419 -1
441 2526 -1
441 2531 -1
441 2534 -1
441 2557 1
441 2558 1
441 2559 1
441 2560 1
441 2561 1
441 2562 1
441 2563 1
442 2378 -1
442 2399 -1
442 2407 -1
442 2426 -1
442 2535 -1
442 2541 -1
442 2544 -1
442 2564 1
442 2565 1
442 2566 1
442 2567 1
442 2568 1
442 2569 1
442 2570 1
443 2385 -1
443 2408 -1
443 2414 -1
443 2433 -1
443 2545 -1
443 2551 -1
443 2553 -1
443 2571 1
443 2572 1
443 2573 1
443 2574 1
443 2575 1
443 2576 1
443 2577 1
444 2391 -1
444 2420 -1
444 2441 -1
444 2557 -1
444 2578 1
444 2579 1
444 2580 1
444 2581 1
444 2582 1
445 2421 -1
445 2558 -1
445 2578 -1
445 2583 1
445 2584 1
445 2585 1
446 2400 -1
446 2422 -1
446 2427 -1
446 2449 -1
446 2559 -1
446 2564 -1
446 2583 -1
446 2586 1
446 2587 1
446 2588 1
446 2589 1
446 2590 1
446 2591 1
446 2592 1
447 2428 -1
447 2565 -1
447 2586 -1
447 2593 1
447 2594 1
447 2595 1
448 2409 -1
448 2429 -1
448 2434 -1
448 2458 -1
448 2566 -1
448 2571 -1
448 2593 -1
448 2596 1
448 2597 1
448 2598 1
448 2599 1
448 2600 1
448 2601 1
448 2602 1
449 2435 -1
449 2572 -1
449 2596 -1
449 2603 1
449 2604 1
449 2605 1
450 2415 -1
450 2436 -1
450 2465 -1
450 2573 -1
450 2603 -1
450 2606 1
450 2607 1
450 2608 1
450 2609 1
451 2423 -1
451 2442 -1
451 2450 -1
451 2471 -1
451 2579 -1
451 2584 -1
451 2587 -1
451 2610 1
451 2611 1
451 2612 1
451 2613 1
451 2614 1
451 2615 1
451 2616 1
452 2430 -1
452 2451 -1
452 2459 -1
452 2478 -1
452 2588 -1
452 2594 -1
452 2597 -1
452 2617 1
452 2618 1
452 2619 1
452 2620 1
452 2621 1
452 2622 1
452 2623 1
453 2437 -1
453 2460 -1
453 2466 -1
453 2485 -1
453 2598 -1
453 2604 -1
453 2606 -1
453 2624 1
453 2625 1
453 2626 1
453 2627 1
453 2628 1
453 2629 1
453 2630 1
454 2443 -1
454 2472 -1
454 2491 -1
454 2610 -1
454 2631 1
454 2632 1
454 2633 1
454 2634 1
454 2635 1
455 2473 -1
455 2611 -1
455 2631 -1
455 2636 1
455 2637 1
455 2638 1
456 2452 -1
456 2474 -1
456 2479 -1
456 2495 -1
456 2612 -1
456 2617 -1
456 2636 -1
456 2639 1
456 2640 1
456 2641 1
456 2642 1
456 2643 1
456 2644 1
456 2645 1
457 2480 -1
457 2618 -1
457 2639 -1
457 2646 1
457 2647 1
457 2648 1
458 2461 -1
458 2481 -1
458 2486 -1
458 2500 -1
458 2619 -1
458 2624 -1
458 2646 -1
458 2649 1
458 2650 1
458 2651 1
458 2652 1
458 2653 1
458 2654 1
458 2655 1
459 2487 -1
459 2625 -1
459 2649 -1
459 2656 1
459 2657 1
459 2658 1
460 2467 -1
460 2488 -1
460 2504 -1
460 2626 -1
460 2656 -1
460 2659 1
460 2660 1
460 2661 1
460 2662 1
461 2475 -1
461 2492 -1
461 2496 -1
461 2632 -1
461 2637 -1
461 2640 -1
461 2663 1
461 2664 1
461 2665 1
462 2482 -1
462 2497 -1
462 2501 -1
462 2641 -1
462 2647 -1
462 2650 -1
462 2666 1
462 2667 1
462 2668 1
463 2489 -1
463 2502 -1
463 2505 -1
463 2651 -1
463 2657 -1
463 2659 -1
463 2669 1
463 2670 1
463 2671 1
464 2343 -1
464 2510 -1
464 2527 -1
464 2672 1
464 2673 1
464 2674 1
464 2675 1
464 2676 1
464 2677 1
465 2351 -1
465 2511 -1
465 2516 -1
465 2536 -1
465 2672 -1
465 2678 1
465 2679 1
465 2680 1
465 2681 1
465 2682 1
465 2683 1
465 2684 1
465 2685 1
466 2359 -1
466 2517 -1
466 2522 -1
466 2546 -1
466 2678 -1
466 2686 1
466 2687 1
466 2688 1
466 2689 1
466 2690 1
466 2691 1
466 2692 1
466 2693 1
467 2364 -1
467 2523 -1
467 2554 -1
467 2686 -1
467 2694 1
467 2695 1
467 2696 1
467 2697 1
467 2698 1
468 2512 -1
468 2528 -1
468 2532 -1
468 2537 -1
468 2560 -1
468 2673 -1
468 2679 -1
468 2699 1
468 2700 1
468 2701 1
468 2702 1
468 2703 1
468 2704 1
468 2705 1
469 2518 -1
469 2538 -1
469 2542 -1
469 2547 -1
469 2567 -1
469 2680 -1
469 2687 -1
469 2706 1
469 2707 1
469 2708 1
469 2709 1
469 2710 1
469 2711 1
469 2712 1
470 2524 -1
470 2548 -1
470 2552 -1
470 2555 -1
470 2574 -1
470 2688 -1
470 2694 -1
470 2713 1
470 2714 1
470 2715 1
470 2716 1
470 2717 1
470 2718 1
470 2719 1
471 2392 -1
471 2529 -1
471 2561 -1
471 2580 -1
471 2674 -1
471 2699 -1
471 2720 1
471 2721 1
471 2722 1
471 2723 1
471 2724 1
471 2725 1
471 2726 1
472 2401 -1
472 2539 -1
472 2562 -1
472 2568 -1
472 2589 -1
472 2681 -1
472 2700 -1
472 2706 -1
472 2720 -1
472 2727 1
472 2728 1
472 2729 1
472 2730 1
472 2731 1
472 2732 1
472 2733 1
472 2734 1
472 2735 1
473 2410 -1
473 2549 -1
473 2569 -1
473 2575 -1
473 2599 -1
473 2689 -1
473 2707 -1
473 2713 -1
473 2727 -1
473 2736 1
473 2737 1
473 2738 1
473 2739 1
473 2740 1
473 2741 1
473 2742 1
473 2743 1
473 2744 1
474 2416 -1
474 2556 -1
474 2576 -1
474 2607 -1
474 2695 -1
474 2714 -1
474 2736 -1
474 2745 1
474 2746 1
474 2747 1
474 2748 1
474 2749 1
474 2750 1
475 2563 -1
475 2581 -1
475 2585 -1
475 2590 -1
475 2613 -1
475 2721 -1
475 2728 -1
475 2751 1
475 2752 1
475 2753 1
475 2754 1
475 2755 1
475 2756 1
475 2757 1
476 2570 -1
476 2591 -1
476 2595 -1
476 2600 -1
476 2620 -1
476 2729 -1
476 2737 -1
476 2758 1
476 2759 1
476 2760 1
476 2761 1
476 2762 1
476 2763 1
476 2764 1
477 2577 -1
477 2601 -1
477 2605 -1
477 2608 -1
477 2627 -1
477 2738 -1
477 2745 -1
477 2765 1
477 2766 1
477 2767 1
477 2768 1
477 2769 1
477 2770 1
477 2771 1
478 2444 -1
478 2582 -1
478 2614 -1
478 2633 -1
478 2722 -1
478 2751 -1
478 2772 1
478 2773 1
478 2774 1
478 2775 1
478 2776 1
478 2777 1
478 2778 1
479 2453 -1
479 2592 -1
479 2615 -1
479 2621 -1
479 2642 -1
479 2730 -1
479 2752 -1
479 2758 -1
479 2772 -1
479 2779 1
479 2780 1
479 2781 1
479 2782 1
479 2783 1
479 2784 1
479 2785 1
479 2786 1
479 2787 1
480 2462 -1
480 2602 -1
480 2622 -1
480 2628 -1
480 2652 -1
480 2739 -1
480 2759 -1
480 2765 -1
480 2779 -1
480 2788 1
480 2789 1
480 2790 1
480 2791 1
480 2792 1
480 2793 1
480 2794 1
480 2795 1
480 2796 1
481 2468 -1
481 2609 -1
481 2629 -1
481 2660 -1
481 2746 -1
481 2766 -1
481 2788 -1
481 2797 1
481 2798 1
481 2799 1
481 2800 1
481 2801 1
481 2802 1
482 2616 -1
482 2634 -1
482 2638 -1
482 2643 -1
482 2663 -1
482 2773 -1
482 2780 -1
482 2803 1
482 2804 1
482 2805 1
482 2806 1
482 2807 1
482 2808 1
482 2809 1
483 2623 -1
483 2644 -1
483 2648 -1
483 2653 -1
483 2666 -1
483 2781 -1
483 2789 -1
483 2810 1
483 2811 1
483 2812 1
483 2813 1
483 2814 1
483 2815 1
483 2816 1
484 2630 -1
484 2654 -1
484 2658 -1
484 2661 -1
484 2669 -1
484 2790 -1
484 2797 -1
484 2817 1
484 2818 1
484 2819 1
484 2820 1
484 2821 1
484 2822 1
484 2823 1
485 2493 -1
485 2635 -1
485 2664 -1
485 2774 -1
485 2803 -1
485 2824 1
485 2825 1
485 2826 1
485 2827 1
486 2498 -1
486 2645 -1
486 2665 -1
486 2667 -1
486 2782 -1
486 2804 -1
486 2810 -1
486 2824 -1
486 2828 1
486 2829 1
486 2830 1
486 2831 1
486 2832 1
487 2503 -1
487 2655 -1
487 2668 -1
487 2670 -1
487 2791 -1
487 2811 -1
487 2817 -1
487 2828 -1
487 2833 1
487 2834 1
487 2835 1
487 2836 1
487 2837 1
488 2506 -1
488 2662 -1
488 2671 -1
488 2798 -1
488 2818 -1
488 2833 -1
488 2838 1
488 2839 1
488 2840 1
489 2675 -1
489 2682 -1
489 2701 -1
489 2841 1
489 2842 1
489 2843 1
489 2844 1
489 2845 1
489 2846 1
490 2683 -1
490 2690 -1
490 2708 -1
490 2847 1
490 2848 1
490 2849 1
490 2850 1
490 2851 1
490 2852 1
491 2691 -1
491 2696 -1
491 2715 -1
491 2853 1
491 2854 1
491 2855 1
491 2856 1
491 2857 1
491 2858 1
492 2676 -1
492 2702 -1
492 2723 -1
492 2841 -1
492 2859 1
492 2860 1
492 2861 1
492 2862 1
492 2863 1
493 2703 -1
493 2842 -1
493 2859 -1
493 2864 1
493 2865 1
493 2866 1
494 2684 -1
494 2704 -1
494 2709 -1
494 2731 -1
494 2843 -1
494 2847 -1
494 2864 -1
494 2867 1
494 2868 1
494 2869 1
494 2870 1
494 2871 1
494 2872 1
494 2873 1
495 2710 -1
495 2848 -1
495 2867 -1
495 2874 1
495 2875 1
495 2876 1
496 2692 -1
496 2711 -1
496 2716 -1
496 2740 -1
496 2849 -1
496 2853 -1
496 2874 -1
496 2877 1
496 2878 1
496 2879 1
496 2880 1
496 2881 1
496 2882 1
496 2883 1
497 2717 -1
497 2854 -1
497 2877 -1
497 2884 1
497 2885 1
497 2886 1
498 2697 -1
498 2718 -1
498 2747 -1
498 2855 -1
498 2884 -1
498 2887 1
498 2888 1
498 2889 1
498 2890 1
499 2705 -1
499 2724 -1
499 2732 -1
499 2753 -1
499 2860 -1
499 2865 -1
499 2868 -1
499 2891 1
499 2892 1
499 2893 1
499 2894 1
499 2895 1
499 2896 1
499 2897 1
500 2712 -1
500 2733 -1
500 2741 -1
500 2760 -1
500 2869 -1
500 2875 -1
500 2878 -1
500 2898 1
500 2899 1
500 2900 1
500 2901 1
500 2902 1
500 2903 1
500 2904 1
501 2719 -1
501 2742 -1
501 2748 -1
501 2767 -1
501 2879 -1
501 2885 -1
501 2887 -1
501 2905 1
501 2906 1
501 2907 1
501 2908 1
501 2909 1
501 2910 1
501 2911 1
502 2725 -1
502 2754 -1
502 2775 -1
502 2891 -1
502 2912 1
502 2913 1
502 2914 1
502 2915 1
502 2916 1
503 2755 -1
503 2892 -1
503 2912 -1
503 2917 1
503 2918 1
503 2919 1
504 2734 -1
504 2756 -1
504 2761 -1
504 2783 -1
504 2893 -1
504 2898 -1
504 2917 -1
504 2920 1
504 2921 1
504 2922 1
504 2923 1
504 2924 1
504 2925 1
504 2926 1
505 2762 -1
505 2899 -1
505 2920 -1
505 2927 1
505 2928 1
505 2929 1
506 2743 -1
506 2763 -1
506 2768 -1
506 2792 -1
506 2900 -1
506 2905 -1
506 2927 -1
506 2930 1
506 2931 1
506 2932 1
506 2933 1
506 2934 1
506 2935 1
506 2936 1
507 2769 -1
507 2906 -1
507 2930 -1
507 2937 1
507 2938 1
507 2939 1
508 2749 -1
508 2770 -1
508 2799 -1
508 2907 -1
508 2937 -1
508 2940 1
508 2941 1
508 2942 1
508 2943 1
509 2757 -1
509 2776 -1
509 2784 -1
509 2805 -1
509 2913 -1
509 2918 -1
509 2921 -1
509 2944 1
509 2945 1
509 2946 1
509 2947 1
509 2948 1
509 2949 1
509 2950 1
510 2764 -1
510 2785 -1
510 2793 -1
510 2812 -1
510 2922 -1
510 2928 -1
510 2931 -1
510 2951 1
510 2952 1
510 2953 1
510 2954 1
510 2955 1
510 2956 1
510 2957 1
511 2771 -1
511 2794 -1
511 2800 -1
511 2819 -1
511 2932 -1
511 2938 -1
511 2940 -1
511 2958 1
511 2959 1
511 2960 1
511 2961 1
511 2962 1
511 2963 1
511 2964 1
512 2777 -1
512 2806 -1
512 2825 -1
512 2944 -1
512 2965 1
512 2966 1
512 2967 1
512 2968 1
512 2969 1
513 2807 -1
513 2945 -1
513 2965 -1
513 2970 1
513 2971 1
513 2972 1
514 2786 -1
514 2808 -1
514 2813 -1
514 2829 -1
514 2946 -1
514 2951 -1
514 2970 -1
514 2973 1
514 2974 1
514 2975 1
514 2976 1
514 2977 1
514 2978 1
514 2979 1
515 2814 -1
515 2952 -1
515 2973 -1
515 2980 1
515 2981 1
515 2982 1
516 2795 -1
516 2815 -1
516 2820 -1
516 2834 -1
516 2953 -1
516 2958 -1
516 2980 -1
516 2983 1
516 2984 1
516 2985 1
516 2986 1
516 2987 1
516 2988 1
516 2989 1
517 2821 -1
517 2959 -1
517 2983 -1
517 2990 1
517 2991 1
517 2992 1
518 2801 -1
518 2822 -1
518 2838 -1
518 2960 -1
518 2990 -1
518 2993 1
518 2994 1
518 2995 1
518 2996 1
519 2809 -1
519 2826 -1
519 2830 -1
519 2966 -1
519 2971 -1
519 2974 -1
519 2997 1
519 2998 1
519 2999 1
520 2816 -1
520 2831 -1
520 2835 -1
520 2975 -1
520 2981 -1
520 2984 -1
520 3000 1
520 3001 1
520 3002 1
521 2823 -1
521 2836 -1
521 2839 -1
521 2985 -1
521 2991 -1
521 2993 -1
521 3003 1
521 3004 1
521 3005 1
522 2677 -1
522 2844 -1
522 2861 -1
522 3006 1
522 3007 1
522 3008 1
522 3009 1
522 3010 1
522 3011 1
523 2685 -1
523 2845 -1
523 2850 -1
523 2870 -1
523 3006 -1
523 3012 1
523 3013 1
523 3014 1
523 3015 1
523 3016 1
523 3017 1
523 3018 1
523 3019 1
524 2693 -1
524 2851 -1
524 2856 -1
524 2880 -1
524 3012 -1
524 3020 1
524 3021 1
524 3022 1
524 3023 1
524 3024 1
524 3025 1
524 3026 1
524 3027 1
525 2698 -1
525 2857 -1
525 2888 -1
525 3020 -1
525 3028 1
525 3029 1
525 3030 1
525 3031 1
525 3032 1
526 2846 -1
526 2862 -1
526 2866 -1
526 2871 -1
526 2894 -1
526 3007 -1
526 3013 -1
526 3033 1
526 3034 1
526 3035 1
526 3036 1
526 3037 1
526 3038 1
526 3039 1
527 2852 -1
527 2872 -1
527 2876 -1
527 2881 -1
527 2901 -1
527 3014 -1
527 3021 -1
527 3040 1
527 3041 1
527 3042 1
527 3043 1
527 3044 1
527 3045 1
527 3046 1
528 2858 -1
528 2882 -1
528 2886 -1
528 2889 -1
528 2908 -1
528 3022 -1
528 3028 -1
528 3047 1
528 3048 1
528 3049 1
528 3050 1
528 3051 1
528 3052 1
528 3053 1
529 2726 -1
529 2863 -1
529 2895 -1
529 2914 -1
529 3008 -1
529 3033 -1
529 3054 1
529 3055 1
529 3056 1
529 3057 1
529 3058 1
529 3059 1
529 3060 1
530 2735 -1
530 2873 -1
530 2896 -1
530 2902 -1
530 2923 -1
530 3015 -1
530 3034 -1
530 3040 -1
530 3054 -1
530 3061 1
530 3062 1
530 3063 1
530 3064 1
530 3065 1
530 3066 1
530 3067 1
530 3068 1
530 3069 1
531 2744 -1
531 2883 -1
531 2903 -1
531 2909 -1
531 2933 -1
531 3023 -1
531 3041 -1
531 3047 -1
531 3061 -1
531 3070 1
531 3071 1
531 3072 1
531 3073 1
531 3074 1
531 3075 1
531 3076 1
531 3077 1
531 3078 1
532 2750 -1
532 2890 -1
532 2910 -1
532 2941 -1
532 3029 -1
532 3048 -1
532 3070 -1
532 3079 1
532 3080 1
532 3081 1
532 3082 1
532 3083 1
532 3084 1
533 2897 -1
533 2915 -1
533 2919 -1
533 2924 -1
533 2947 -1
533 3055 -1
533 3062 -1
533 3085 1
533 3086 1
533 3087 1
533 3088 1
533 3089 1
533 3090 1
533 3091 1
534 2904 -1
534 2925 -1
534 2929 -1
534 2934 -1
534 2954 -1
534 3063 -1
534 3071 -1
534 3092 1
534 3093 1
534 3094 1
534 3095 1
534 3096 1
534 3097 1
534 3098 1
535 2911 -1
535 2935 -1
535 2939 -1
535 2942 -1
535 2961 -1
535 3072 -1
535 3079 -1
535 3099 1
535 3100 1
535 3101 1
535 3102 1
535 3103 1
535 3104 1
535 3105 1
536 2778 -1
536 2916 -1
536 2948 -1
536 2967 -1
536 3056 -1
536 3085 -1
536 3106 1
536 3107 1
536 3108 1
536 3109 1
536 3110 1
536 3111 1
536 3112 1
537 2787 -1
537 2926 -1
537 2949 -1
537 2955 -1
537 2976 -1
537 3064 -1
537 3086 -1
537 3092 -1
537 3106 -1
537 3113 1
537 3114 1
537 3115 1
537 3116 1
537 3117 1
537 3118 1
537 3119 1
537 3120 1
537 3121 1
538 2796 -1
538 2936 -1
538 2956 -1
538 2962 -1
538 2986 -1
538 3073 -1
538 3093 -1
538 3099 -1
538 3113 -1
538 3122 1
538 3123 1
538 3124 1
538 3125 1
538 3126 1
538 3127 1
538 3128 1
538 3129 1
538 3130 1
539 2802 -1
539 2943 -1
539 2963 -1
539 2994 -1
539 3080 -1
539 3100 -1
539 3122 -1
539 3131 1
539 3132 1
539 3133 1
539 3134 1
539 3135 1
539 3136 1
540 2950 -1
540 2968 -1
540 2972 -1
540 2977 -1
540 2997 -1
540 3107 -1
540 3114 -1
540 3137 1
540 3138 1
540 3139 1
540 3140 1
540 3141 1
540 3142 1
540 3143 1
541 2957 -1
541 2978 -1
541 2982 -1
541 2987 -1
541 3000 -1
541 3115 -1
541 3123 -1
541 3144 1
541 3145 1
541 3146 1
541 3147 1
541 3148 1
541 3149 1
541 3150 1
542 2964 -1
542 2988 -1
542 2992 -1
542 2995 -1
542 3003 -1
542 3124 -1
542 3131 -1
542 3151 1
542 3152 1
542 3153 1
542 3154 1
542 3155 1
542 3156 1
542 3157 1
543 2827 -1
543 2969 -1
543 2998 -1
543 3108 -1
543 3137 -1
543 3158 1
543 3159 1
543 3160 1
543 3161 1
544 2832 -1
544 2979 -1
544 2999 -1
544 3001 -1
544 3116 -1
544 3138 -1
544 3144 -1
544 3158 -1
544 3162 1
544 3163 1
544 3164 1
544 3165 1
544 3166 1
545 2837 -1
545 2989 -1
545 3002 -1
545 3004 -1
545 3125 -1
545 3145 -1
545 3151 -1
545 3162 -1
545 3167 1
545 3168 1
545 3169 1
545 3170 1
545 3171 1
546 2840 -1
546 2996 -1
546 3005 -1
546 3132 -1
546 3152 -1
546 3167 -1
546 3172 1
546 3173 1
546 3174 1
547 3009 -1
547 3016 -1
547 3035 -1
547 3175 1
547 3176 1
547 3177 1
547 3178 1
547 3179 1
547 3180 1
548 3017 -1
548 3024 -1
548 3042 -1
548 3181 1
548 3182 1
548 3183 1
548 3184 1
548 3185 1
548 3186 1
549 3025 -1
549 3030 -1
549 3049 -1
549 3187 1
549 3188 1
549 3189 1
549 3190 1
549 3191 1
549 3192 1
550 3010 -1
550 3036 -1
550 3057 -1
550 3175 -1
550 3193 1
550 3194 1
550 3195 1
550 3196 1
550 3197 1
551 3037 -1
551 3176 -1
551 3193 -1
551 3198 1
551 3199 1
551 3200 1
552 3018 -1
552 3038 -1
552 3043 -1
552 3065 -1
552 3177 -1
552 3181 -1
552 3198 -1
552 3201 1
552 3202 1
552 3203 1
552 3204 1
552 3205 1
552 3206 1
552 3207 1
553 3044 -1
553 3182 -1
553 3201 -1
553 3208 1
553 3209 1
553 3210 1
554 3026 -1
554 3045 -1
554 3050 -1
554 3074 -1
554 3183 -1
554 3187 -1
554 3208 -1
554 3211 1
554 3212 1
554 3213 1
554 3214 1
554 3215 1
554 3216 1
554 3217 1
555 3051 -1
555 3188 -1
555 3211 -1
555 3218 1
555 3219 1
555 3220 1
556 3031 -1
556 3052 -1
556 3081 -1
556 3189 -1
556 3218 -1
556 3221 1
556 3222 1
556 3223 1
556 3224 1
557 3039 -1
557 3058 -1
557 3066 -1
557 3087 -1
557 3194 -1
557 3199 -1
557 3202 -1
557 3225 1
557 3226 1
557 3227 1
557 3228 1
557 3229 1
557 3230 1
557 3231 1
558 3046 -1
558 3067 -1
558 3075 -1
558 3094 -1
558 3203 -1
558 3209 -1
558 3212 -1
558 3232 1
558 3233 1
558 3234 1
558 3235 1
558 3236 1
558 3237 1
558 3238 1
559 3053 -1
559 3076 -1
559 3082 -1
559 3101 -1
559 3213 -1
559 3219 -1
559 3221 -1
559 3239 1
559 3240 1
559 3241 1
559 3242 1
559 3243 1
559 3244 1
559 3245 1
560 3059 -1
560 3088 -1
560 3109 -1
560 3225 -1
560 3246 1
560 3247 1
560 3248 1
560 3249 1
560 3250 1
561 3089 -1
561 3226 -1
561 3246 -1
561 3251 1
561 3252 1
561 3253 1
562 3068 -1
562 3090 -1
562 3095 -1
562 3117 -1
562 3227 -1
562 3232 -1
562 3251 -1
562 3254 1
562 3255 1
562 3256 1
562 3257 1
562 3258 1
562 3259 1
562 3260 1
563 3096 -1
563 3233 -1
563 3254 -1
563 3261 1
563 3262 1
563 3263 1
564 3077 -1
564 3097 -1
564 3102 -1
564 3126 -1
564 3234 -1
564 3239 -1
564 3261 -1
564 3264 1
564 3265 1
564 3266 1
564 3267 1
564 3268 1
564 3269 1
564 3270 1
565 3103 -1
565 3240 -1
565 3264 -1
565 3271 1
565 3272 1
565 3273 1
566 3083 -1
566 3104 -1
566 3133 -1
566 3241 -1
566 3271 -1
566 3274 1
566 3275 1
566 3276 1
566 3277 1
567 3091 -1
567 3110 -1
567 3118 -1
567 3139 -1
567 3247 -1
567 3252 -1
567 3255 -1
567 3278 1
567 3279 1
567 3280 1
567 3281 1
567 3282 1
567 3283 1
567 3284 1
568 3098 -1
568 3119 -1
568 3127 -1
568 3146 -1
568 3256 -1
568 3262 -1
568 3265 -1
568 3285 1
568 3286 1
568 3287 1
568 3288 1
568 3289 1
568 3290 1
568 3291 1
569 3105 -1
569 3128 -1
569 3134 -1
569 3153 -1
569 3266 -1
569 3272 -1
569 3274 -1
569 3292 1
569 3293 1
569 3294 1
569 3295 1
569 3296 1
569 3297 1
569 3298 1
570 3111 -1
570 3140 -1
570 3159 -1
570 3278 -1
570 3299 1
570 3300 1
570 3301 1
570 3302 1
570 3303 1
571 3141 -1
571 3279 -1
571 3299 -1
571 3304 1
571 3305 1
571 3306 1
572 3120 -1
572 3142 -1
572 3147 -1
572 3163 -1
572 3280 -1
572 3285 -1
572 3304 -1
572 3307 1
572 3308 1
572 3309 1
572 3310 1
572 3311 1
572 3312 1
572 3313 1
573 3148 -1
573 3286 -1
573 3307 -1
573 3314 1
573 3315 1
573 3316 1
574 3129 -1
574 3149 -1
574 3154 -1
574 3168 -1
574 3287 -1
574 3292 -1
574 3314 -1
574 3317 1
574 3318 1
574 3319 1
574 3320 1
574 3321 1
574 3322 1
574 3323 1
575 3155 -1
575 3293 -1
575 3317 -1
575 3324 1
575 3325 1
575 3326 1
576 3135 -1
576 3156 -1
576 3172 -1
576 3294 -1
576 3324 -1
576 3327 1
576 3328 1
576 3329 1
576 3330 1
577 3143 -1
577 3160 -1
577 3164 -1
577 3300 -1
577 3305 -1
577 3308 -1
577 3331 1
577 3332 1
577 3333 1
578 3150 -1
578 3165 -1
578 3169 -1
578 3309 -1
578 3315 -1
578 3318 -1
578 3334 1
578 3335 1
578 3336 1
579 3157 -1
579 3170 -1
579 3173 -1
579 3319 -1
579 3325 -1
579 3327 -1
579 3337 1
579 3338 1
579 3339 1
580 3011 -1
580 3178 -1
580 3195 -1
580 3340 1
580 3341 1
580 3342 1
580 3343 1
580 3344 1
580 3345 1
581 3019 -1
581 3179 -1
581 3184 -1
581 3204 -1
581 3340 -1
581 3346 1
581 3347 1
581 3348 1
581 3349 1
581 3350 1
581 3351 1
581 3352 1
581 3353 1
582 3027 -1
582 3185 -1
582 3190 -1
582 3214 -1
582 3346 -1
582 3354 1
582 3355 1
582 3356 1
582 3357 1
582 3358 1
582 3359 1
582 3360 1
582 3361 1
583 3032 -1
583 3191 -1
583 3222 -1
583 3354 -1
583 3362 1
583 3363 1
583 3364 1
583 3365 1
583 3366 1
584 3180 -1
584 3196 -1
584 3200 -1
584 3205 -1
584 3228 -1
584 3341 -1
584 3347 -1
584 3367 1
584 3368 1
584 3369 1
584 3370 1
584 3371 1
584 3372 1
584 3373 1
585 3186 -1
585 3206 -1
585 3210 -1
585 3215 -1
585 3235 -1
585 3348 -1
585 3355 -1
585 3374 1
585 3375 1
585 3376 1
585 3377 1
585 3378 1
585 3379 1
585 3380 1
586 3192 -1
586 3216 -1
586 3220 -1
586 3223 -1
586 3242 -1
586 3356 -1
586 3362 -1
586 3381 1
586 3382 1
586 3383 1
586 3384 1
586 3385 1
586 3386 1
586 3387 1
587 3060 -1
587 3197 -1
587 3229 -1
587 3248 -1
587 3342 -1
587 3367 -1
587 3388 1
587 3389 1
587 3390 1
587 3391 1
587 3392 1
587 3393 1
587 3394 1
588 3069 -1
588 3207 -1
588 3230 -1
588 3236 -1
588 3257 -1
588 3349 -1
588 3368 -1
588 3374 -1
588 3388 -1
588 3395 1
588 3396 1
588 3397 1
588 3398 1
588 3399 1
588 3400 1
588 3401 1
588 3402 1
588 3403 1
589 3078 -1
589 3217 -1
589 3237 -1
589 3243 -1
589 3267 -1
589 3357 -1
589 3375 -1
589 3381 -1
589 3395 -1
589 3404 1
589 3405 1
589 3406 1
589 3407 1
589 3408 1
589 3409 1
589 3410 1
589 3411 1
589 3412 1
590 3084 -1
590 3224 -1
590 3244 -1
590 3275 -1
590 3363 -1
590 3382 -1
590 3404 -1
590 3413 1
590 3414 1
590 3415 1
590 3416 1
590 3417 1
590 3418 1
591 3231 -1
591 3249 -1
591 3253 -1
591 3258 -1
591 3281 -1
591 3389 -1
591 3396 -1
591 3419 1
591 3420 1
591 3421 1
591 3422 1
591 3423 1
591 3424 1
591 3425 1
592 3238 -1
592 3259 -1
592 3263 -1
592 3268 -1
592 3288 -1
592 3397 -1
592 3405 -1
592 3426 1
592 3427 1
592 3428 1
592 3429 1
592 3430 1
592 3431 1
592 3432 1
593 3245 -1
593 3269 -1
593 3273 -1
593 3276 -1
593 3295 -1
593 3406 -1
593 3413 -1
593 3433 1
593 3434 1
593 3435 1
593 3436 1
593 3437 1
593 3438 1
593 3439 1
594 3112 -1
594 3250 -1
594 3282 -1
594 3301 -1
594 3390 -1
594 3419 -1
594 3440 1
594 3441 1
594 3442 1
594 3443 1
594 3444 1
594 3445 1
594 3446 1
595 3121 -1
595 3260 -1
595 3283 -1
595 3289 -1
595 3310 -1
595 3398 -1
595 3420 -1
595 3426 -1
595 3440 -1
595 3447 1
595 3448 1
595 3449 1
595 3450 1
595 3451 1
595 3452 1
595 3453 1
595 3454 1
595 3455 1
596 3130 -1
596 3270 -1
596 3290 -1
596 3296 -1
596 3320 -1
596 3407 -1
596 3427 -1
596 3433 -1
596 3447 -1
596 3456 1
596 3457 1
596 3458 1
596 3459 1
596 3460 1
596 3461 1
596 3462 1
596 3463 1
596 3464 1
597 3136 -1
597 3277 -1
597 3297 -1
597 3328 -1
597 3414 -1
597 3434 -1
597 3456 -1
597 3465 1
597 3466 1
597 3467 1
597 3468 1
597 3469 1
597 3470 1
598 3284 -1
598 3302 -1
598 3306 -1
598 3311 -1
598 3331 -1
598 3441 -1
598 3448 -1
598 3471 1
598 3472 1
598 3473 1
598 3474 1
598 3475 1
598 3476 1
598 3477 1
599 3291 -1
599 3312 -1
599 3316 -1
599 3321 -1
599 3334 -1
599 3449 -1
599 3457 -1
599 3478 1
599 3479 1
599 3480 1
599 3481 1
599 3482 1
599 3483 1
599 3484 1
600 3298 -1
600 3322 -1
600 3326 -1
600 3329 -1
600 3337 -1
600 3458 -1
600 3465 -1
600 3485 1
600 3486 1
600 3487 1
600 3488 1
600 3489 1
600 3490 1
600 3491 1
601 3161 -1
601 3303 -1
601 3332 -1
601 3442 -1
601 3471 -1
601 3492 1
601 3493 1
601 3494 1
601 3495 1
602 3166 -1
602 3313 -1
602 3333 -1
602 3335 -1
602 3450 -1
602 3472 -1
602 3478 -1
602 3492 -1
602 3496 1
602 3497 1
602 3498 1
602 3499 1
602 3500 1
603 3171 -1
603 3323 -1
603 3336 -1
603 3338 -1
603 3459 -1
603 3479 -1
603 3485 -1
603 3496 -1
603 3501 1
603 3502 1
603 3503 1
603 3504 1
603 3505 1
604 3174 -1
604 3330 -1
604 3339 -1
604 3466 -1
604 3486 -1
604 3501 -1
604 3506 1
604 3507 1
604 3508 1
605 3343 -1
605 3350 -1
605 3369 -1
605 3509 1
605 3510 1
605 3511 1
605 3512 1
605 3513 1
605 3514 1
606 3351 -1
606 3358 -1
606 3376 -1
606 3515 1
606 3516 1
606 3517 1
606 3518 1
606 3519 1
606 3520 1
607 3359 -1
607 3364 -1
607 3383 -1
607 3521 1
607 3522 1
607 3523 1
607 3524 1
607 3525 1
607 3526 1
608 3344 -1
608 3370 -1
608 3391 -1
608 3509 -1
608 3527 1
608 3528 1
608 3529 1
608 3530 1
608 3531 1
609 3371 -1
609 3510 -1
609 3527 -1
609 3532 1
609 3533 1
609 3534 1
610 3352 -1
610 3372 -1
610 3377 -1
610 3399 -1
610 3511 -1
610 3515 -1
610 3532 -1
610 3535 1
610 3536 1
610 3537 1
610 3538 1
610 3539 1
610 3540 1
610 3541 1
611 3378 -1
611 3516 -1
611 3535 -1
611 3542 1
611 3543 1
611 3544 1
612 3360 -1
612 3379 -1
612 3384 -1
612 3408 -1
612 3517 -1
612 3521 -1
612 3542 -1
612 3545 1
612 3546 1
612 3547 1
612 3548 1
612 3549 1
612 3550 1
612 3551 1
613 3385 -1
613 3522 -1
613 3545 -1
613 3552 1
613 3553 1
613 3554 1
614 3365 -1
614 3386 -1
614 3415 -1
614 3523 -1
614 3552 -1
614 3555 1
614 3556 1
614 3557 1
614 3558 1
615 3373 -1
615 3392 -1
615 3400 -1
615 3421 -1
615 3528 -1
615 3533 -1
615 3536 -1
615 3559 1
615 3560 1
615 3561 1
615 3562 1
615 3563 1
615 3564 1
615 3565 1
616 3380 -1
616 3401 -1
616 3409 -1
616 3428 -1
616 3537 -1
616 3543 -1
616 3546 -1
616 3566 1
616 3567 1
616 3568 1
616 3569 1
616 3570 1
616 3571 1
616 3572 1
617 3387 -1
617 3410 -1
617 3416 -1
617 3435 -1
617 3547 -1
617 3553 -1
617 3555 -1
617 3573 1
617 3574 1
617 3575 1
617 3576 1
617 3577 1
617 3578 1
617 3579 1
618 3393 -1
618 3422 -1
618 3443 -1
618 3559 -1
618 3580 1
618 3581 1
618 3582 1
618 3583 1
618 3584 1
619 3423 -1
619 3560 -1
619 3580 -1
619 3585 1
619 3586 1
619 3587 1
620 3402 -1
620 3424 -1
620 3429 -1
620 3451 -1
620 3561 -1
620 3566 -1
620 3585 -1
620 3588 1
620 3589 1
620 3590 1
620 3591 1
620 3592 1
620 3593 1
620 3594 1
621 3430 -1
621 3567 -1
621 3588 -1
621 3595 1
621 3596 1
621 3597 1
622 3411 -1
622 3431 -1
622 3436 -1
622 3460 -1
622 3568 -1
622 3573 -1
622 3595 -1
622 3598 1
622 3599 1
622 3600 1
622 3601 1
622 3602 1
622 3603 1
622 3604 1
623 3437 -1
623 3574 -1
623 3598 -1
623 3605 1
623 3606 1
623 3607 1
624 3417 -1
624 3438 -1
624 3467 -1
624 3575 -1
624 3605 -1
624 3608 1
624 3609 1
624 3610 1
624 3611 1
625 3425 -1
625 3444 -1
625 3452 -1
625 3473 -1
625 3581 -1
625 3586 -1
625 3589 -1
625 3612 1
625 3613 1
625 3614 1
625 3615 1
625 3616 1
625 3617 1
625 3618 1
626 3432 -1
626 3453 -1
626 3461 -1
626 3480 -1
626 3590 -1
626 3596 -1
626 3599 -1
626 3619 1
626 3620 1
626 3621 1
626 3622 1
626 3623 1
626 3624 1
626 3625 1
627 3439 -1
627 3462 -1
627 3468 -1
627 3487 -1
627 3600 -1
627 3606 -1
627 3608 -1
627 3626 1
627 3627 1
627 3628 1
627 3629 1
627 3630 1
627 3631 1
627 3632 1
628 3445 -1
628 3474 -1
628 3493 -1
628 3612 -1
628 3633 1
628 3634 1
628 3635 1
628 3636 1
628 3637 1
629 3475 -1
629 3613 -1
629 3633 -1
629 3638 1
629 3639 1
629 3640 1
630 3454 -1
630 3476 -1
630 3481 -1
630 3497 -1
630 3614 -1
630 3619 -1
630 3638 -1
630 3641 1
630 3642 1
630 3643 1
630 3644 1
630 3645 1
630 3646 1
630 3647 1
631 3482 -1
631 3620 -1
631 3641 -1
631 3648 1
631 3649 1
631 3650 1
632 3463 -1
632 3483 -1
632 3488 -1
632 3502 -1
632 3621 -1
632 3626 -1
632 3648 -1
632 3651 1
632 3652 1
632 3653 1
632 3654 1
632 3655 1
632 3656 1
632 3657 1
633 3489 -1
633 3627 -1
633 3651 -1
633 3658 1
633 3659 1
633 3660 1
634 3469 -1
634 3490 -1
634 3506 -1
634 3628 -1
634 3658 -1
634 3661 1
634 3662 1
634 3663 1
634 3664 1
635 3477 -1
635 3494 -1
635 3498 -1
635 3634 -1
635 3639 -1
635 3642 -1
635 3665 1
635 3666 1
635 3667 1
636 3484 -1
636 3499 -1
636 3503 -1
636 3643 -1
636 3649 -1
636 3652 -1
636 3668 1
636 3669 1
636 3670 1
637 3491 -1
637 3504 -1
637 3507 -1
637 3653 -1
637 3659 -1
637 3661 -1
637 3671 1
637 3672 1
637 3673 1
638 3345 -1
638 3512 -1
638 3529 -1
638 3674 1
638 3675 1
638 3676 1
638 3677 1
638 3678 1
638 3679 1
639 3353 -1
639 3513 -1
639 3518 -1
639 3538 -1
639 3674 -1
639 3680 1
639 3681 1
639 3682 1
639 3683 1
639 3684 1
639 3685 1
639 3686 1
639 3687 1
640 3361 -1
640 3519 -1
640 3524 -1
640 3548 -1
640 3680 -1
640 3688 1
640 3689 1
640 3690 1
640 3691 1
640 3692 1
640 3693 1
640 3694 1
640 3695 1
641 3366 -1
641 3525 -1
641 3556 -1
641 3688 -1
641 3696 1
641 3697 1
641 3698 1
641 3699 1
641 3700 1
642 3514 -1
642 3530 -1
642 3534 -1
642 3539 -1
642 3562 -1
642 3675 -1
642 3681 -1
642 3701 1
642 3702 1
642 3703 1
642 3704 1
642 3705 1
642 3706 1
642 3707 1
643 3520 -1
643 3540 -1
643 3544 -1
643 3549 -1
643 3569 -1
643 3682 -1
643 3689 -1
643 3708 1
643 3709 1
643 3710 1
643 3711 1
643 3712 1
643 3713 1
643 3714 1
644 3526 -1
644 3550 -1
644 3554 -1
644 3557 -1
644 3576 -1
644 3690 -1
644 3696 -1
644 3715 1
644 3716 1
644 3717 1
644 3718 1
644 3719 1
644 3720 1
644 3721 1
645 3394 -1
645 3531 -1
645 3563 -1
645 3582 -1
645 3676 -1
645 3701 -1
645 3722 1
645 3723 1
645 3724 1
645 3725 1
645 3726 1
645 3727 1
645 3728 1
646 3403 -1
646 3541 -1
646 3564 -1
646 3570 -1
646 3591 -1
646 3683 -1
646 3702 -1
646 3708 -1
646 3722 -1
646 3729 1
646 3730 1
646 3731 1
646 3732 1
646 3733 1
646 3734 1
646 3735 1
646 3736 1
646 3737 1
647 3412 -1
647 3551 -1
647 3571 -1
647 3577 -1
647 3601 -1
647 3691 -1
647 3709 -1
647 3715 -1
647 3729 -1
647 3738 1
647 3739 1
647 3740 1
647 3741 1
647 3742 1
647 3743 1
647 3744 1
647 3745 1
647 3746 1
648 3418 -1
648 3558 -1
648 3578 -1
648 3609 -1
648 3697 -1
648 3716 -1
648 3738 -1
648 3747 1
648 3748 1
648 3749 1
648 3750 1
648 3751 1
648 3752 1
649 3565 -1
649 3583 -1
649 3587 -1
649 3592 -1
649 3615 -1
649 3723 -1
649 3730 -1
649 3753 1
649 3754 1
649 3755 1
649 3756 1
649 3757 1
649 3758 1
649 3759 1
650 3572 -1
650 3593 -1
650 3597 -1
650 3602 -1
650 3622 -1
650 3731 -1
650 3739 -1
650 3760 1
650 3761 1
650 3762 1
650 3763 1
650 3764 1
650 3765 1
650 3766 1
651 3579 -1
651 3603 -1
651 3607 -1
651 3610 -1
651 3629 -1
651 3740 -1
651 3747 -1
651 3767 1
651 3768 1
651 3769 1
651 3770 1
651 3771 1
651 3772 1
651 3773 1
652 3446 -1
652 3584 -1
652 3616 -1
652 3635 -1
652 3724 -1
652 3753 -1
652 3774 1
652 3775 1
652 3776 1
652 3777 1
652 3778 1
652 3779 1
652 3780 1
653 3455 -1
653 3594 -1
653 3617 -1
653 3623 -1
653 3644 -1
653 3732 -1
653 3754 -1
653 3760 -1
653 3774 -1
653 3781 1
653 3782 1
653 3783 1
653 3784 1
653 3785 1
653 3786 1
653 3787 1
653 3788 1
653 3789 1
654 3464 -1
654 3604 -1
654 3624 -1
654 3630 -1
654 3654 -1
654 3741 -1
654 3761 -1
654 3767 -1
654 3781 -1
654 3790 1
654 3791 1
654 3792 1
654 3793 1
654 3794 1
654 3795 1
654 3796 1
654 3797 1
654 3798 1
655 3470 -1
655 3611 -1
655 3631 -1
655 3662 -1
655 3748 -1
655 3768 -1
655 3790 -1
655 3799 1
655 3800 1
655 3801 1
655 3802 1
655 3803 1
655 3804 1
656 3618 -1
656 3636 -1
656 3640 -1
656 3645 -1
656 3665 -1
656 3775 -1
656 3782 -1
656 3805 1
656 3806 1
656 3807 1
656 3808 1
656 3809 1
656 3810 1
656 3811 1
657 3625 -1
657 3646 -1
657 3650 -1
657 3655 -1
657 3668 -1
657 3783 -1
657 3791 -1
657 3812 1
657 3813 1
657 3814 1
657 3815 1
657 3816 1
657 3817 1
657 3818 1
658 3632 -1
658 3656 -1
658 3660 -1
658 3663 -1
658 3671 -1
658 3792 -1
658 3799 -1
658 3819 1
658 3820 1
658 3821 1
658 3822 1
658 3823 1
658 3824 1
658 3825 1
659 3495 -1
659 3637 -1
659 3666 -1
659 3776 -1
659 3805 -1
659 3826 1
659 3827 1
659 3828 1
659 3829 1
660 3500 -1
660 3647 -1
660 3667 -1
660 3669 -1
660 3784 -1
660 3806 -1
660 3812 -1
660 3826 -1
660 3830 1
660 3831 1
660 3832 1
660 3833 1
660 3834 1
661 3505 -1
661 3657 -1
661 3670 -1
661 3672 -1
661 3793 -1
661 3813 -1
661 3819 -1
661 3830 -1
661 3835 1
661 3836 1
661 3837 1
661 3838 1
661 3839 1
662 3508 -1
662 3664 -1
662 3673 -1
662 3800 -1
662 3820 -1
662 3835 -1
662 3840 1
662 3841 1
662 3842 1
663 3677 -1
663 3684 -1
663 3703 -1
663 3843 1
663 3844 1
663 3845 1
663 3846 1
663 3847 1
663 3848 1
664 3685 -1
664 3692 -1
664 3710 -1
664 3849 1
664 3850 1
664 3851 1
664 3852 1
664 3853 1
664 3854 1
665 3693 -1
665 3698 -1
665 3717 -1
665 3855 1
665 3856 1
665 3857 1
665 3858 1
665 3859 1
665 3860 1
666 3678 -1
666 3704 -1
666 3725 -1
666 3843 -1
666 3861 1
666 3862 1
666 3863 1
666 3864 1
666 3865 1
667 3705 -1
667 3844 -1
667 3861 -1
667 3866 1
667 3867 1
667 3868 1
668 3686 -1
668 3706 -1
668 3711 -1
668 3733 -1
668 3845 -1
668 3849 -1
668 3866 -1
668 3869 1
668 3870 1
668 3871 1
668 3872 1
668 3873 1
668 3874 1
668 3875 1
669 3712 -1
669 3850 -1
669 3869 -1
669 3876 1
669 3877 1
669 3878 1
670 3694 -1
670 3713 -1
670 3718 -1
670 3742 -1
670 3851 -1
670 3855 -1
670 3876 -1
670 3879 1
670 3880 1
670 3881 1
670 3882 1
670 3883 1
670 3884 1
670 3885 1
671 3719 -1
671 3856 -1
671 3879 -1
671 3886 1
671 3887 1
671 3888 1
672 3699 -1
672 3720 -1
672 3749 -1
672 3857 -1
672 3886 -1
672 3889 1
672 3890 1
672 3891 1
672 3892 1
673 3707 -1
673 3726 -1
673 3734 -1
673 3755 -1
673 3862 -1
673 3867 -1
673 3870 -1
673 3893 1
673 3894 1
673 3895 1
673 3896 1
673 3897 1
673 3898 1
673 3899 1
674 3714 -1
674 3735 -1
674 3743 -1
674 3762 -1
674 3871 -1
674 3877 -1
674 3880 -1
674 3900 1
674 3901 1
674 3902 1
674 3903 1
674 3904 1
674 3905 1
674 3906 1
675 3721 -1
675 3744 -1
675 3750 -1
675 3769 -1
675 3881 -1
675 3887 -1
675 3889 -1
675 3907 1
675 3908 1
675 3909 1
675 3910 1
675 3911 1
675 3912 1
675 3913 1
676 3727 -1
676 3756 -1
676 3777 -1
676 3893 -1
676 3914 1
676 3915 1
676 3916 1
676 3917 1
676 3918 1
677 3757 -1
677 3894 -1
677 3914 -1
677 3919 1
677 3920 1
677 3921 1
678 3736 -1
678 3758 -1
678 3763 -1
678 3785 -1
678 3895 -1
678 3900 -1
678 3919 -1
678 3922 1
678 3923 1
678 3924 1
678 3925 1
678 3926 1
678 3927 1
678 3928 1
679 3764 -1
679 3901 -1
679 3922 -1
679 3929 1
679 3930 1
679 3931 1
680 3745 -1
680 3765 -1
680 3770 -1
680 3794 -1
680 3902 -1
680 3907 -1
680 3929 -1
680 3932 1
680 3933 1
680 3934 1
680 3935 1
680 3936 1
680 3937 1
680 3938 1
681 3771 -1
681 3908 -1
681 3932 -1
681 3939 1
681 3940 1
681 3941 1
682 3751 -1
682 3772 -1
682 3801 -1
682 3909 -1
682 3939 -1
682 3942 1
682 3943 1
682 3944 1
682 3945 1
683 3759 -1
683 3778 -1
683 3786 -1
683 3807 -1
683 3915 -1
683 3920 -1
683 3923 -1
683 3946 1
683 3947 1
683 3948 1
683 3949 1
683 3950 1
683 3951 1
683 3952 1
684 3766 -1
684 3787 -1
684 3795 -1
684 3814 -1
684 3924 -1
684 3930 -1
684 3933 -1
684 3953 1
684 3954 1
684 3955 1
684 3956 1
684 3957 1
684 3958 1
684 3959 1
685 3773 -1
685 3796 -1
685 3802 -1
685 3821 -1
685 3934 -1
685 3940 -1
685 3942 -1
685 3960 1
685 3961 1
685 3962 1
685 3963 1
685 3964 1
685 3965 1
685 3966 1
686 3779 -1
686 3808 -1
686 3827 -1
686 3946 -1
686 3967 1
686 3968 1
686 3969 1
686 3970 1
686 3971 1
687 3809 -1
687 3947 -1
687 3967 -1
687 3972 1
687 3973 1
687 3974 1
688 3788 -1
688 3810 -1
688 3815 -1
688 3831 -1
688 3948 -1
688 3953 -1
688 3972 -1
688 3975 1
688 3976 1
688 3977 1
688 3978 1
688 3979 1
688 3980 1
688 3981 1
689 3816 -1
689 3954 -1
689 3975 -1
689 3982 1
689 3983 1
689 3984 1
690 3797 -1
690 3817 -1
690 3822 -1
690 3836 -1
690 3955 -1
690 3960 -1
690 3982 -1
690 3985 1
690 3986 1
690 3987 1
690 3988 1
690 3989 1
690 3990 1
690 3991 1
691 3823 -1
691 3961 -1
691 3985 -1
691 3992 1
691 3993 1
691 3994 1
692 3803 -1
692 3824 -1
692 3840 -1
692 3962 -1
692 3992 -1
692 3995 1
692 3996 1
692 3997 1
692 3998 1
693 3811 -1
693 3828 -1
693 3832 -1
693 3968 -1
693 3973 -1
693 3976 -1
693 3999 1
693 4000 1
693 4001 1
694 3818 -1
694 3833 -1
694 3837 -1
694 3977 -1
694 3983 -1
694 3986 -1
694 4002 1
694 4003 1
694 4004 1
695 3825 -1
695 3838 -1
695 3841 -1
695 3987 -1
695 3993 -1
695 3995 -1
695 4005 1
695 4006 1
695 4007 1
696 3679 -1
696 3846 -1
696 3863 -1
696 4008 1
696 4009 1
696 4010 1
697 3687 -1
697 3847 -1
697 3852 -1
697 3872 -1
697 4008 -1
697 4011 1
697 4012 1
697 4013 1
697 4014 1
698 3695 -1
698 3853 -1
698 3858 -1
698 3882 -1
698 4011 -1
698 4015 1
698 4016 1
698 4017 1
698 4018 1
699 3700 -1
699 3859 -1
699 3890 -1
699 4015 -1
699 4019 1
699 4020 1
700 3848 -1
700 3864 -1
700 3868 -1
700 3873 -1
700 3896 -1
700 4009 -1
700 4012 -1
700 4021 1
700 4022 1
701 3854 -1
701 3874 -1
701 3878 -1
701 3883 -1
701 3903 -1
701 4013 -1
701 4016 -1
701 4023 1
701 4024 1
702 3860 -1
702 3884 -1
702 3888 -1
702 3891 -1
702 3910 -1
702 4017 -1
702 4019 -1
702 4025 1
702 4026 1
703 3728 -1
703 3865 -1
703 3897 -1
703 3916 -1
703 4010 -1
703 4021 -1
703 4027 1
703 4028 1
703 4029 1
704 3737 -1
704 3875 -1
704 3898 -1
704 3904 -1
704 3925 -1
704 4014 -1
704 4022 -1
704 4023 -1
704 4027 -1
704 4030 1
704 4031 1
704 4032 1
704 4033 1
705 3746 -1
705 3885 -1
705 3905 -1
705 3911 -1
705 3935 -1
705 4018 -1
705 4024 -1
705 4025 -1
705 4030 -1
705 4034 1
705 4035 1
705 4036 1
705 4037 1
706 3752 -1
706 3892 -1
706 3912 -1
706 3943 -1
706 4020 -1
706 4026 -1
706 4034 -1
706 4038 1
706 4039 1
707 3899 -1
707 3917 -1
707 3921 -1
707 3926 -1
707 3949 -1
707 4028 -1
707 4031 -1
707 4040 1
707 4041 1
708 3906 -1
708 3927 -1
708 3931 -1
708 3936 -1
708 3956 -1
708 4032 -1
708 4035 -1
708 4042 1
708 4043 1
709 3913 -1
709 3937 -1
709 3941 -1
709 3944 -1
709 3963 -1
709 4036 -1
709 4038 -1
709 4044 1
709 4045 1
710 3780 -1
710 3918 -1
710 3950 -1
710 3969 -1
710 4029 -1
710 4040 -1
710 4046 1
710 4047 1
710 4048 1
711 3789 -1
711 3928 -1
711 3951 -1
711 3957 -1
711 3978 -1
711 4033 -1
711 4041 -1
711 4042 -1
711 4046 -1
711 4049 1
711 4050 1
711 4051 1
711 4052 1
712 3798 -1
712 3938 -1
712 3958 -1
712 3964 -1
712 3988 -1
712 4037 -1
712 4043 -1
712 4044 -1
712 4049 -1
712 4053 1
712 4054 1
712 4055 1
712 4056 1
713 3804 -1
713 3945 -1
713 3965 -1
713 3996 -1
713 4039 -1
713 4045 -1
713 4053 -1
713 4057 1
713 4058 1
714 3952 -1
714 3970 -1
714 3974 -1
714 3979 -1
714 3999 -1
714 4047 -1
714 4050 -1
714 4059 1
714 4060 1
715 3959 -1
715 3980 -1
715 3984 -1
715 3989 -1
715 4002 -1
715 4051 -1
715 4054 -1
715 4061 1
715 4062 1
716 3966 -1
716 3990 -1
716 3994 -1
716 3997 -1
716 4005 -1
716 4055 -1
716 4057 -1
716 4063 1
716 4064 1
717 3829 -1
717 3971 -1
717 4000 -1
717 4048 -1
717 4059 -1
717 4065 1
718 3834 -1
718 3981 -1
718 4001 -1
718 4003 -1
718 4052 -1
718 4060 -1
718 4061 -1
718 4065 -1
718 4066 1
719 3839 -1
719 3991 -1
719 4004 -1
719 4006 -1
719 4056 -1
719 4062 -1
719 4063 -1
719 4066 -1
719 4067 1
720 3842 -1
720 3998 -1
720 4007 -1
720 4058 -1
720 4064 -1
720 4067 -1
