88
93
102
110
116
118
119
127
128
130
131
136
163
164
165
166
167
171
172
173
174
175
176
177
178
179
180
181
182
183
184
185
186
187
188
189
190
192
193
196
197
198
200
202
204
205
206
207
209
210
213
214
215
217
219
221
222
225
226
228
230
231
235
236
238
243
256
271
397
398
399
400
401
402
403
404
405
406
407
408
409
410
411
412
413
414
415
416
417
418
419
420
421
422
423
424
425
426
427
428
429
430
431
432
433
434
435
436
437
438
439
440
441
447
448
449
459
460
461
471
472
473
481
542
544
545
553
555
556
558
559
564
565
567
568
585
586
587
588
589
593
594
595
596
597
598
599
600
601
602
606
607
608
609
610
611
612
613
614
615
616
619
620
621
622
623
624
625
626
627
628
629
630
631
632
633
634
635
636
637
638
639
640
641
642
643
644
645
646
647
648
649
650
651
652
653
654
655
656
657
658
659
660
661
662
663
664
665
666
668
670
671
672
673
675
678
679
680
681
682
683
684
685
686
687
688
689
690
691
692
694
696
698
709
711
714
716
723
725
726
729
730
731
740
741
743
744
745
748
754
757
799
803
808
810
811
856
858
859
861
862
864
865
867
870
871
873
874
875
877
878
880
881
882
883
884
885
886
887
888
889
890
891
892
893
894
895
896
897
898
899
900
901
902
903
904
905
906
907
910
911
912
914
915
918
919
920
921
922
923
924
926
929
930
931
933
935
936
939
940
941
942
943
944
945
946
947
948
951
952
955
956
957
958
959
965
966
967
981
982
985
986
987
988
989
990
991
1008
1009
1010
1018
1019
1020
1021
1022
1023
1024
1030
1031
1034
1035
1036
1037
1038
1044
1045
1046
1050
1051
1052
1056
1057
1058
1059
1063
1067
1068
1079
1080
1084
1085
1091
1093
1094
1100
1102
1104
1106
1111
1126
1128
1130
1132
1137
1139
1140
1141
1142
1150
1152
1153
1155
1163
1167
1168
1169
1172
1173
1182
1184
1185
1191
1193
1195
1197
1199
1204
1206
1208
1210
1217
1219
1221
1223
1225
1230
1232
1233
1234
1235
1236
1237
1240
1241
1242
1243
1244
1245
1246
1247
1248
1249
1250
1251
1255
1256
1257
1258
1259
1260
1261
1262
1263
1264
1265
1266
1267
1268
1272
1273
1274
1275
1276
1277
1278
1279
1280
1283
1284
1285
1286
1287
1288
1289
1290
1291
1292
1293
1294
1295
1296
1297
1298
1299
1300
1301
1302
1303
1304
1305
1306
1307
1308
1309
1310
1311
1312
1313
1314
1315
1316
1317
1318
1319
1320
1321
1322
1323
1324
1325
1326
1327
1328
1329
1330
1331
1332
1333
1334
1335
1336
1337
1338
1339
1340
1341
1342
1343
1348
1351
1352
1353
1368
1371
1372
1373
1383
1411
1424
1425
1426
1448
1449
1450
1476
1496
1497
1498
1499
1500
1501
1502
1505
1506
1507
1508
1509
1511
1513
1515
1516
1517
1520
1521
1522
1523
1524
1525
1526
1529
1530
1531
1532
1533
1534
1535
1536
1537
1538
1539
1540
1541
1542
1544
1545
1547
1548
1550
1551
1553
1556
1557
1559
1560
1561
1563
1564
1566
1567
1568
1569
1570
1571
1572
1573
1574
1575
1576
1577
1580
1581
1582
1583
1584
1585
1586
1587
1588
1589
1590
1591
1592
1594
1595
1596
1597
1601
1602
1603
1604
1605
1606
1607
1608
1612
1613
1614
1615
1616
1617
1618
1619
1620
1621
1622
1623
1624
1625
1626
1627
1628
1629
1630
1631
1632
1633
1634
1635
1636
1637
1638
1639
1640
1654
1655
1657
1659
1660
1661
1662
1664
1668
1673
1678
1679
1683
1684
1687
1688
1689
1691
1693
1697
1698
1704
1717
1734
1760
1762
1773
1775
1779
1788
1793
1795
1796
1804
1805
1807
1808
1813
1814
1816
1817
1818
1826
1840
1841
1842
1843
1844
1848
1849
1850
1851
1852
1853
1856
1857
1858
1859
1860
1861
1862
1863
1864
1865
1866
1867
1868
1869
1870
1871
1872
1873
1875
1877
1879
1882
1883
1885
1887
1889
1892
1893
1895
1897
1899
1902
1905
1907
1909
1912
1915
1917
1920
1923
1929
1934
1943
2070
2071
2072
2073
2074
2075
2076
2077
2078
2079
2080
2081
2082
2083
2084
2085
2086
2087
2088
2089
2090
2091
2092
2093
2094
2095
2096
2097
2098
2099
2100
2101
2102
2103
2104
2105
2106
2107
2108
2109
2110
2111
2113
2117
2118
2119
2120
2122
2131
2133
2136
2145
2147
2154
2239
2243
2248
2290
2291
2292
2293
2296
2297
2298
2301
2302
2303
2304
2305
2306
2307
2311
2312
2313
2314
2315
2316
2317
2318
2319
2320
2321
2322
2323
2324
2325
2326
2327
2328
2329
2330
2331
2332
2333
2334
2337
2338
2340
2342
2343
2345
2347
2348
2349
2350
2352
2355
2356
2358
2360
2361
2362
2363
2365
2368
2369
2373
2374
2376
2383
2388
2394
2401
2533
2534
2535
2536
2537
2538
2539
2540
2541
2542
2543
2544
2545
2546
2547
2548
2549
2550
2551
2552
2553
2554
2555
2556
2557
2558
2559
2560
2561
2562
2563
2564
2565
2566
2567
2568
2569
2570
2571
2572
2573
2574
2575
2576
2577
2578
2580
2583
2584
2585
2586
2587
2589
2592
2593
2594
2596
2599
2604
2605
2606
2607
2608
2610
2613
2618
2619
2620
2621
2622
2647
2675
2725
2726
2734
2736
2737
2739
2747
2751
2752
2753
2756
2757
2766
2768
2769
2775
2777
2779
2781
2783
2788
2790
2792
2794
2801
2803
2805
2807
2809
2814
2816
2817
2818
2819
2820
2821
2824
2825
2826
2827
2828
2829
2830
2831
2832
2833
2834
2835
2839
2840
2841
2842
2843
2844
2845
2846
2847
2848
2849
2850
2851
2852
2856
2857
2858
2859
2860
2861
2862
2863
2864
2867
2868
2869
2870
2871
2872
2873
2874
2875
2876
2877
2878
2879
2880
2881
2882
2883
2884
2885
2886
2887
2888
2889
2890
2891
2892
2893
2894
2895
2896
2897
2898
2899
2900
2901
2902
2903
2904
2905
2906
2907
2908
2909
2910
2911
2912
2913
2914
2915
2916
2917
2918
2919
2920
2921
2922
2923
2924
2925
2926
2927
2932
2935
2936
2937
2952
2955
2956
2957
2967
2995
3008
3009
3010
3032
3033
3034
3060
3080
3081
3082
3083
3084
3085
3086
3089
3090
3091
3092
3093
3095
3097
3099
3100
3101
3104
3105
3106
3107
3108
3109
3110
3113
3114
3115
3116
3117
3118
3119
3120
3121
3122
3123
3124
3125
3126
3128
3129
3131
3132
3134
3135
3137
3140
3141
3143
3144
3145
3147
3148
3150
3151
3152
3153
3154
3155
3156
3157
3158
3159
3160
3161
3164
3165
3166
3167
3168
3169
3170
3171
3172
3173
3174
3175
3176
3178
3179
3180
3181
3185
3186
3187
3188
3189
3190
3191
3192
3196
3197
3198
3199
3200
3201
3202
3203
3204
3205
3206
3207
3208
3209
3210
3211
3212
3213
3214
3215
3216
3217
3218
3219
3220
3221
3222
3223
3224
3238
3239
3240
3241
3242
3243
3244
3245
3246
3247
3248
3249
3250
3252
3257
3258
3260
3262
3263
3267
3268
3271
3272
3273
3275
3277
3280
3281
3282
3288
3289
3290
3292
3294
3300
3301
3303
3318
3324
3344
3345
3346
3347
3353
3357
3358
3368
3372
3373
3377
3378
3387
3389
3390
3398
3400
3402
3404
3409
3424
3426
3428
3430
3435
3437
3445
3447
3455
3456
3457
3458
3459
3460
3461
3462
3463
3464
3465
3466
3467
3468
3469
3470
3471
3472
3473
3474
3475
3476
3477
3478
3479
3480
3481
3482
3483
3484
3485
3486
3487
3488
3489
3490
3491
3492
3493
3494
3495
3496
3497
3498
3499
3500
3501
3502
3503
3504
3505
3506
3507
3508
3509
3510
3511
3512
3513
3514
3515
3516
3517
3518
3519
3520
3521
3522
3523
3524
3525
3526
3527
3528
3533
3536
3537
3538
3539
3540
3545
3548
3549
3550
3551
3552
3557
3560
3561
3562
3563
3564
3574
3602
3615
3616
3617
3639
3640
3696
3698
3705
3707
3709
3710
3712
3713
3718
3719
3721
3723
3724
3726
3727
3732
3733
3735
3736
3739
3740
3742
3743
3744
3750
3751
3752
3753
3754
3755
3756
3757
3761
3762
3763
3764
3765
3766
3767
3768
3769
3770
3774
3775
3776
3777
3778
3779
3780
3781
3782
3783
3784
3787
3788
3789
3790
3791
3792
3793
3794
3795
3796
3797
3798
3799
3800
3801
3802
3803
3804
3805
3806
3807
3808
3809
3810
3812
3813
3816
3817
3818
3820
3822
3824
3825
3828
3829
3831
3833
3834
3836
3838
3839
3840
3841
3843
3846
3847
3851
3879
3894
3968
3973
3974
3979
3980
3981
3982
3983
4021
4022
4023
4024
4025
4026
4027
4028
4029
4030
4031
4032
4033
4034
4035
4036
4037
4038
4039
4040
4041
4042
4043
4044
4045
4046
4047
4048
4049
4050
4051
4052
4053
4054
4055
4056
4057
4058
4060
4062
4064
4065
4066
4070
4076
4077
4088
4089
4098
4211
4213
4217
4220
4223
4224
4225
4226
4227
4228
4229
4230
4231
4232
4233
4234
4235
4236
4237
4238
4239
4240
4241
4242
4243
4244
4245
4246
4247
4248
4249
4250
4251
4252
4253
4254
4255
4256
4257
4258
4259
4260
4261
4262
4266
4268
4269
4271
4273
4274
4275
4276
4278
4282
4284
4286
4287
4288
4289
4291
4295
4299
4314
4329
4405
4410
4419
4425
4436
4440
4441
4442
4443
4444
4448
4451
4493
4494
4495
4496
4497
4498
4499
4500
4501
4502
4503
4504
4505
4506
4507
4508
4509
4510
4511
4512
4513
4514
4515
4516
4517
4518
4519
4520
4521
4522
4523
4525
4527
4529
4533
4534
4539
4540
4541
4543
4546
4547
4548
4550
4558
4560
4561
4573
4574
4576
4676
4677
4679
4681
4683
4684
4685
4688
4689
4690
4691
4692
4693
4694
4697
4698
4699
4700
4701
4702
4703
4704
4705
4706
4707
4708
4709
4710
4712
4713
4715
4716
4718
4719
4721
4724
4725
4727
4728
4729
4731
4732
4734
4735
4736
4737
4738
4739
4740
4741
4742
4743
4744
4745
4748
4749
4750
4751
4752
4753
4754
4755
4756
4757
4758
4759
4760
4762
4763
4764
4765
4769
4770
4771
4772
4773
4774
4775
4776
4780
4781
4782
4783
4784
4785
4786
4787
4788
4789
4790
4791
4792
4793
4794
4795
4796
4797
4798
4799
4800
4801
4802
4803
4804
4805
4806
4807
4808
4822
4823
4824
4825
4826
4827
4828
4829
4830
4831
4832
4833
4834
4836
4841
4842
4844
4846
4847
4851
4852
4855
4856
4857
4859
4861
4864
4865
4866
4872
4873
4874
4876
4878
4884
4885
4887
4902
4908
4928
4929
4930
4931
4937
4941
4942
4952
4956
4957
4961
4962
4971
4973
4974
4982
4984
4986
4988
4993
5008
5010
5012
5014
5019
5021
5029
5031
5039
5040
5041
5042
5043
5044
5045
5046
5047
5048
5049
5050
5051
5052
5053
5054
5055
5056
5057
5058
5059
5060
5061
5062
5063
5064
5065
5066
5067
5068
5069
5070
5071
5072
5073
5074
5075
5076
5077
5078
5079
5080
5081
5082
5083
5084
5085
5086
5087
5088
5089
5090
5091
5092
5093
5094
5095
5096
5097
5098
5099
5100
5101
5102
5103
5104
5105
5106
5107
5108
5109
5110
5111
5112
5117
5120
5121
5122
5123
5124
5129
5132
5133
5134
5135
5136
5141
5144
5145
5146
5147
5148
5158
5186
5196
5199
5200
5201
5202
5203
5220
5223
5224
5225
5226
5227
5237
5265
5271
5272
5273
5277
5278
5279
5280
5282
5284
5285
5289
5290
5291
5293
5294
5295
5296
5297
5300
5301
5302
5303
5305
5306
5307
5308
5310
5311
5312
5317
5319
5320
5323
5324
5325
5327
5337
5338
5339
5340
5341
5342
5344
5346
5349
5350
5351
5353
5363
5365
5367
5368
5370
5373
5374
5375
5376
5378
5379
5380
5381
5382
5384
5385
5388
5389
5390
5391
5393
5394
5395
5396
5398
5399
5400
5402
5403
5404
5407
5408
5410
5411
5413
5416
5417
5418
5419
5420
5421
5426
5429
5430
5431
5432
5433
5434
5435
5436
5437
5438
5439
5440
5441
5442
5443
5444
5445
5446
5447
5451
5452
5453
5454
5455
5456
5457
5458
5459
5460
5461
5462
5463
5464
5465
5466
5468
5469
5470
5471
5475
5476
5477
5478
5479
5480
5481
5482
5483
5484
5485
5489
5490
5491
5492
5493
5494
5495
5496
5497
5498
5499
5500
5501
5502
5505
5506
5508
5510
5511
5513
5515
5516
5517
5518
5520
5536
5537
5541
5556
5579
5583
5613
5616
5625
5630
5639
5653
5654
5655
5656
5657
5658
5659
5662
5663
5664
5679
5680
5681
5682
5683
5687
5688
5689
5690
5691
5692
5693
5694
5695
5696
5697
5698
5699
5700
5701
5702
5703
5704
5705
5706
5707
5708
5709
5710
5711
5712
5713
5714
5715
5716
5717
5718
5719
5720
5721
5722
5723
5724
5725
5726
5727
5728
5729
5730
5731
5732
5733
5734
5735
5736
5737
5738
5739
5740
5741
5742
5743
5745
5751
5752
5753
5757
5760
5761
5762
5764
5767
5772
5773
5774
5775
5776
5778
5786
5788
5789
5848
5851
5891
5892
5893
5894
5895
5896
5899
5900
5901
5902
5903
5904
5905
5906
5907
5908
5909
5910
5914
5915
5916
5917
5918
5919
5920
5921
5922
5923
5924
5925
5926
5927
5931
5932
5933
5934
5935
5936
5937
5938
5939
5940
5941
5942
5943
5944
5945
5946
5948
5950
5951
5952
5953
5955
5958
5959
5961
5963
5964
5965
5966
5968
5971
5972
5974
5976
5977
5978
5979
5981
5984
5986
5991
5995
5997
6000
6006
6014
6023
6034
6161
6162
6163
6164
6165
6166
6167
6168
6169
6170
6171
6172
6173
6174
6175
6176
6177
6178
6179
6180
6181
6182
6184
6186
6188
6189
6190
6193
6194
6196
6198
6200
6201
6202
6206
6209
6210
6211
6213
6221
6223
6224
6237
6246
6336
6337
6338
6339
6340
6341
6342
6343
6344
6345
6346
6347
6348
6349
6351
