# A0
0 1 1
0 6 1
0 11 1
0 61 1
0 66 1
0 67 1
0 146 1
1 0 1
1 2 1
1 6 1
1 7 1
1 12 1
1 61 1
1 62 1
1 67 1
1 68 1
1 69 1
1 147 1
2 1 1
2 3 1
2 7 1
2 8 1
2 13 1
2 62 1
2 63 1
2 69 1
2 70 1
2 71 1
2 148 1
3 2 1
3 4 1
3 8 1
3 9 1
3 14 1
3 63 1
3 64 1
3 71 1
3 72 1
3 73 1
3 149 1
4 3 1
4 5 1
4 9 1
4 10 1
4 15 1
4 64 1
4 65 1
4 73 1
4 74 1
4 75 1
4 150 1
5 4 1
5 10 1
5 16 1
5 65 1
5 75 1
5 76 1
5 151 1
6 0 1
6 1 1
6 11 1
6 12 1
6 67 1
7 1 1
7 2 1
7 12 1
7 13 1
7 69 1
8 2 1
8 3 1
8 13 1
8 14 1
8 71 1
9 3 1
9 4 1
9 14 1
9 15 1
9 73 1
10 4 1
10 5 1
10 15 1
10 16 1
10 75 1
11 0 1
11 6 1
11 12 1
11 17 1
11 22 1
11 66 1
11 67 1
11 77 1
11 82 1
11 83 1
11 157 1
12 1 1
12 6 1
12 7 1
12 11 1
12 13 1
12 17 1
12 18 1
12 23 1
12 67 1
12 68 1
12 69 1
12 77 1
12 78 1
12 83 1
12 84 1
12 85 1
12 158 1
13 2 1
13 7 1
13 8 1
13 12 1
13 14 1
13 18 1
13 19 1
13 24 1
13 69 1
13 70 1
13 71 1
13 78 1
13 79 1
13 85 1
13 86 1
13 87 1
13 159 1
14 3 1
14 8 1
14 9 1
14 13 1
14 15 1
14 19 1
14 20 1
14 25 1
14 71 1
14 72 1
14 73 1
14 79 1
14 80 1
14 87 1
14 88 1
14 89 1
14 160 1
15 4 1
15 9 1
15 10 1
15 14 1
15 16 1
15 20 1
15 21 1
15 26 1
15 73 1
15 74 1
15 75 1
15 80 1
15 81 1
15 89 1
15 90 1
15 91 1
15 161 1
16 5 1
16 10 1
16 15 1
16 21 1
16 27 1
16 75 1
16 76 1
16 81 1
16 91 1
16 92 1
16 162 1
17 11 1
17 12 1
17 22 1
17 23 1
17 83 1
18 12 1
18 13 1
18 23 1
18 24 1
18 85 1
19 13 1
19 14 1
19 24 1
19 25 1
19 87 1
20 14 1
20 15 1
20 25 1
20 26 1
20 89 1
21 15 1
21 16 1
21 26 1
21 27 1
21 91 1
22 11 1
22 17 1
22 23 1
22 28 1
22 33 1
22 82 1
22 83 1
22 93 1
22 98 1
22 99 1
22 168 1
23 12 1
23 17 1
23 18 1
23 22 1
23 24 1
23 28 1
23 29 1
23 34 1
23 83 1
23 84 1
23 85 1
23 93 1
23 94 1
23 99 1
23 100 1
23 101 1
23 169 1
24 13 1
24 18 1
24 19 1
24 23 1
24 25 1
24 29 1
24 30 1
24 35 1
24 85 1
24 86 1
24 87 1
24 94 1
24 95 1
24 101 1
24 102 1
24 103 1
24 170 1
25 14 1
25 19 1
25 20 1
25 24 1
25 26 1
25 30 1
25 31 1
25 36 1
25 87 1
25 88 1
25 89 1
25 95 1
25 96 1
25 103 1
25 104 1
25 105 1
25 171 1
26 15 1
26 20 1
26 21 1
26 25 1
26 27 1
26 31 1
26 32 1
26 37 1
26 89 1
26 90 1
26 91 1
26 96 1
26 97 1
26 105 1
26 106 1
26 107 1
26 172 1
27 16 1
27 21 1
27 26 1
27 32 1
27 38 1
27 91 1
27 92 1
27 97 1
27 107 1
27 108 1
27 173 1
28 22 1
28 23 1
28 33 1
28 34 1
28 99 1
29 23 1
29 24 1
29 34 1
29 35 1
29 101 1
30 24 1
30 25 1
30 35 1
30 36 1
30 103 1
31 25 1
31 26 1
31 36 1
31 37 1
31 105 1
32 26 1
32 27 1
32 37 1
32 38 1
32 107 1
33 22 1
33 28 1
33 34 1
33 39 1
33 44 1
33 98 1
33 99 1
33 109 1
33 114 1
33 115 1
33 179 1
34 23 1
34 28 1
34 29 1
34 33 1
34 35 1
34 39 1
34 40 1
34 45 1
34 99 1
34 100 1
34 101 1
34 109 1
34 110 1
34 115 1
34 116 1
34 117 1
34 180 1
35 24 1
35 29 1
35 30 1
35 34 1
35 36 1
35 40 1
35 41 1
35 46 1
35 101 1
35 102 1
35 103 1
35 110 1
35 111 1
35 117 1
35 118 1
35 119 1
35 181 1
36 25 1
36 30 1
36 31 1
36 35 1
36 37 1
36 41 1
36 42 1
36 47 1
36 103 1
36 104 1
36 105 1
36 111 1
36 112 1
36 119 1
36 120 1
36 121 1
36 182 1
37 26 1
37 31 1
37 32 1
37 36 1
37 38 1
37 42 1
37 43 1
37 48 1
37 105 1
37 106 1
37 107 1
37 112 1
37 113 1
37 121 1
37 122 1
37 123 1
37 183 1
38 27 1
38 32 1
38 37 1
38 43 1
38 49 1
38 107 1
38 108 1
38 113 1
38 123 1
38 124 1
38 184 1
39 33 1
39 34 1
39 44 1
39 45 1
39 115 1
40 34 1
40 35 1
40 45 1
40 46 1
40 117 1
41 35 1
41 36 1
41 46 1
41 47 1
41 119 1
42 36 1
42 37 1
42 47 1
42 48 1
42 121 1
43 37 1
43 38 1
43 48 1
43 49 1
43 123 1
44 33 1
44 39 1
44 45 1
44 50 1
44 55 1
44 114 1
44 115 1
44 125 1
44 130 1
44 131 1
44 190 1
45 34 1
45 39 1
45 40 1
45 44 1
45 46 1
45 50 1
45 51 1
45 56 1
45 115 1
45 116 1
45 117 1
45 125 1
45 126 1
45 131 1
45 132 1
45 133 1
45 191 1
46 35 1
46 40 1
46 41 1
46 45 1
46 47 1
46 51 1
46 52 1
46 57 1
46 117 1
46 118 1
46 119 1
46 126 1
46 127 1
46 133 1
46 134 1
46 135 1
46 192 1
47 36 1
47 41 1
47 42 1
47 46 1
47 48 1
47 52 1
47 53 1
47 58 1
47 119 1
47 120 1
47 121 1
47 127 1
47 128 1
47 135 1
47 136 1
47 137 1
47 193 1
48 37 1
48 42 1
48 43 1
48 47 1
48 49 1
48 53 1
48 54 1
48 59 1
48 121 1
48 122 1
48 123 1
48 128 1
48 129 1
48 137 1
48 138 1
48 139 1
48 194 1
49 38 1
49 43 1
49 48 1
49 54 1
49 60 1
49 123 1
49 124 1
49 129 1
49 139 1
49 140 1
49 195 1
50 44 1
50 45 1
50 55 1
50 56 1
50 131 1
51 45 1
51 46 1
51 56 1
51 57 1
51 133 1
52 46 1
52 47 1
52 57 1
52 58 1
52 135 1
53 47 1
53 48 1
53 58 1
53 59 1
53 137 1
54 48 1
54 49 1
54 59 1
54 60 1
54 139 1
55 44 1
55 50 1
55 56 1
55 130 1
55 131 1
55 141 1
55 201 1
56 45 1
56 50 1
56 51 1
56 55 1
56 57 1
56 131 1
56 132 1
56 133 1
56 141 1
56 142 1
56 202 1
57 46 1
57 51 1
57 52 1
57 56 1
57 58 1
57 133 1
57 134 1
57 135 1
57 142 1
57 143 1
57 203 1
58 47 1
58 52 1
58 53 1
58 57 1
58 59 1
58 135 1
58 136 1
58 137 1
58 143 1
58 144 1
58 204 1
59 48 1
59 53 1
59 54 1
59 58 1
59 60 1
59 137 1
59 138 1
59 139 1
59 144 1
59 145 1
59 205 1
60 49 1
60 54 1
60 59 1
60 139 1
60 140 1
60 145 1
60 206 1
61 0 1
61 1 1
61 67 1
61 146 1
61 147 1
62 1 1
62 2 1
62 69 1
62 147 1
62 148 1
63 2 1
63 3 1
63 71 1
63 148 1
63 149 1
64 3 1
64 4 1
64 73 1
64 149 1
64 150 1
65 4 1
65 5 1
65 75 1
65 150 1
65 151 1
66 0 1
66 11 1
66 67 1
66 146 1
66 157 1
67 0 1
67 1 1
67 6 1
67 11 1
67 12 1
67 61 1
67 66 1
67 68 1
67 77 1
67 146 1
67 147 1
67 152 1
67 157 1
67 158 1
68 1 1
68 12 1
68 67 1
68 69 1
68 147 1
68 158 1
69 1 1
69 2 1
69 7 1
69 12 1
69 13 1
69 62 1
69 68 1
69 70 1
69 78 1
69 147 1
69 148 1
69 153 1
69 158 1
69 159 1
70 2 1
70 13 1
70 69 1
70 71 1
70 148 1
70 159 1
71 2 1
71 3 1
71 8 1
71 13 1
71 14 1
71 63 1
71 70 1
71 72 1
71 79 1
71 148 1
71 149 1
71 154 1
71 159 1
71 160 1
72 3 1
72 14 1
72 71 1
72 73 1
72 149 1
72 160 1
73 3 1
73 4 1
73 9 1
73 14 1
73 15 1
73 64 1
73 72 1
73 74 1
73 80 1
73 149 1
73 150 1
73 155 1
73 160 1
73 161 1
74 4 1
74 15 1
74 73 1
74 75 1
74 150 1
74 161 1
75 4 1
75 5 1
75 10 1
75 15 1
75 16 1
75 65 1
75 74 1
75 76 1
75 81 1
75 150 1
75 151 1
75 156 1
75 161 1
75 162 1
76 5 1
76 16 1
76 75 1
76 151 1
76 162 1
77 11 1
77 12 1
77 67 1
77 83 1
77 157 1
77 158 1
78 12 1
78 13 1
78 69 1
78 85 1
78 158 1
78 159 1
79 13 1
79 14 1
79 71 1
79 87 1
79 159 1
79 160 1
80 14 1
80 15 1
80 73 1
80 89 1
80 160 1
80 161 1
81 15 1
81 16 1
81 75 1
81 91 1
81 161 1
81 162 1
82 11 1
82 22 1
82 83 1
82 157 1
82 168 1
83 11 1
83 12 1
83 17 1
83 22 1
83 23 1
83 77 1
83 82 1
83 84 1
83 93 1
83 157 1
83 158 1
83 163 1
83 168 1
83 169 1
84 12 1
84 23 1
84 83 1
84 85 1
84 158 1
84 169 1
85 12 1
85 13 1
85 18 1
85 23 1
85 24 1
85 78 1
85 84 1
85 86 1
85 94 1
85 158 1
85 159 1
85 164 1
85 169 1
85 170 1
86 13 1
86 24 1
86 85 1
86 87 1
86 159 1
86 170 1
87 13 1
87 14 1
87 19 1
87 24 1
87 25 1
87 79 1
87 86 1
87 88 1
87 95 1
87 159 1
87 160 1
87 165 1
87 170 1
87 171 1
88 14 1
88 25 1
88 87 1
88 89 1
88 160 1
88 171 1
89 14 1
89 15 1
89 20 1
89 25 1
89 26 1
89 80 1
89 88 1
89 90 1
89 96 1
89 160 1
89 161 1
89 166 1
89 171 1
89 172 1
90 15 1
90 26 1
90 89 1
90 91 1
90 161 1
90 172 1
91 15 1
91 16 1
91 21 1
91 26 1
91 27 1
91 81 1
91 90 1
91 92 1
91 97 1
91 161 1
91 162 1
91 167 1
91 172 1
91 173 1
92 16 1
92 27 1
92 91 1
92 162 1
92 173 1
93 22 1
93 23 1
93 83 1
93 99 1
93 168 1
93 169 1
94 23 1
94 24 1
94 85 1
94 101 1
94 169 1
94 170 1
95 24 1
95 25 1
95 87 1
95 103 1
95 170 1
95 171 1
96 25 1
96 26 1
96 89 1
96 105 1
96 171 1
96 172 1
97 26 1
97 27 1
97 91 1
97 107 1
97 172 1
97 173 1
98 22 1
98 33 1
98 99 1
98 168 1
98 179 1
99 22 1
99 23 1
99 28 1
99 33 1
99 34 1
99 93 1
99 98 1
99 100 1
99 109 1
99 168 1
99 169 1
99 174 1
99 179 1
99 180 1
100 23 1
100 34 1
100 99 1
100 101 1
100 169 1
100 180 1
101 23 1
101 24 1
101 29 1
101 34 1
101 35 1
101 94 1
101 100 1
101 102 1
101 110 1
101 169 1
101 170 1
101 175 1
101 180 1
101 181 1
102 24 1
102 35 1
102 101 1
102 103 1
102 170 1
102 181 1
103 24 1
103 25 1
103 30 1
103 35 1
103 36 1
103 95 1
103 102 1
103 104 1
103 111 1
103 170 1
103 171 1
103 176 1
103 181 1
103 182 1
104 25 1
104 36 1
104 103 1
104 105 1
104 171 1
104 182 1
105 25 1
105 26 1
105 31 1
105 36 1
105 37 1
105 96 1
105 104 1
105 106 1
105 112 1
105 171 1
105 172 1
105 177 1
105 182 1
105 183 1
106 26 1
106 37 1
106 105 1
106 107 1
106 172 1
106 183 1
107 26 1
107 27 1
107 32 1
107 37 1
107 38 1
107 97 1
107 106 1
107 108 1
107 113 1
107 172 1
107 173 1
107 178 1
107 183 1
107 184 1
108 27 1
108 38 1
108 107 1
108 173 1
108 184 1
109 33 1
109 34 1
109 99 1
109 115 1
109 179 1
109 180 1
110 34 1
110 35 1
110 101 1
110 117 1
110 180 1
110 181 1
111 35 1
111 36 1
111 103 1
111 119 1
111 181 1
111 182 1
112 36 1
112 37 1
112 105 1
112 121 1
112 182 1
112 183 1
113 37 1
113 38 1
113 107 1
113 123 1
113 183 1
113 184 1
114 33 1
114 44 1
114 115 1
114 179 1
114 190 1
115 33 1
115 34 1
115 39 1
115 44 1
115 45 1
115 109 1
115 114 1
115 116 1
115 125 1
115 179 1
115 180 1
115 185 1
115 190 1
115 191 1
116 34 1
116 45 1
116 115 1
116 117 1
116 180 1
116 191 1
117 34 1
117 35 1
117 40 1
117 45 1
117 46 1
117 110 1
117 116 1
117 118 1
117 126 1
117 180 1
117 181 1
117 186 1
117 191 1
117 192 1
118 35 1
118 46 1
118 117 1
118 119 1
118 181 1
118 192 1
119 35 1
119 36 1
119 41 1
119 46 1
119 47 1
119 111 1
119 118 1
119 120 1
119 127 1
119 181 1
119 182 1
119 187 1
119 192 1
119 193 1
120 36 1
120 47 1
120 119 1
120 121 1
120 182 1
120 193 1
121 36 1
121 37 1
121 42 1
121 47 1
121 48 1
121 112 1
121 120 1
121 122 1
121 128 1
121 182 1
121 183 1
121 188 1
121 193 1
121 194 1
122 37 1
122 48 1
122 121 1
122 123 1
122 183 1
122 194 1
123 37 1
123 38 1
123 43 1
123 48 1
123 49 1
123 113 1
123 122 1
123 124 1
123 129 1
123 183 1
123 184 1
123 189 1
123 194 1
123 195 1
124 38 1
124 49 1
124 123 1
124 184 1
124 195 1
125 44 1
125 45 1
125 115 1
125 131 1
125 190 1
125 191 1
126 45 1
126 46 1
126 117 1
126 133 1
126 191 1
126 192 1
127 46 1
127 47 1
127 119 1
127 135 1
127 192 1
127 193 1
128 47 1
128 48 1
128 121 1
128 137 1
128 193 1
128 194 1
129 48 1
129 49 1
129 123 1
129 139 1
129 194 1
129 195 1
130 44 1
130 55 1
130 131 1
130 190 1
130 201 1
131 44 1
131 45 1
131 50 1
131 55 1
131 56 1
131 125 1
131 130 1
131 132 1
131 141 1
131 190 1
131 191 1
131 196 1
131 201 1
131 202 1
132 45 1
132 56 1
132 131 1
132 133 1
132 191 1
132 202 1
133 45 1
133 46 1
133 51 1
133 56 1
133 57 1
133 126 1
133 132 1
133 134 1
133 142 1
133 191 1
133 192 1
133 197 1
133 202 1
133 203 1
134 46 1
134 57 1
134 133 1
134 135 1
134 192 1
134 203 1
135 46 1
135 47 1
135 52 1
135 57 1
135 58 1
135 127 1
135 134 1
135 136 1
135 143 1
135 192 1
135 193 1
135 198 1
135 203 1
135 204 1
136 47 1
136 58 1
136 135 1
136 137 1
136 193 1
136 204 1
137 47 1
137 48 1
137 53 1
137 58 1
137 59 1
137 128 1
137 136 1
137 138 1
137 144 1
137 193 1
137 194 1
137 199 1
137 204 1
137 205 1
138 48 1
138 59 1
138 137 1
138 139 1
138 194 1
138 205 1
139 48 1
139 49 1
139 54 1
139 59 1
139 60 1
139 129 1
139 138 1
139 140 1
139 145 1
139 194 1
139 195 1
139 200 1
139 205 1
139 206 1
140 49 1
140 60 1
140 139 1
140 195 1
140 206 1
141 55 1
141 56 1
141 131 1
141 201 1
141 202 1
142 56 1
142 57 1
142 133 1
142 202 1
142 203 1
143 57 1
143 58 1
143 135 1
143 203 1
143 204 1
144 58 1
144 59 1
144 137 1
144 204 1
144 205 1
145 59 1
145 60 1
145 139 1
145 205 1
145 206 1
146 0 1
146 61 1
146 66 1
146 67 1
146 147 1
146 152 1
146 157 1
146 207 1
146 212 1
146 213 1
146 292 1
147 1 1
147 61 1
147 62 1
147 67 1
147 68 1
147 69 1
147 146 1
147 148 1
147 152 1
147 153 1
147 158 1
147 207 1
147 208 1
147 213 1
147 214 1
147 215 1
147 293 1
148 2 1
148 62 1
148 63 1
148 69 1
148 70 1
148 71 1
148 147 1
148 149 1
148 153 1
148 154 1
148 159 1
148 208 1
148 209 1
148 215 1
148 216 1
148 217 1
148 294 1
149 3 1
149 63 1
149 64 1
149 71 1
149 72 1
149 73 1
149 148 1
149 150 1
149 154 1
149 155 1
149 160 1
149 209 1
149 210 1
149 217 1
149 218 1
149 219 1
149 295 1
150 4 1
150 64 1
150 65 1
150 73 1
150 74 1
150 75 1
150 149 1
150 151 1
150 155 1
150 156 1
150 161 1
150 210 1
150 211 1
150 219 1
150 220 1
150 221 1
150 296 1
151 5 1
151 65 1
151 75 1
151 76 1
151 150 1
151 156 1
151 162 1
151 211 1
151 221 1
151 222 1
151 297 1
152 67 1
152 146 1
152 147 1
152 157 1
152 158 1
152 213 1
153 69 1
153 147 1
153 148 1
153 158 1
153 159 1
153 215 1
154 71 1
154 148 1
154 149 1
154 159 1
154 160 1
154 217 1
155 73 1
155 149 1
155 150 1
155 160 1
155 161 1
155 219 1
156 75 1
156 150 1
156 151 1
156 161 1
156 162 1
156 221 1
157 11 1
157 66 1
157 67 1
157 77 1
157 82 1
157 83 1
157 146 1
157 152 1
157 158 1
157 163 1
157 168 1
157 212 1
157 213 1
157 223 1
157 228 1
157 229 1
157 303 1
158 12 1
158 67 1
158 68 1
158 69 1
158 77 1
158 78 1
158 83 1
158 84 1
158 85 1
158 147 1
158 152 1
158 153 1
158 157 1
158 159 1
158 163 1
158 164 1
158 169 1
158 213 1
158 214 1
158 215 1
158 223 1
158 224 1
158 229 1
158 230 1
158 231 1
158 304 1
159 13 1
159 69 1
159 70 1
159 71 1
159 78 1
159 79 1
159 85 1
159 86 1
159 87 1
159 148 1
159 153 1
159 154 1
159 158 1
159 160 1
159 164 1
159 165 1
159 170 1
159 215 1
159 216 1
159 217 1
159 224 1
159 225 1
159 231 1
159 232 1
159 233 1
159 305 1
160 14 1
160 71 1
160 72 1
160 73 1
160 79 1
160 80 1
160 87 1
160 88 1
160 89 1
160 149 1
160 154 1
160 155 1
160 159 1
160 161 1
160 165 1
160 166 1
160 171 1
160 217 1
160 218 1
160 219 1
160 225 1
160 226 1
160 233 1
160 234 1
160 235 1
160 306 1
161 15 1
161 73 1
161 74 1
161 75 1
161 80 1
161 81 1
161 89 1
161 90 1
161 91 1
161 150 1
161 155 1
161 156 1
161 160 1
161 162 1
161 166 1
161 167 1
161 172 1
161 219 1
161 220 1
161 221 1
161 226 1
161 227 1
161 235 1
161 236 1
161 237 1
161 307 1
162 16 1
162 75 1
162 76 1
162 81 1
162 91 1
162 92 1
162 151 1
162 156 1
162 161 1
162 167 1
162 173 1
162 221 1
162 222 1
162 227 1
162 237 1
162 238 1
162 308 1
163 83 1
163 157 1
163 158 1
163 168 1
163 169 1
163 229 1
164 85 1
164 158 1
164 159 1
164 169 1
164 170 1
164 231 1
165 87 1
165 159 1
165 160 1
165 170 1
165 171 1
165 233 1
166 89 1
166 160 1
166 161 1
166 171 1
166 172 1
166 235 1
167 91 1
167 161 1
167 162 1
167 172 1
167 173 1
167 237 1
168 22 1
168 82 1
168 83 1
168 93 1
168 98 1
168 99 1
168 157 1
168 163 1
168 169 1
168 174 1
168 179 1
168 228 1
168 229 1
168 239 1
168 244 1
168 245 1
168 314 1
169 23 1
169 83 1
169 84 1
169 85 1
169 93 1
169 94 1
169 99 1
169 100 1
169 101 1
169 158 1
169 163 1
169 164 1
169 168 1
169 170 1
169 174 1
169 175 1
169 180 1
169 229 1
169 230 1
169 231 1
169 239 1
169 240 1
169 245 1
169 246 1
169 247 1
169 315 1
170 24 1
170 85 1
170 86 1
170 87 1
170 94 1
170 95 1
170 101 1
170 102 1
170 103 1
170 159 1
170 164 1
170 165 1
170 169 1
170 171 1
170 175 1
170 176 1
170 181 1
170 231 1
170 232 1
170 233 1
170 240 1
170 241 1
170 247 1
170 248 1
170 249 1
170 316 1
171 25 1
171 87 1
171 88 1
171 89 1
171 95 1
171 96 1
171 103 1
171 104 1
171 105 1
171 160 1
171 165 1
171 166 1
171 170 1
171 172 1
171 176 1
171 177 1
171 182 1
171 233 1
171 234 1
171 235 1
171 241 1
171 242 1
171 249 1
171 250 1
171 251 1
171 317 1
172 26 1
172 89 1
172 90 1
172 91 1
172 96 1
172 97 1
172 105 1
172 106 1
172 107 1
172 161 1
172 166 1
172 167 1
172 171 1
172 173 1
172 177 1
172 178 1
172 183 1
172 235 1
172 236 1
172 237 1
172 242 1
172 243 1
172 251 1
172 252 1
172 253 1
172 318 1
173 27 1
173 91 1
173 92 1
173 97 1
173 107 1
173 108 1
173 162 1
173 167 1
173 172 1
173 178 1
173 184 1
173 237 1
173 238 1
173 243 1
173 253 1
173 254 1
173 319 1
174 99 1
174 168 1
174 169 1
174 179 1
174 180 1
174 245 1
175 101 1
175 169 1
175 170 1
175 180 1
175 181 1
175 247 1
176 103 1
176 170 1
176 171 1
176 181 1
176 182 1
176 249 1
177 105 1
177 171 1
177 172 1
177 182 1
177 183 1
177 251 1
178 107 1
178 172 1
178 173 1
178 183 1
178 184 1
178 253 1
179 33 1
179 98 1
179 99 1
179 109 1
179 114 1
179 115 1
179 168 1
179 174 1
179 180 1
179 185 1
179 190 1
179 244 1
179 245 1
179 255 1
179 260 1
179 261 1
179 325 1
180 34 1
180 99 1
180 100 1
180 101 1
180 109 1
180 110 1
180 115 1
180 116 1
180 117 1
180 169 1
180 174 1
180 175 1
180 179 1
180 181 1
180 185 1
180 186 1
180 191 1
180 245 1
180 246 1
180 247 1
180 255 1
180 256 1
180 261 1
180 262 1
180 263 1
180 326 1
181 35 1
181 101 1
181 102 1
181 103 1
181 110 1
181 111 1
181 117 1
181 118 1
181 119 1
181 170 1
181 175 1
181 176 1
181 180 1
181 182 1
181 186 1
181 187 1
181 192 1
181 247 1
181 248 1
181 249 1
181 256 1
181 257 1
181 263 1
181 264 1
181 265 1
181 327 1
182 36 1
182 103 1
182 104 1
182 105 1
182 111 1
182 112 1
182 119 1
182 120 1
182 121 1
182 171 1
182 176 1
182 177 1
182 181 1
182 183 1
182 187 1
182 188 1
182 193 1
182 249 1
182 250 1
182 251 1
182 257 1
182 258 1
182 265 1
182 266 1
182 267 1
182 328 1
183 37 1
183 105 1
183 106 1
183 107 1
183 112 1
183 113 1
183 121 1
183 122 1
183 123 1
183 172 1
183 177 1
183 178 1
183 182 1
183 184 1
183 188 1
183 189 1
183 194 1
183 251 1
183 252 1
183 253 1
183 258 1
183 259 1
183 267 1
183 268 1
183 269 1
183 329 1
184 38 1
184 107 1
184 108 1
184 113 1
184 123 1
184 124 1
184 173 1
184 178 1
184 183 1
184 189 1
184 195 1
184 253 1
184 254 1
184 259 1
184 269 1
184 270 1
184 330 1
185 115 1
185 179 1
185 180 1
185 190 1
185 191 1
185 261 1
186 117 1
186 180 1
186 181 1
186 191 1
186 192 1
186 263 1
187 119 1
187 181 1
187 182 1
187 192 1
187 193 1
187 265 1
188 121 1
188 182 1
188 183 1
188 193 1
188 194 1
188 267 1
189 123 1
189 183 1
189 184 1
189 194 1
189 195 1
189 269 1
190 44 1
190 114 1
190 115 1
190 125 1
190 130 1
190 131 1
190 179 1
190 185 1
190 191 1
190 196 1
190 201 1
190 260 1
190 261 1
190 271 1
190 276 1
190 277 1
190 336 1
191 45 1
191 115 1
191 116 1
191 117 1
191 125 1
191 126 1
191 131 1
191 132 1
191 133 1
191 180 1
191 185 1
191 186 1
191 190 1
191 192 1
191 196 1
191 197 1
191 202 1
191 261 1
191 262 1
191 263 1
191 271 1
191 272 1
191 277 1
191 278 1
191 279 1
191 337 1
192 46 1
192 117 1
192 118 1
192 119 1
192 126 1
192 127 1
192 133 1
192 134 1
192 135 1
192 181 1
192 186 1
192 187 1
192 191 1
192 193 1
192 197 1
192 198 1
192 203 1
192 263 1
192 264 1
192 265 1
192 272 1
192 273 1
192 279 1
192 280 1
192 281 1
192 338 1
193 47 1
193 119 1
193 120 1
193 121 1
193 127 1
193 128 1
193 135 1
193 136 1
193 137 1
193 182 1
193 187 1
193 188 1
193 192 1
193 194 1
193 198 1
193 199 1
193 204 1
193 265 1
193 266 1
193 267 1
193 273 1
193 274 1
193 281 1
193 282 1
193 283 1
193 339 1
194 48 1
194 121 1
194 122 1
194 123 1
194 128 1
194 129 1
194 137 1
194 138 1
194 139 1
194 183 1
194 188 1
194 189 1
194 193 1
194 195 1
194 199 1
194 200 1
194 205 1
194 267 1
194 268 1
194 269 1
194 274 1
194 275 1
194 283 1
194 284 1
194 285 1
194 340 1
195 49 1
195 123 1
195 124 1
195 129 1
195 139 1
195 140 1
195 184 1
195 189 1
195 194 1
195 200 1
195 206 1
195 269 1
195 270 1
195 275 1
195 285 1
195 286 1
195 341 1
196 131 1
196 190 1
196 191 1
196 201 1
196 202 1
196 277 1
197 133 1
197 191 1
197 192 1
197 202 1
197 203 1
197 279 1
198 135 1
198 192 1
198 193 1
198 203 1
198 204 1
198 281 1
199 137 1
199 193 1
199 194 1
199 204 1
199 205 1
199 283 1
200 139 1
200 194 1
200 195 1
200 205 1
200 206 1
200 285 1
201 55 1
201 130 1
201 131 1
201 141 1
201 190 1
201 196 1
201 202 1
201 276 1
201 277 1
201 287 1
201 347 1
202 56 1
202 131 1
202 132 1
202 133 1
202 141 1
202 142 1
202 191 1
202 196 1
202 197 1
202 201 1
202 203 1
202 277 1
202 278 1
202 279 1
202 287 1
202 288 1
202 348 1
203 57 1
203 133 1
203 134 1
203 135 1
203 142 1
203 143 1
203 192 1
203 197 1
203 198 1
203 202 1
203 204 1
203 279 1
203 280 1
203 281 1
203 288 1
203 289 1
203 349 1
204 58 1
204 135 1
204 136 1
204 137 1
204 143 1
204 144 1
204 193 1
204 198 1
204 199 1
204 203 1
204 205 1
204 281 1
204 282 1
204 283 1
204 289 1
204 290 1
204 350 1
205 59 1
205 137 1
205 138 1
205 139 1
205 144 1
205 145 1
205 194 1
205 199 1
205 200 1
205 204 1
205 206 1
205 283 1
205 284 1
205 285 1
205 290 1
205 291 1
205 351 1
206 60 1
206 139 1
206 140 1
206 145 1
206 195 1
206 200 1
206 205 1
206 285 1
206 286 1
206 291 1
206 352 1
207 146 1
207 147 1
207 213 1
207 292 1
207 293 1
208 147 1
208 148 1
208 215 1
208 293 1
208 294 1
209 148 1
209 149 1
209 217 1
209 294 1
209 295 1
210 149 1
210 150 1
210 219 1
210 295 1
210 296 1
211 150 1
211 151 1
211 221 1
211 296 1
211 297 1
212 146 1
212 157 1
212 213 1
212 292 1
212 303 1
213 146 1
213 147 1
213 152 1
213 157 1
213 158 1
213 207 1
213 212 1
213 214 1
213 223 1
213 292 1
213 293 1
213 298 1
213 303 1
213 304 1
214 147 1
214 158 1
214 213 1
214 215 1
214 293 1
214 304 1
215 147 1
215 148 1
215 153 1
215 158 1
215 159 1
215 208 1
215 214 1
215 216 1
215 224 1
215 293 1
215 294 1
215 299 1
215 304 1
215 305 1
216 148 1
216 159 1
216 215 1
216 217 1
216 294 1
216 305 1
217 148 1
217 149 1
217 154 1
217 159 1
217 160 1
217 209 1
217 216 1
217 218 1
217 225 1
217 294 1
217 295 1
217 300 1
217 305 1
217 306 1
218 149 1
218 160 1
218 217 1
218 219 1
218 295 1
218 306 1
219 149 1
219 150 1
219 155 1
219 160 1
219 161 1
219 210 1
219 218 1
219 220 1
219 226 1
219 295 1
219 296 1
219 301 1
219 306 1
219 307 1
220 150 1
220 161 1
220 219 1
220 221 1
220 296 1
220 307 1
221 150 1
221 151 1
221 156 1
221 161 1
221 162 1
221 211 1
221 220 1
221 222 1
221 227 1
221 296 1
221 297 1
221 302 1
221 307 1
221 308 1
222 151 1
222 162 1
222 221 1
222 297 1
222 308 1
223 157 1
223 158 1
223 213 1
223 229 1
223 303 1
223 304 1
224 158 1
224 159 1
224 215 1
224 231 1
224 304 1
224 305 1
225 159 1
225 160 1
225 217 1
225 233 1
225 305 1
225 306 1
226 160 1
226 161 1
226 219 1
226 235 1
226 306 1
226 307 1
227 161 1
227 162 1
227 221 1
227 237 1
227 307 1
227 308 1
228 157 1
228 168 1
228 229 1
228 303 1
228 314 1
229 157 1
229 158 1
229 163 1
229 168 1
229 169 1
229 223 1
229 228 1
229 230 1
229 239 1
229 303 1
229 304 1
229 309 1
229 314 1
229 315 1
230 158 1
230 169 1
230 229 1
230 231 1
230 304 1
230 315 1
231 158 1
231 159 1
231 164 1
231 169 1
231 170 1
231 224 1
231 230 1
231 232 1
231 240 1
231 304 1
231 305 1
231 310 1
231 315 1
231 316 1
232 159 1
232 170 1
232 231 1
232 233 1
232 305 1
232 316 1
233 159 1
233 160 1
233 165 1
233 170 1
233 171 1
233 225 1
233 232 1
233 234 1
233 241 1
233 305 1
233 306 1
233 311 1
233 316 1
233 317 1
234 160 1
234 171 1
234 233 1
234 235 1
234 306 1
234 317 1
235 160 1
235 161 1
235 166 1
235 171 1
235 172 1
235 226 1
235 234 1
235 236 1
235 242 1
235 306 1
235 307 1
235 312 1
235 317 1
235 318 1
236 161 1
236 172 1
236 235 1
236 237 1
236 307 1
236 318 1
237 161 1
237 162 1
237 167 1
237 172 1
237 173 1
237 227 1
237 236 1
237 238 1
237 243 1
237 307 1
237 308 1
237 313 1
237 318 1
237 319 1
238 162 1
238 173 1
238 237 1
238 308 1
238 319 1
239 168 1
239 169 1
239 229 1
239 245 1
239 314 1
239 315 1
240 169 1
240 170 1
240 231 1
240 247 1
240 315 1
240 316 1
241 170 1
241 171 1
241 233 1
241 249 1
241 316 1
241 317 1
242 171 1
242 172 1
242 235 1
242 251 1
242 317 1
242 318 1
243 172 1
243 173 1
243 237 1
243 253 1
243 318 1
243 319 1
244 168 1
244 179 1
244 245 1
244 314 1
244 325 1
245 168 1
245 169 1
245 174 1
245 179 1
245 180 1
245 239 1
245 244 1
245 246 1
245 255 1
245 314 1
245 315 1
245 320 1
245 325 1
245 326 1
246 169 1
246 180 1
246 245 1
246 247 1
246 315 1
246 326 1
247 169 1
247 170 1
247 175 1
247 180 1
247 181 1
247 240 1
247 246 1
247 248 1
247 256 1
247 315 1
247 316 1
247 321 1
247 326 1
247 327 1
248 170 1
248 181 1
248 247 1
248 249 1
248 316 1
248 327 1
249 170 1
249 171 1
249 176 1
249 181 1
249 182 1
249 241 1
249 248 1
249 250 1
249 257 1
249 316 1
249 317 1
249 322 1
249 327 1
249 328 1
250 171 1
250 182 1
250 249 1
250 251 1
250 317 1
250 328 1
251 171 1
251 172 1
251 177 1
251 182 1
251 183 1
251 242 1
251 250 1
251 252 1
251 258 1
251 317 1
251 318 1
251 323 1
251 328 1
251 329 1
252 172 1
252 183 1
252 251 1
252 253 1
252 318 1
252 329 1
253 172 1
253 173 1
253 178 1
253 183 1
253 184 1
253 243 1
253 252 1
253 254 1
253 259 1
253 318 1
253 319 1
253 324 1
253 329 1
253 330 1
254 173 1
254 184 1
254 253 1
254 319 1
254 330 1
255 179 1
255 180 1
255 245 1
255 261 1
255 325 1
255 326 1
256 180 1
256 181 1
256 247 1
256 263 1
256 326 1
256 327 1
257 181 1
257 182 1
257 249 1
257 265 1
257 327 1
257 328 1
258 182 1
258 183 1
258 251 1
258 267 1
258 328 1
258 329 1
259 183 1
259 184 1
259 253 1
259 269 1
259 329 1
259 330 1
260 179 1
260 190 1
260 261 1
260 325 1
260 336 1
261 179 1
261 180 1
261 185 1
261 190 1
261 191 1
261 255 1
261 260 1
261 262 1
261 271 1
261 325 1
261 326 1
261 331 1
261 336 1
261 337 1
262 180 1
262 191 1
262 261 1
262 263 1
262 326 1
262 337 1
263 180 1
263 181 1
263 186 1
263 191 1
263 192 1
263 256 1
263 262 1
263 264 1
263 272 1
263 326 1
263 327 1
263 332 1
263 337 1
263 338 1
264 181 1
264 192 1
264 263 1
264 265 1
264 327 1
264 338 1
265 181 1
265 182 1
265 187 1
265 192 1
265 193 1
265 257 1
265 264 1
265 266 1
265 273 1
265 327 1
265 328 1
265 333 1
265 338 1
265 339 1
266 182 1
266 193 1
266 265 1
266 267 1
266 328 1
266 339 1
267 182 1
267 183 1
267 188 1
267 193 1
267 194 1
267 258 1
267 266 1
267 268 1
267 274 1
267 328 1
267 329 1
267 334 1
267 339 1
267 340 1
268 183 1
268 194 1
268 267 1
268 269 1
268 329 1
268 340 1
269 183 1
269 184 1
269 189 1
269 194 1
269 195 1
269 259 1
269 268 1
269 270 1
269 275 1
269 329 1
269 330 1
269 335 1
269 340 1
269 341 1
270 184 1
270 195 1
270 269 1
270 330 1
270 341 1
271 190 1
271 191 1
271 261 1
271 277 1
271 336 1
271 337 1
272 191 1
272 192 1
272 263 1
272 279 1
272 337 1
272 338 1
273 192 1
273 193 1
273 265 1
273 281 1
273 338 1
273 339 1
274 193 1
274 194 1
274 267 1
274 283 1
274 339 1
274 340 1
275 194 1
275 195 1
275 269 1
275 285 1
275 340 1
275 341 1
276 190 1
276 201 1
276 277 1
276 336 1
276 347 1
277 190 1
277 191 1
277 196 1
277 201 1
277 202 1
277 271 1
277 276 1
277 278 1
277 287 1
277 336 1
277 337 1
277 342 1
277 347 1
277 348 1
278 191 1
278 202 1
278 277 1
278 279 1
278 337 1
278 348 1
279 191 1
279 192 1
279 197 1
279 202 1
279 203 1
279 272 1
279 278 1
279 280 1
279 288 1
279 337 1
279 338 1
279 343 1
279 348 1
279 349 1
280 192 1
280 203 1
280 279 1
280 281 1
280 338 1
280 349 1
281 192 1
281 193 1
281 198 1
281 203 1
281 204 1
281 273 1
281 280 1
281 282 1
281 289 1
281 338 1
281 339 1
281 344 1
281 349 1
281 350 1
282 193 1
282 204 1
282 281 1
282 283 1
282 339 1
282 350 1
283 193 1
283 194 1
283 199 1
283 204 1
283 205 1
283 274 1
283 282 1
283 284 1
283 290 1
283 339 1
283 340 1
283 345 1
283 350 1
283 351 1
284 194 1
284 205 1
284 283 1
284 285 1
284 340 1
284 351 1
285 194 1
285 195 1
285 200 1
285 205 1
285 206 1
285 275 1
285 284 1
285 286 1
285 291 1
285 340 1
285 341 1
285 346 1
285 351 1
285 352 1
286 195 1
286 206 1
286 285 1
286 341 1
286 352 1
287 201 1
287 202 1
287 277 1
287 347 1
287 348 1
288 202 1
288 203 1
288 279 1
288 348 1
288 349 1
289 203 1
289 204 1
289 281 1
289 349 1
289 350 1
290 204 1
290 205 1
290 283 1
290 350 1
290 351 1
291 205 1
291 206 1
291 285 1
291 351 1
291 352 1
292 146 1
292 207 1
292 212 1
292 213 1
292 293 1
292 298 1
292 303 1
292 353 1
292 358 1
292 359 1
292 438 1
293 147 1
293 207 1
293 208 1
293 213 1
293 214 1
293 215 1
293 292 1
293 294 1
293 298 1
293 299 1
293 304 1
293 353 1
293 354 1
293 359 1
293 360 1
293 361 1
293 439 1
294 148 1
294 208 1
294 209 1
294 215 1
294 216 1
294 217 1
294 293 1
294 295 1
294 299 1
294 300 1
294 305 1
294 354 1
294 355 1
294 361 1
294 362 1
294 363 1
294 440 1
295 149 1
295 209 1
295 210 1
295 217 1
295 218 1
295 219 1
295 294 1
295 296 1
295 300 1
295 301 1
295 306 1
295 355 1
295 356 1
295 363 1
295 364 1
295 365 1
295 441 1
296 150 1
296 210 1
296 211 1
296 219 1
296 220 1
296 221 1
296 295 1
296 297 1
296 301 1
296 302 1
296 307 1
296 356 1
296 357 1
296 365 1
296 366 1
296 367 1
296 442 1
297 151 1
297 211 1
297 221 1
297 222 1
297 296 1
297 302 1
297 308 1
297 357 1
297 367 1
297 368 1
297 443 1
298 213 1
298 292 1
298 293 1
298 303 1
298 304 1
298 359 1
299 215 1
299 293 1
299 294 1
299 304 1
299 305 1
299 361 1
300 217 1
300 294 1
300 295 1
300 305 1
300 306 1
300 363 1
301 219 1
301 295 1
301 296 1
301 306 1
301 307 1
301 365 1
302 221 1
302 296 1
302 297 1
302 307 1
302 308 1
302 367 1
303 157 1
303 212 1
303 213 1
303 223 1
303 228 1
303 229 1
303 292 1
303 298 1
303 304 1
303 309 1
303 314 1
303 358 1
303 359 1
303 369 1
303 374 1
303 375 1
303 449 1
304 158 1
304 213 1
304 214 1
304 215 1
304 223 1
304 224 1
304 229 1
304 230 1
304 231 1
304 293 1
304 298 1
304 299 1
304 303 1
304 305 1
304 309 1
304 310 1
304 315 1
304 359 1
304 360 1
304 361 1
304 369 1
304 370 1
304 375 1
304 376 1
304 377 1
304 450 1
305 159 1
305 215 1
305 216 1
305 217 1
305 224 1
305 225 1
305 231 1
305 232 1
305 233 1
305 294 1
305 299 1
305 300 1
305 304 1
305 306 1
305 310 1
305 311 1
305 316 1
305 361 1
305 362 1
305 363 1
305 370 1
305 371 1
305 377 1
305 378 1
305 379 1
305 451 1
306 160 1
306 217 1
306 218 1
306 219 1
306 225 1
306 226 1
306 233 1
306 234 1
306 235 1
306 295 1
306 300 1
306 301 1
306 305 1
306 307 1
306 311 1
306 312 1
306 317 1
306 363 1
306 364 1
306 365 1
306 371 1
306 372 1
306 379 1
306 380 1
306 381 1
306 452 1
307 161 1
307 219 1
307 220 1
307 221 1
307 226 1
307 227 1
307 235 1
307 236 1
307 237 1
307 296 1
307 301 1
307 302 1
307 306 1
307 308 1
307 312 1
307 313 1
307 318 1
307 365 1
307 366 1
307 367 1
307 372 1
307 373 1
307 381 1
307 382 1
307 383 1
307 453 1
308 162 1
308 221 1
308 222 1
308 227 1
308 237 1
308 238 1
308 297 1
308 302 1
308 307 1
308 313 1
308 319 1
308 367 1
308 368 1
308 373 1
308 383 1
308 384 1
308 454 1
309 229 1
309 303 1
309 304 1
309 314 1
309 315 1
309 375 1
310 231 1
310 304 1
310 305 1
310 315 1
310 316 1
310 377 1
311 233 1
311 305 1
311 306 1
311 316 1
311 317 1
311 379 1
312 235 1
312 306 1
312 307 1
312 317 1
312 318 1
312 381 1
313 237 1
313 307 1
313 308 1
313 318 1
313 319 1
313 383 1
314 168 1
314 228 1
314 229 1
314 239 1
314 244 1
314 245 1
314 303 1
314 309 1
314 315 1
314 320 1
314 325 1
314 374 1
314 375 1
314 385 1
314 390 1
314 391 1
314 460 1
315 169 1
315 229 1
315 230 1
315 231 1
315 239 1
315 240 1
315 245 1
315 246 1
315 247 1
315 304 1
315 309 1
315 310 1
315 314 1
315 316 1
315 320 1
315 321 1
315 326 1
315 375 1
315 376 1
315 377 1
315 385 1
315 386 1
315 391 1
315 392 1
315 393 1
315 461 1
316 170 1
316 231 1
316 232 1
316 233 1
316 240 1
316 241 1
316 247 1
316 248 1
316 249 1
316 305 1
316 310 1
316 311 1
316 315 1
316 317 1
316 321 1
316 322 1
316 327 1
316 377 1
316 378 1
316 379 1
316 386 1
316 387 1
316 393 1
316 394 1
316 395 1
316 462 1
317 171 1
317 233 1
317 234 1
317 235 1
317 241 1
317 242 1
317 249 1
317 250 1
317 251 1
317 306 1
317 311 1
317 312 1
317 316 1
317 318 1
317 322 1
317 323 1
317 328 1
317 379 1
317 380 1
317 381 1
317 387 1
317 388 1
317 395 1
317 396 1
317 397 1
317 463 1
318 172 1
318 235 1
318 236 1
318 237 1
318 242 1
318 243 1
318 251 1
318 252 1
318 253 1
318 307 1
318 312 1
318 313 1
318 317 1
318 319 1
318 323 1
318 324 1
318 329 1
318 381 1
318 382 1
318 383 1
318 388 1
318 389 1
318 397 1
318 398 1
318 399 1
318 464 1
319 173 1
319 237 1
319 238 1
319 243 1
319 253 1
319 254 1
319 308 1
319 313 1
319 318 1
319 324 1
319 330 1
319 383 1
319 384 1
319 389 1
319 399 1
319 400 1
319 465 1
320 245 1
320 314 1
320 315 1
320 325 1
320 326 1
320 391 1
321 247 1
321 315 1
321 316 1
321 326 1
321 327 1
321 393 1
322 249 1
322 316 1
322 317 1
322 327 1
322 328 1
322 395 1
323 251 1
323 317 1
323 318 1
323 328 1
323 329 1
323 397 1
324 253 1
324 318 1
324 319 1
324 329 1
324 330 1
324 399 1
325 179 1
325 244 1
325 245 1
325 255 1
325 260 1
325 261 1
325 314 1
325 320 1
325 326 1
325 331 1
325 336 1
325 390 1
325 391 1
325 401 1
325 406 1
325 407 1
325 471 1
326 180 1
326 245 1
326 246 1
326 247 1
326 255 1
326 256 1
326 261 1
326 262 1
326 263 1
326 315 1
326 320 1
326 321 1
326 325 1
326 327 1
326 331 1
326 332 1
326 337 1
326 391 1
326 392 1
326 393 1
326 401 1
326 402 1
326 407 1
326 408 1
326 409 1
326 472 1
327 181 1
327 247 1
327 248 1
327 249 1
327 256 1
327 257 1
327 263 1
327 264 1
327 265 1
327 316 1
327 321 1
327 322 1
327 326 1
327 328 1
327 332 1
327 333 1
327 338 1
327 393 1
327 394 1
327 395 1
327 402 1
327 403 1
327 409 1
327 410 1
327 411 1
327 473 1
328 182 1
328 249 1
328 250 1
328 251 1
328 257 1
328 258 1
328 265 1
328 266 1
328 267 1
328 317 1
328 322 1
328 323 1
328 327 1
328 329 1
328 333 1
328 334 1
328 339 1
328 395 1
328 396 1
328 397 1
328 403 1
328 404 1
328 411 1
328 412 1
328 413 1
328 474 1
329 183 1
329 251 1
329 252 1
329 253 1
329 258 1
329 259 1
329 267 1
329 268 1
329 269 1
329 318 1
329 323 1
329 324 1
329 328 1
329 330 1
329 334 1
329 335 1
329 340 1
329 397 1
329 398 1
329 399 1
329 404 1
329 405 1
329 413 1
329 414 1
329 415 1
329 475 1
330 184 1
330 253 1
330 254 1
330 259 1
330 269 1
330 270 1
330 319 1
330 324 1
330 329 1
330 335 1
330 341 1
330 399 1
330 400 1
330 405 1
330 415 1
330 416 1
330 476 1
331 261 1
331 325 1
331 326 1
331 336 1
331 337 1
331 407 1
332 263 1
332 326 1
332 327 1
332 337 1
332 338 1
332 409 1
333 265 1
333 327 1
333 328 1
333 338 1
333 339 1
333 411 1
334 267 1
334 328 1
334 329 1
334 339 1
334 340 1
334 413 1
335 269 1
335 329 1
335 330 1
335 340 1
335 341 1
335 415 1
336 190 1
336 260 1
336 261 1
336 271 1
336 276 1
336 277 1
336 325 1
336 331 1
336 337 1
336 342 1
336 347 1
336 406 1
336 407 1
336 417 1
336 422 1
336 423 1
336 482 1
337 191 1
337 261 1
337 262 1
337 263 1
337 271 1
337 272 1
337 277 1
337 278 1
337 279 1
337 326 1
337 331 1
337 332 1
337 336 1
337 338 1
337 342 1
337 343 1
337 348 1
337 407 1
337 408 1
337 409 1
337 417 1
337 418 1
337 423 1
337 424 1
337 425 1
337 483 1
338 192 1
338 263 1
338 264 1
338 265 1
338 272 1
338 273 1
338 279 1
338 280 1
338 281 1
338 327 1
338 332 1
338 333 1
338 337 1
338 339 1
338 343 1
338 344 1
338 349 1
338 409 1
338 410 1
338 411 1
338 418 1
338 419 1
338 425 1
338 426 1
338 427 1
338 484 1
339 193 1
339 265 1
339 266 1
339 267 1
339 273 1
339 274 1
339 281 1
339 282 1
339 283 1
339 328 1
339 333 1
339 334 1
339 338 1
339 340 1
339 344 1
339 345 1
339 350 1
339 411 1
339 412 1
339 413 1
339 419 1
339 420 1
339 427 1
339 428 1
339 429 1
339 485 1
340 194 1
340 267 1
340 268 1
340 269 1
340 274 1
340 275 1
340 283 1
340 284 1
340 285 1
340 329 1
340 334 1
340 335 1
340 339 1
340 341 1
340 345 1
340 346 1
340 351 1
340 413 1
340 414 1
340 415 1
340 420 1
340 421 1
340 429 1
340 430 1
340 431 1
340 486 1
341 195 1
341 269 1
341 270 1
341 275 1
341 285 1
341 286 1
341 330 1
341 335 1
341 340 1
341 346 1
341 352 1
341 415 1
341 416 1
341 421 1
341 431 1
341 432 1
341 487 1
342 277 1
342 336 1
342 337 1
342 347 1
342 348 1
342 423 1
343 279 1
343 337 1
343 338 1
343 348 1
343 349 1
343 425 1
344 281 1
344 338 1
344 339 1
344 349 1
344 350 1
344 427 1
345 283 1
345 339 1
345 340 1
345 350 1
345 351 1
345 429 1
346 285 1
346 340 1
346 341 1
346 351 1
346 352 1
346 431 1
347 201 1
347 276 1
347 277 1
347 287 1
347 336 1
347 342 1
347 348 1
347 422 1
347 423 1
347 433 1
347 493 1
348 202 1
348 277 1
348 278 1
348 279 1
348 287 1
348 288 1
348 337 1
348 342 1
348 343 1
348 347 1
348 349 1
348 423 1
348 424 1
348 425 1
348 433 1
348 434 1
348 494 1
349 203 1
349 279 1
349 280 1
349 281 1
349 288 1
349 289 1
349 338 1
349 343 1
349 344 1
349 348 1
349 350 1
349 425 1
349 426 1
349 427 1
349 434 1
349 435 1
349 495 1
350 204 1
350 281 1
350 282 1
350 283 1
350 289 1
350 290 1
350 339 1
350 344 1
350 345 1
350 349 1
350 351 1
350 427 1
350 428 1
350 429 1
350 435 1
350 436 1
350 496 1
351 205 1
351 283 1
351 284 1
351 285 1
351 290 1
351 291 1
351 340 1
351 345 1
351 346 1
351 350 1
351 352 1
351 429 1
351 430 1
351 431 1
351 436 1
351 437 1
351 497 1
352 206 1
352 285 1
352 286 1
352 291 1
352 341 1
352 346 1
352 351 1
352 431 1
352 432 1
352 437 1
352 498 1
353 292 1
353 293 1
353 359 1
353 438 1
353 439 1
354 293 1
354 294 1
354 361 1
354 439 1
354 440 1
355 294 1
355 295 1
355 363 1
355 440 1
355 441 1
356 295 1
356 296 1
356 365 1
356 441 1
356 442 1
357 296 1
357 297 1
357 367 1
357 442 1
357 443 1
358 292 1
358 303 1
358 359 1
358 438 1
358 449 1
359 292 1
359 293 1
359 298 1
359 303 1
359 304 1
359 353 1
359 358 1
359 360 1
359 369 1
359 438 1
359 439 1
359 444 1
359 449 1
359 450 1
360 293 1
360 304 1
360 359 1
360 361 1
360 439 1
360 450 1
361 293 1
361 294 1
361 299 1
361 304 1
361 305 1
361 354 1
361 360 1
361 362 1
361 370 1
361 439 1
361 440 1
361 445 1
361 450 1
361 451 1
362 294 1
362 305 1
362 361 1
362 363 1
362 440 1
362 451 1
363 294 1
363 295 1
363 300 1
363 305 1
363 306 1
363 355 1
363 362 1
363 364 1
363 371 1
363 440 1
363 441 1
363 446 1
363 451 1
363 452 1
364 295 1
364 306 1
364 363 1
364 365 1
364 441 1
364 452 1
365 295 1
365 296 1
365 301 1
365 306 1
365 307 1
365 356 1
365 364 1
365 366 1
365 372 1
365 441 1
365 442 1
365 447 1
365 452 1
365 453 1
366 296 1
366 307 1
366 365 1
366 367 1
366 442 1
366 453 1
367 296 1
367 297 1
367 302 1
367 307 1
367 308 1
367 357 1
367 366 1
367 368 1
367 373 1
367 442 1
367 443 1
367 448 1
367 453 1
367 454 1
368 297 1
368 308 1
368 367 1
368 443 1
368 454 1
369 303 1
369 304 1
369 359 1
369 375 1
369 449 1
369 450 1
370 304 1
370 305 1
370 361 1
370 377 1
370 450 1
370 451 1
371 305 1
371 306 1
371 363 1
371 379 1
371 451 1
371 452 1
372 306 1
372 307 1
372 365 1
372 381 1
372 452 1
372 453 1
373 307 1
373 308 1
373 367 1
373 383 1
373 453 1
373 454 1
374 303 1
374 314 1
374 375 1
374 449 1
374 460 1
375 303 1
375 304 1
375 309 1
375 314 1
375 315 1
375 369 1
375 374 1
375 376 1
375 385 1
375 449 1
375 450 1
375 455 1
375 460 1
375 461 1
376 304 1
376 315 1
376 375 1
376 377 1
376 450 1
376 461 1
377 304 1
377 305 1
377 310 1
377 315 1
377 316 1
377 370 1
377 376 1
377 378 1
377 386 1
377 450 1
377 451 1
377 456 1
377 461 1
377 462 1
378 305 1
378 316 1
378 377 1
378 379 1
378 451 1
378 462 1
379 305 1
379 306 1
379 311 1
379 316 1
379 317 1
379 371 1
379 378 1
379 380 1
379 387 1
379 451 1
379 452 1
379 457 1
379 462 1
379 463 1
380 306 1
380 317 1
380 379 1
380 381 1
380 452 1
380 463 1
381 306 1
381 307 1
381 312 1
381 317 1
381 318 1
381 372 1
381 380 1
381 382 1
381 388 1
381 452 1
381 453 1
381 458 1
381 463 1
381 464 1
382 307 1
382 318 1
382 381 1
382 383 1
382 453 1
382 464 1
383 307 1
383 308 1
383 313 1
383 318 1
383 319 1
383 373 1
383 382 1
383 384 1
383 389 1
383 453 1
383 454 1
383 459 1
383 464 1
383 465 1
384 308 1
384 319 1
384 383 1
384 454 1
384 465 1
385 314 1
385 315 1
385 375 1
385 391 1
385 460 1
385 461 1
386 315 1
386 316 1
386 377 1
386 393 1
386 461 1
386 462 1
387 316 1
387 317 1
387 379 1
387 395 1
387 462 1
387 463 1
388 317 1
388 318 1
388 381 1
388 397 1
388 463 1
388 464 1
389 318 1
389 319 1
389 383 1
389 399 1
389 464 1
389 465 1
390 314 1
390 325 1
390 391 1
390 460 1
390 471 1
391 314 1
391 315 1
391 320 1
391 325 1
391 326 1
391 385 1
391 390 1
391 392 1
391 401 1
391 460 1
391 461 1
391 466 1
391 471 1
391 472 1
392 315 1
392 326 1
392 391 1
392 393 1
392 461 1
392 472 1
393 315 1
393 316 1
393 321 1
393 326 1
393 327 1
393 386 1
393 392 1
393 394 1
393 402 1
393 461 1
393 462 1
393 467 1
393 472 1
393 473 1
394 316 1
394 327 1
394 393 1
394 395 1
394 462 1
394 473 1
395 316 1
395 317 1
395 322 1
395 327 1
395 328 1
395 387 1
395 394 1
395 396 1
395 403 1
395 462 1
395 463 1
395 468 1
395 473 1
395 474 1
396 317 1
396 328 1
396 395 1
396 397 1
396 463 1
396 474 1
397 317 1
397 318 1
397 323 1
397 328 1
397 329 1
397 388 1
397 396 1
397 398 1
397 404 1
397 463 1
397 464 1
397 469 1
397 474 1
397 475 1
398 318 1
398 329 1
398 397 1
398 399 1
398 464 1
398 475 1
399 318 1
399 319 1
399 324 1
399 329 1
399 330 1
399 389 1
399 398 1
399 400 1
399 405 1
399 464 1
399 465 1
399 470 1
399 475 1
399 476 1
400 319 1
400 330 1
400 399 1
400 465 1
400 476 1
401 325 1
401 326 1
401 391 1
401 407 1
401 471 1
401 472 1
402 326 1
402 327 1
402 393 1
402 409 1
402 472 1
402 473 1
403 327 1
403 328 1
403 395 1
403 411 1
403 473 1
403 474 1
404 328 1
404 329 1
404 397 1
404 413 1
404 474 1
404 475 1
405 329 1
405 330 1
405 399 1
405 415 1
405 475 1
405 476 1
406 325 1
406 336 1
406 407 1
406 471 1
406 482 1
407 325 1
407 326 1
407 331 1
407 336 1
407 337 1
407 401 1
407 406 1
407 408 1
407 417 1
407 471 1
407 472 1
407 477 1
407 482 1
407 483 1
408 326 1
408 337 1
408 407 1
408 409 1
408 472 1
408 483 1
409 326 1
409 327 1
409 332 1
409 337 1
409 338 1
409 402 1
409 408 1
409 410 1
409 418 1
409 472 1
409 473 1
409 478 1
409 483 1
409 484 1
410 327 1
410 338 1
410 409 1
410 411 1
410 473 1
410 484 1
411 327 1
411 328 1
411 333 1
411 338 1
411 339 1
411 403 1
411 410 1
411 412 1
411 419 1
411 473 1
411 474 1
411 479 1
411 484 1
411 485 1
412 328 1
412 339 1
412 411 1
412 413 1
412 474 1
412 485 1
413 328 1
413 329 1
413 334 1
413 339 1
413 340 1
413 404 1
413 412 1
413 414 1
413 420 1
413 474 1
413 475 1
413 480 1
413 485 1
413 486 1
414 329 1
414 340 1
414 413 1
414 415 1
414 475 1
414 486 1
415 329 1
415 330 1
415 335 1
415 340 1
415 341 1
415 405 1
415 414 1
415 416 1
415 421 1
415 475 1
415 476 1
415 481 1
415 486 1
415 487 1
416 330 1
416 341 1
416 415 1
416 476 1
416 487 1
417 336 1
417 337 1
417 407 1
417 423 1
417 482 1
417 483 1
418 337 1
418 338 1
418 409 1
418 425 1
418 483 1
418 484 1
419 338 1
419 339 1
419 411 1
419 427 1
419 484 1
419 485 1
420 339 1
420 340 1
420 413 1
420 429 1
420 485 1
420 486 1
421 340 1
421 341 1
421 415 1
421 431 1
421 486 1
421 487 1
422 336 1
422 347 1
422 423 1
422 482 1
422 493 1
423 336 1
423 337 1
423 342 1
423 347 1
423 348 1
423 417 1
423 422 1
423 424 1
423 433 1
423 482 1
423 483 1
423 488 1
423 493 1
423 494 1
424 337 1
424 348 1
424 423 1
424 425 1
424 483 1
424 494 1
425 337 1
425 338 1
425 343 1
425 348 1
425 349 1
425 418 1
425 424 1
425 426 1
425 434 1
425 483 1
425 484 1
425 489 1
425 494 1
425 495 1
426 338 1
426 349 1
426 425 1
426 427 1
426 484 1
426 495 1
427 338 1
427 339 1
427 344 1
427 349 1
427 350 1
427 419 1
427 426 1
427 428 1
427 435 1
427 484 1
427 485 1
427 490 1
427 495 1
427 496 1
428 339 1
428 350 1
428 427 1
428 429 1
428 485 1
428 496 1
429 339 1
429 340 1
429 345 1
429 350 1
429 351 1
429 420 1
429 428 1
429 430 1
429 436 1
429 485 1
429 486 1
429 491 1
429 496 1
429 497 1
430 340 1
430 351 1
430 429 1
430 431 1
430 486 1
430 497 1
431 340 1
431 341 1
431 346 1
431 351 1
431 352 1
431 421 1
431 430 1
431 432 1
431 437 1
431 486 1
431 487 1
431 492 1
431 497 1
431 498 1
432 341 1
432 352 1
432 431 1
432 487 1
432 498 1
433 347 1
433 348 1
433 423 1
433 493 1
433 494 1
434 348 1
434 349 1
434 425 1
434 494 1
434 495 1
435 349 1
435 350 1
435 427 1
435 495 1
435 496 1
436 350 1
436 351 1
436 429 1
436 496 1
436 497 1
437 351 1
437 352 1
437 431 1
437 497 1
437 498 1
438 292 1
438 353 1
438 358 1
438 359 1
438 439 1
438 444 1
438 449 1
438 499 1
438 504 1
438 505 1
438 584 1
439 293 1
439 353 1
439 354 1
439 359 1
439 360 1
439 361 1
439 438 1
439 440 1
439 444 1
439 445 1
439 450 1
439 499 1
439 500 1
439 505 1
439 506 1
439 507 1
439 585 1
440 294 1
440 354 1
440 355 1
440 361 1
440 362 1
440 363 1
440 439 1
440 441 1
440 445 1
440 446 1
440 451 1
440 500 1
440 501 1
440 507 1
440 508 1
440 509 1
440 586 1
441 295 1
441 355 1
441 356 1
441 363 1
441 364 1
441 365 1
441 440 1
441 442 1
441 446 1
441 447 1
441 452 1
441 501 1
441 502 1
441 509 1
441 510 1
441 511 1
441 587 1
442 296 1
442 356 1
442 357 1
442 365 1
442 366 1
442 367 1
442 441 1
442 443 1
442 447 1
442 448 1
442 453 1
442 502 1
442 503 1
442 511 1
442 512 1
442 513 1
442 588 1
443 297 1
443 357 1
443 367 1
443 368 1
443 442 1
443 448 1
443 454 1
443 503 1
443 513 1
443 514 1
443 589 1
444 359 1
444 438 1
444 439 1
444 449 1
444 450 1
444 505 1
445 361 1
445 439 1
445 440 1
445 450 1
445 451 1
445 507 1
446 363 1
446 440 1
446 441 1
446 451 1
446 452 1
446 509 1
447 365 1
447 441 1
447 442 1
447 452 1
447 453 1
447 511 1
448 367 1
448 442 1
448 443 1
448 453 1
448 454 1
448 513 1
449 303 1
449 358 1
449 359 1
449 369 1
449 374 1
449 375 1
449 438 1
449 444 1
449 450 1
449 455 1
449 460 1
449 504 1
449 505 1
449 515 1
449 520 1
449 521 1
449 595 1
450 304 1
450 359 1
450 360 1
450 361 1
450 369 1
450 370 1
450 375 1
450 376 1
450 377 1
450 439 1
450 444 1
450 445 1
450 449 1
450 451 1
450 455 1
450 456 1
450 461 1
450 505 1
450 506 1
450 507 1
450 515 1
450 516 1
450 521 1
450 522 1
450 523 1
450 596 1
451 305 1
451 361 1
451 362 1
451 363 1
451 370 1
451 371 1
451 377 1
451 378 1
451 379 1
451 440 1
451 445 1
451 446 1
451 450 1
451 452 1
451 456 1
451 457 1
451 462 1
451 507 1
451 508 1
451 509 1
451 516 1
451 517 1
451 523 1
451 524 1
451 525 1
451 597 1
452 306 1
452 363 1
452 364 1
452 365 1
452 371 1
452 372 1
452 379 1
452 380 1
452 381 1
452 441 1
452 446 1
452 447 1
452 451 1
452 453 1
452 457 1
452 458 1
452 463 1
452 509 1
452 510 1
452 511 1
452 517 1
452 518 1
452 525 1
452 526 1
452 527 1
452 598 1
453 307 1
453 365 1
453 366 1
453 367 1
453 372 1
453 373 1
453 381 1
453 382 1
453 383 1
453 442 1
453 447 1
453 448 1
453 452 1
453 454 1
453 458 1
453 459 1
453 464 1
453 511 1
453 512 1
453 513 1
453 518 1
453 519 1
453 527 1
453 528 1
453 529 1
453 599 1
454 308 1
454 367 1
454 368 1
454 373 1
454 383 1
454 384 1
454 443 1
454 448 1
454 453 1
454 459 1
454 465 1
454 513 1
454 514 1
454 519 1
454 529 1
454 530 1
454 600 1
455 375 1
455 449 1
455 450 1
455 460 1
455 461 1
455 521 1
456 377 1
456 450 1
456 451 1
456 461 1
456 462 1
456 523 1
457 379 1
457 451 1
457 452 1
457 462 1
457 463 1
457 525 1
458 381 1
458 452 1
458 453 1
458 463 1
458 464 1
458 527 1
459 383 1
459 453 1
459 454 1
459 464 1
459 465 1
459 529 1
460 314 1
460 374 1
460 375 1
460 385 1
460 390 1
460 391 1
460 449 1
460 455 1
460 461 1
460 466 1
460 471 1
460 520 1
460 521 1
460 531 1
460 536 1
460 537 1
460 606 1
461 315 1
461 375 1
461 376 1
461 377 1
461 385 1
461 386 1
461 391 1
461 392 1
461 393 1
461 450 1
461 455 1
461 456 1
461 460 1
461 462 1
461 466 1
461 467 1
461 472 1
461 521 1
461 522 1
461 523 1
461 531 1
461 532 1
461 537 1
461 538 1
461 539 1
461 607 1
462 316 1
462 377 1
462 378 1
462 379 1
462 386 1
462 387 1
462 393 1
462 394 1
462 395 1
462 451 1
462 456 1
462 457 1
462 461 1
462 463 1
462 467 1
462 468 1
462 473 1
462 523 1
462 524 1
462 525 1
462 532 1
462 533 1
462 539 1
462 540 1
462 541 1
462 608 1
463 317 1
463 379 1
463 380 1
463 381 1
463 387 1
463 388 1
463 395 1
463 396 1
463 397 1
463 452 1
463 457 1
463 458 1
463 462 1
463 464 1
463 468 1
463 469 1
463 474 1
463 525 1
463 526 1
463 527 1
463 533 1
463 534 1
463 541 1
463 542 1
463 543 1
463 609 1
464 318 1
464 381 1
464 382 1
464 383 1
464 388 1
464 389 1
464 397 1
464 398 1
464 399 1
464 453 1
464 458 1
464 459 1
464 463 1
464 465 1
464 469 1
464 470 1
464 475 1
464 527 1
464 528 1
464 529 1
464 534 1
464 535 1
464 543 1
464 544 1
464 545 1
464 610 1
465 319 1
465 383 1
465 384 1
465 389 1
465 399 1
465 400 1
465 454 1
465 459 1
465 464 1
465 470 1
465 476 1
465 529 1
465 530 1
465 535 1
465 545 1
465 546 1
465 611 1
466 391 1
466 460 1
466 461 1
466 471 1
466 472 1
466 537 1
467 393 1
467 461 1
467 462 1
467 472 1
467 473 1
467 539 1
468 395 1
468 462 1
468 463 1
468 473 1
468 474 1
468 541 1
469 397 1
469 463 1
469 464 1
469 474 1
469 475 1
469 543 1
470 399 1
470 464 1
470 465 1
470 475 1
470 476 1
470 545 1
471 325 1
471 390 1
471 391 1
471 401 1
471 406 1
471 407 1
471 460 1
471 466 1
471 472 1
471 477 1
471 482 1
471 536 1
471 537 1
471 547 1
471 552 1
471 553 1
471 617 1
472 326 1
472 391 1
472 392 1
472 393 1
472 401 1
472 402 1
472 407 1
472 408 1
472 409 1
472 461 1
472 466 1
472 467 1
472 471 1
472 473 1
472 477 1
472 478 1
472 483 1
472 537 1
472 538 1
472 539 1
472 547 1
472 548 1
472 553 1
472 554 1
472 555 1
472 618 1
473 327 1
473 393 1
473 394 1
473 395 1
473 402 1
473 403 1
473 409 1
473 410 1
473 411 1
473 462 1
473 467 1
473 468 1
473 472 1
473 474 1
473 478 1
473 479 1
473 484 1
473 539 1
473 540 1
473 541 1
473 548 1
473 549 1
473 555 1
473 556 1
473 557 1
473 619 1
474 328 1
474 395 1
474 396 1
474 397 1
474 403 1
474 404 1
474 411 1
474 412 1
474 413 1
474 463 1
474 468 1
474 469 1
474 473 1
474 475 1
474 479 1
474 480 1
474 485 1
474 541 1
474 542 1
474 543 1
474 549 1
474 550 1
474 557 1
474 558 1
474 559 1
474 620 1
475 329 1
475 397 1
475 398 1
475 399 1
475 404 1
475 405 1
475 413 1
475 414 1
475 415 1
475 464 1
475 469 1
475 470 1
475 474 1
475 476 1
475 480 1
475 481 1
475 486 1
475 543 1
475 544 1
475 545 1
475 550 1
475 551 1
475 559 1
475 560 1
475 561 1
475 621 1
476 330 1
476 399 1
476 400 1
476 405 1
476 415 1
476 416 1
476 465 1
476 470 1
476 475 1
476 481 1
476 487 1
476 545 1
476 546 1
476 551 1
476 561 1
476 562 1
476 622 1
477 407 1
477 471 1
477 472 1
477 482 1
477 483 1
477 553 1
478 409 1
478 472 1
478 473 1
478 483 1
478 484 1
478 555 1
479 411 1
479 473 1
479 474 1
479 484 1
479 485 1
479 557 1
480 413 1
480 474 1
480 475 1
480 485 1
480 486 1
480 559 1
481 415 1
481 475 1
481 476 1
481 486 1
481 487 1
481 561 1
482 336 1
482 406 1
482 407 1
482 417 1
482 422 1
482 423 1
482 471 1
482 477 1
482 483 1
482 488 1
482 493 1
482 552 1
482 553 1
482 563 1
482 568 1
482 569 1
482 628 1
483 337 1
483 407 1
483 408 1
483 409 1
483 417 1
483 418 1
483 423 1
483 424 1
483 425 1
483 472 1
483 477 1
483 478 1
483 482 1
483 484 1
483 488 1
483 489 1
483 494 1
483 553 1
483 554 1
483 555 1
483 563 1
483 564 1
483 569 1
483 570 1
483 571 1
483 629 1
484 338 1
484 409 1
484 410 1
484 411 1
484 418 1
484 419 1
484 425 1
484 426 1
484 427 1
484 473 1
484 478 1
484 479 1
484 483 1
484 485 1
484 489 1
484 490 1
484 495 1
484 555 1
484 556 1
484 557 1
484 564 1
484 565 1
484 571 1
484 572 1
484 573 1
484 630 1
485 339 1
485 411 1
485 412 1
485 413 1
485 419 1
485 420 1
485 427 1
485 428 1
485 429 1
485 474 1
485 479 1
485 480 1
485 484 1
485 486 1
485 490 1
485 491 1
485 496 1
485 557 1
485 558 1
485 559 1
485 565 1
485 566 1
485 573 1
485 574 1
485 575 1
485 631 1
486 340 1
486 413 1
486 414 1
486 415 1
486 420 1
486 421 1
486 429 1
486 430 1
486 431 1
486 475 1
486 480 1
486 481 1
486 485 1
486 487 1
486 491 1
486 492 1
486 497 1
486 559 1
486 560 1
486 561 1
486 566 1
486 567 1
486 575 1
486 576 1
486 577 1
486 632 1
487 341 1
487 415 1
487 416 1
487 421 1
487 431 1
487 432 1
487 476 1
487 481 1
487 486 1
487 492 1
487 498 1
487 561 1
487 562 1
487 567 1
487 577 1
487 578 1
487 633 1
488 423 1
488 482 1
488 483 1
488 493 1
488 494 1
488 569 1
489 425 1
489 483 1
489 484 1
489 494 1
489 495 1
489 571 1
490 427 1
490 484 1
490 485 1
490 495 1
490 496 1
490 573 1
491 429 1
491 485 1
491 486 1
491 496 1
491 497 1
491 575 1
492 431 1
492 486 1
492 487 1
492 497 1
492 498 1
492 577 1
493 347 1
493 422 1
493 423 1
493 433 1
493 482 1
493 488 1
493 494 1
493 568 1
493 569 1
493 579 1
493 639 1
494 348 1
494 423 1
494 424 1
494 425 1
494 433 1
494 434 1
494 483 1
494 488 1
494 489 1
494 493 1
494 495 1
494 569 1
494 570 1
494 571 1
494 579 1
494 580 1
494 640 1
495 349 1
495 425 1
495 426 1
495 427 1
495 434 1
495 435 1
495 484 1
495 489 1
495 490 1
495 494 1
495 496 1
495 571 1
495 572 1
495 573 1
495 580 1
495 581 1
495 641 1
496 350 1
496 427 1
496 428 1
496 429 1
496 435 1
496 436 1
496 485 1
496 490 1
496 491 1
496 495 1
496 497 1
496 573 1
496 574 1
496 575 1
496 581 1
496 582 1
496 642 1
497 351 1
497 429 1
497 430 1
497 431 1
497 436 1
497 437 1
497 486 1
497 491 1
497 492 1
497 496 1
497 498 1
497 575 1
497 576 1
497 577 1
497 582 1
497 583 1
497 643 1
498 352 1
498 431 1
498 432 1
498 437 1
498 487 1
498 492 1
498 497 1
498 577 1
498 578 1
498 583 1
498 644 1
499 438 1
499 439 1
499 505 1
499 584 1
499 585 1
500 439 1
500 440 1
500 507 1
500 585 1
500 586 1
501 440 1
501 441 1
501 509 1
501 586 1
501 587 1
502 441 1
502 442 1
502 511 1
502 587 1
502 588 1
503 442 1
503 443 1
503 513 1
503 588 1
503 589 1
504 438 1
504 449 1
504 505 1
504 584 1
504 595 1
505 438 1
505 439 1
505 444 1
505 449 1
505 450 1
505 499 1
505 504 1
505 506 1
505 515 1
505 584 1
505 585 1
505 590 1
505 595 1
505 596 1
506 439 1
506 450 1
506 505 1
506 507 1
506 585 1
506 596 1
507 439 1
507 440 1
507 445 1
507 450 1
507 451 1
507 500 1
507 506 1
507 508 1
507 516 1
507 585 1
507 586 1
507 591 1
507 596 1
507 597 1
508 440 1
508 451 1
508 507 1
508 509 1
508 586 1
508 597 1
509 440 1
509 441 1
509 446 1
509 451 1
509 452 1
509 501 1
509 508 1
509 510 1
509 517 1
509 586 1
509 587 1
509 592 1
509 597 1
509 598 1
510 441 1
510 452 1
510 509 1
510 511 1
510 587 1
510 598 1
511 441 1
511 442 1
511 447 1
511 452 1
511 453 1
511 502 1
511 510 1
511 512 1
511 518 1
511 587 1
511 588 1
511 593 1
511 598 1
511 599 1
512 442 1
512 453 1
512 511 1
512 513 1
512 588 1
512 599 1
513 442 1
513 443 1
513 448 1
513 453 1
513 454 1
513 503 1
513 512 1
513 514 1
513 519 1
513 588 1
513 589 1
513 594 1
513 599 1
513 600 1
514 443 1
514 454 1
514 513 1
514 589 1
514 600 1
515 449 1
515 450 1
515 505 1
515 521 1
515 595 1
515 596 1
516 450 1
516 451 1
516 507 1
516 523 1
516 596 1
516 597 1
517 451 1
517 452 1
517 509 1
517 525 1
517 597 1
517 598 1
518 452 1
518 453 1
518 511 1
518 527 1
518 598 1
518 599 1
519 453 1
519 454 1
519 513 1
519 529 1
519 599 1
519 600 1
520 449 1
520 460 1
520 521 1
520 595 1
520 606 1
521 449 1
521 450 1
521 455 1
521 460 1
521 461 1
521 515 1
521 520 1
521 522 1
521 531 1
521 595 1
521 596 1
521 601 1
521 606 1
521 607 1
522 450 1
522 461 1
522 521 1
522 523 1
522 596 1
522 607 1
523 450 1
523 451 1
523 456 1
523 461 1
523 462 1
523 516 1
523 522 1
523 524 1
523 532 1
523 596 1
523 597 1
523 602 1
523 607 1
523 608 1
524 451 1
524 462 1
524 523 1
524 525 1
524 597 1
524 608 1
525 451 1
525 452 1
525 457 1
525 462 1
525 463 1
525 517 1
525 524 1
525 526 1
525 533 1
525 597 1
525 598 1
525 603 1
525 608 1
525 609 1
526 452 1
526 463 1
526 525 1
526 527 1
526 598 1
526 609 1
527 452 1
527 453 1
527 458 1
527 463 1
527 464 1
527 518 1
527 526 1
527 528 1
527 534 1
527 598 1
527 599 1
527 604 1
527 609 1
527 610 1
528 453 1
528 464 1
528 527 1
528 529 1
528 599 1
528 610 1
529 453 1
529 454 1
529 459 1
529 464 1
529 465 1
529 519 1
529 528 1
529 530 1
529 535 1
529 599 1
529 600 1
529 605 1
529 610 1
529 611 1
530 454 1
530 465 1
530 529 1
530 600 1
530 611 1
531 460 1
531 461 1
531 521 1
531 537 1
531 606 1
531 607 1
532 461 1
532 462 1
532 523 1
532 539 1
532 607 1
532 608 1
533 462 1
533 463 1
533 525 1
533 541 1
533 608 1
533 609 1
534 463 1
534 464 1
534 527 1
534 543 1
534 609 1
534 610 1
535 464 1
535 465 1
535 529 1
535 545 1
535 610 1
535 611 1
536 460 1
536 471 1
536 537 1
536 606 1
536 617 1
537 460 1
537 461 1
537 466 1
537 471 1
537 472 1
537 531 1
537 536 1
537 538 1
537 547 1
537 606 1
537 607 1
537 612 1
537 617 1
537 618 1
538 461 1
538 472 1
538 537 1
538 539 1
538 607 1
538 618 1
539 461 1
539 462 1
539 467 1
539 472 1
539 473 1
539 532 1
539 538 1
539 540 1
539 548 1
539 607 1
539 608 1
539 613 1
539 618 1
539 619 1
540 462 1
540 473 1
540 539 1
540 541 1
540 608 1
540 619 1
541 462 1
541 463 1
541 468 1
541 473 1
541 474 1
541 533 1
541 540 1
541 542 1
541 549 1
541 608 1
541 609 1
541 614 1
541 619 1
541 620 1
542 463 1
542 474 1
542 541 1
542 543 1
542 609 1
542 620 1
543 463 1
543 464 1
543 469 1
543 474 1
543 475 1
543 534 1
543 542 1
543 544 1
543 550 1
543 609 1
543 610 1
543 615 1
543 620 1
543 621 1
544 464 1
544 475 1
544 543 1
544 545 1
544 610 1
544 621 1
545 464 1
545 465 1
545 470 1
545 475 1
545 476 1
545 535 1
545 544 1
545 546 1
545 551 1
545 610 1
545 611 1
545 616 1
545 621 1
545 622 1
546 465 1
546 476 1
546 545 1
546 611 1
546 622 1
547 471 1
547 472 1
547 537 1
547 553 1
547 617 1
547 618 1
548 472 1
548 473 1
548 539 1
548 555 1
548 618 1
548 619 1
549 473 1
549 474 1
549 541 1
549 557 1
549 619 1
549 620 1
550 474 1
550 475 1
550 543 1
550 559 1
550 620 1
550 621 1
551 475 1
551 476 1
551 545 1
551 561 1
551 621 1
551 622 1
552 471 1
552 482 1
552 553 1
552 617 1
552 628 1
553 471 1
553 472 1
553 477 1
553 482 1
553 483 1
553 547 1
553 552 1
553 554 1
553 563 1
553 617 1
553 618 1
553 623 1
553 628 1
553 629 1
554 472 1
554 483 1
554 553 1
554 555 1
554 618 1
554 629 1
555 472 1
555 473 1
555 478 1
555 483 1
555 484 1
555 548 1
555 554 1
555 556 1
555 564 1
555 618 1
555 619 1
555 624 1
555 629 1
555 630 1
556 473 1
556 484 1
556 555 1
556 557 1
556 619 1
556 630 1
557 473 1
557 474 1
557 479 1
557 484 1
557 485 1
557 549 1
557 556 1
557 558 1
557 565 1
557 619 1
557 620 1
557 625 1
557 630 1
557 631 1
558 474 1
558 485 1
558 557 1
558 559 1
558 620 1
558 631 1
559 474 1
559 475 1
559 480 1
559 485 1
559 486 1
559 550 1
559 558 1
559 560 1
559 566 1
559 620 1
559 621 1
559 626 1
559 631 1
559 632 1
560 475 1
560 486 1
560 559 1
560 561 1
560 621 1
560 632 1
561 475 1
561 476 1
561 481 1
561 486 1
561 487 1
561 551 1
561 560 1
561 562 1
561 567 1
561 621 1
561 622 1
561 627 1
561 632 1
561 633 1
562 476 1
562 487 1
562 561 1
562 622 1
562 633 1
563 482 1
563 483 1
563 553 1
563 569 1
563 628 1
563 629 1
564 483 1
564 484 1
564 555 1
564 571 1
564 629 1
564 630 1
565 484 1
565 485 1
565 557 1
565 573 1
565 630 1
565 631 1
566 485 1
566 486 1
566 559 1
566 575 1
566 631 1
566 632 1
567 486 1
567 487 1
567 561 1
567 577 1
567 632 1
567 633 1
568 482 1
568 493 1
568 569 1
568 628 1
568 639 1
569 482 1
569 483 1
569 488 1
569 493 1
569 494 1
569 563 1
569 568 1
569 570 1
569 579 1
569 628 1
569 629 1
569 634 1
569 639 1
569 640 1
570 483 1
570 494 1
570 569 1
570 571 1
570 629 1
570 640 1
571 483 1
571 484 1
571 489 1
571 494 1
571 495 1
571 564 1
571 570 1
571 572 1
571 580 1
571 629 1
571 630 1
571 635 1
571 640 1
571 641 1
572 484 1
572 495 1
572 571 1
572 573 1
572 630 1
572 641 1
573 484 1
573 485 1
573 490 1
573 495 1
573 496 1
573 565 1
573 572 1
573 574 1
573 581 1
573 630 1
573 631 1
573 636 1
573 641 1
573 642 1
574 485 1
574 496 1
574 573 1
574 575 1
574 631 1
574 642 1
575 485 1
575 486 1
575 491 1
575 496 1
575 497 1
575 566 1
575 574 1
575 576 1
575 582 1
575 631 1
575 632 1
575 637 1
575 642 1
575 643 1
576 486 1
576 497 1
576 575 1
576 577 1
576 632 1
576 643 1
577 486 1
577 487 1
577 492 1
577 497 1
577 498 1
577 567 1
577 576 1
577 578 1
577 583 1
577 632 1
577 633 1
577 638 1
577 643 1
577 644 1
578 487 1
578 498 1
578 577 1
578 633 1
578 644 1
579 493 1
579 494 1
579 569 1
579 639 1
579 640 1
580 494 1
580 495 1
580 571 1
580 640 1
580 641 1
581 495 1
581 496 1
581 573 1
581 641 1
581 642 1
582 496 1
582 497 1
582 575 1
582 642 1
582 643 1
583 497 1
583 498 1
583 577 1
583 643 1
583 644 1
584 438 1
584 499 1
584 504 1
584 505 1
584 585 1
584 590 1
584 595 1
584 645 1
584 650 1
584 651 1
584 730 1
585 439 1
585 499 1
585 500 1
585 505 1
585 506 1
585 507 1
585 584 1
585 586 1
585 590 1
585 591 1
585 596 1
585 645 1
585 646 1
585 651 1
585 652 1
585 653 1
585 731 1
586 440 1
586 500 1
586 501 1
586 507 1
586 508 1
586 509 1
586 585 1
586 587 1
586 591 1
586 592 1
586 597 1
586 646 1
586 647 1
586 653 1
586 654 1
586 655 1
586 732 1
587 441 1
587 501 1
587 502 1
587 509 1
587 510 1
587 511 1
587 586 1
587 588 1
587 592 1
587 593 1
587 598 1
587 647 1
587 648 1
587 655 1
587 656 1
587 657 1
587 733 1
588 442 1
588 502 1
588 503 1
588 511 1
588 512 1
588 513 1
588 587 1
588 589 1
588 593 1
588 594 1
588 599 1
588 648 1
588 649 1
588 657 1
588 658 1
588 659 1
588 734 1
589 443 1
589 503 1
589 513 1
589 514 1
589 588 1
589 594 1
589 600 1
589 649 1
589 659 1
589 660 1
589 735 1
590 505 1
590 584 1
590 585 1
590 595 1
590 596 1
590 651 1
591 507 1
591 585 1
591 586 1
591 596 1
591 597 1
591 653 1
592 509 1
592 586 1
592 587 1
592 597 1
592 598 1
592 655 1
593 511 1
593 587 1
593 588 1
593 598 1
593 599 1
593 657 1
594 513 1
594 588 1
594 589 1
594 599 1
594 600 1
594 659 1
595 449 1
595 504 1
595 505 1
595 515 1
595 520 1
595 521 1
595 584 1
595 590 1
595 596 1
595 601 1
595 606 1
595 650 1
595 651 1
595 661 1
595 666 1
595 667 1
595 741 1
596 450 1
596 505 1
596 506 1
596 507 1
596 515 1
596 516 1
596 521 1
596 522 1
596 523 1
596 585 1
596 590 1
596 591 1
596 595 1
596 597 1
596 601 1
596 602 1
596 607 1
596 651 1
596 652 1
596 653 1
596 661 1
596 662 1
596 667 1
596 668 1
596 669 1
596 742 1
597 451 1
597 507 1
597 508 1
597 509 1
597 516 1
597 517 1
597 523 1
597 524 1
597 525 1
597 586 1
597 591 1
597 592 1
597 596 1
597 598 1
597 602 1
597 603 1
597 608 1
597 653 1
597 654 1
597 655 1
597 662 1
597 663 1
597 669 1
597 670 1
597 671 1
597 743 1
598 452 1
598 509 1
598 510 1
598 511 1
598 517 1
598 518 1
598 525 1
598 526 1
598 527 1
598 587 1
598 592 1
598 593 1
598 597 1
598 599 1
598 603 1
598 604 1
598 609 1
598 655 1
598 656 1
598 657 1
598 663 1
598 664 1
598 671 1
598 672 1
598 673 1
598 744 1
599 453 1
599 511 1
599 512 1
599 513 1
599 518 1
599 519 1
599 527 1
599 528 1
599 529 1
599 588 1
599 593 1
599 594 1
599 598 1
599 600 1
599 604 1
599 605 1
599 610 1
599 657 1
599 658 1
599 659 1
599 664 1
599 665 1
599 673 1
599 674 1
599 675 1
599 745 1
600 454 1
600 513 1
600 514 1
600 519 1
600 529 1
600 530 1
600 589 1
600 594 1
600 599 1
600 605 1
600 611 1
600 659 1
600 660 1
600 665 1
600 675 1
600 676 1
600 746 1
601 521 1
601 595 1
601 596 1
601 606 1
601 607 1
601 667 1
602 523 1
602 596 1
602 597 1
602 607 1
602 608 1
602 669 1
603 525 1
603 597 1
603 598 1
603 608 1
603 609 1
603 671 1
604 527 1
604 598 1
604 599 1
604 609 1
604 610 1
604 673 1
605 529 1
605 599 1
605 600 1
605 610 1
605 611 1
605 675 1
606 460 1
606 520 1
606 521 1
606 531 1
606 536 1
606 537 1
606 595 1
606 601 1
606 607 1
606 612 1
606 617 1
606 666 1
606 667 1
606 677 1
606 682 1
606 683 1
606 752 1
607 461 1
607 521 1
607 522 1
607 523 1
607 531 1
607 532 1
607 537 1
607 538 1
607 539 1
607 596 1
607 601 1
607 602 1
607 606 1
607 608 1
607 612 1
607 613 1
607 618 1
607 667 1
607 668 1
607 669 1
607 677 1
607 678 1
607 683 1
607 684 1
607 685 1
607 753 1
608 462 1
608 523 1
608 524 1
608 525 1
608 532 1
608 533 1
608 539 1
608 540 1
608 541 1
608 597 1
608 602 1
608 603 1
608 607 1
608 609 1
608 613 1
608 614 1
608 619 1
608 669 1
608 670 1
608 671 1
608 678 1
608 679 1
608 685 1
608 686 1
608 687 1
608 754 1
609 463 1
609 525 1
609 526 1
609 527 1
609 533 1
609 534 1
609 541 1
609 542 1
609 543 1
609 598 1
609 603 1
609 604 1
609 608 1
609 610 1
609 614 1
609 615 1
609 620 1
609 671 1
609 672 1
609 673 1
609 679 1
609 680 1
609 687 1
609 688 1
609 689 1
609 755 1
610 464 1
610 527 1
610 528 1
610 529 1
610 534 1
610 535 1
610 543 1
610 544 1
610 545 1
610 599 1
610 604 1
610 605 1
610 609 1
610 611 1
610 615 1
610 616 1
610 621 1
610 673 1
610 674 1
610 675 1
610 680 1
610 681 1
610 689 1
610 690 1
610 691 1
610 756 1
611 465 1
611 529 1
611 530 1
611 535 1
611 545 1
611 546 1
611 600 1
611 605 1
611 610 1
611 616 1
611 622 1
611 675 1
611 676 1
611 681 1
611 691 1
611 692 1
611 757 1
612 537 1
612 606 1
612 607 1
612 617 1
612 618 1
612 683 1
613 539 1
613 607 1
613 608 1
613 618 1
613 619 1
613 685 1
614 541 1
614 608 1
614 609 1
614 619 1
614 620 1
614 687 1
615 543 1
615 609 1
615 610 1
615 620 1
615 621 1
615 689 1
616 545 1
616 610 1
616 611 1
616 621 1
616 622 1
616 691 1
617 471 1
617 536 1
617 537 1
617 547 1
617 552 1
617 553 1
617 606 1
617 612 1
617 618 1
617 623 1
617 628 1
617 682 1
617 683 1
617 693 1
617 698 1
617 699 1
617 763 1
618 472 1
618 537 1
618 538 1
618 539 1
618 547 1
618 548 1
618 553 1
618 554 1
618 555 1
618 607 1
618 612 1
618 613 1
618 617 1
618 619 1
618 623 1
618 624 1
618 629 1
618 683 1
618 684 1
618 685 1
618 693 1
618 694 1
618 699 1
618 700 1
618 701 1
618 764 1
619 473 1
619 539 1
619 540 1
619 541 1
619 548 1
619 549 1
619 555 1
619 556 1
619 557 1
619 608 1
619 613 1
619 614 1
619 618 1
619 620 1
619 624 1
619 625 1
619 630 1
619 685 1
619 686 1
619 687 1
619 694 1
619 695 1
619 701 1
619 702 1
619 703 1
619 765 1
620 474 1
620 541 1
620 542 1
620 543 1
620 549 1
620 550 1
620 557 1
620 558 1
620 559 1
620 609 1
620 614 1
620 615 1
620 619 1
620 621 1
620 625 1
620 626 1
620 631 1
620 687 1
620 688 1
620 689 1
620 695 1
620 696 1
620 703 1
620 704 1
620 705 1
620 766 1
621 475 1
621 543 1
621 544 1
621 545 1
621 550 1
621 551 1
621 559 1
621 560 1
621 561 1
621 610 1
621 615 1
621 616 1
621 620 1
621 622 1
621 626 1
621 627 1
621 632 1
621 689 1
621 690 1
621 691 1
621 696 1
621 697 1
621 705 1
621 706 1
621 707 1
621 767 1
622 476 1
622 545 1
622 546 1
622 551 1
622 561 1
622 562 1
622 611 1
622 616 1
622 621 1
622 627 1
622 633 1
622 691 1
622 692 1
622 697 1
622 707 1
622 708 1
622 768 1
623 553 1
623 617 1
623 618 1
623 628 1
623 629 1
623 699 1
624 555 1
624 618 1
624 619 1
624 629 1
624 630 1
624 701 1
625 557 1
625 619 1
625 620 1
625 630 1
625 631 1
625 703 1
626 559 1
626 620 1
626 621 1
626 631 1
626 632 1
626 705 1
627 561 1
627 621 1
627 622 1
627 632 1
627 633 1
627 707 1
628 482 1
628 552 1
628 553 1
628 563 1
628 568 1
628 569 1
628 617 1
628 623 1
628 629 1
628 634 1
628 639 1
628 698 1
628 699 1
628 709 1
628 714 1
628 715 1
628 774 1
629 483 1
629 553 1
629 554 1
629 555 1
629 563 1
629 564 1
629 569 1
629 570 1
629 571 1
629 618 1
629 623 1
629 624 1
629 628 1
629 630 1
629 634 1
629 635 1
629 640 1
629 699 1
629 700 1
629 701 1
629 709 1
629 710 1
629 715 1
629 716 1
629 717 1
629 775 1
630 484 1
630 555 1
630 556 1
630 557 1
630 564 1
630 565 1
630 571 1
630 572 1
630 573 1
630 619 1
630 624 1
630 625 1
630 629 1
630 631 1
630 635 1
630 636 1
630 641 1
630 701 1
630 702 1
630 703 1
630 710 1
630 711 1
630 717 1
630 718 1
630 719 1
630 776 1
631 485 1
631 557 1
631 558 1
631 559 1
631 565 1
631 566 1
631 573 1
631 574 1
631 575 1
631 620 1
631 625 1
631 626 1
631 630 1
631 632 1
631 636 1
631 637 1
631 642 1
631 703 1
631 704 1
631 705 1
631 711 1
631 712 1
631 719 1
631 720 1
631 721 1
631 777 1
632 486 1
632 559 1
632 560 1
632 561 1
632 566 1
632 567 1
632 575 1
632 576 1
632 577 1
632 621 1
632 626 1
632 627 1
632 631 1
632 633 1
632 637 1
632 638 1
632 643 1
632 705 1
632 706 1
632 707 1
632 712 1
632 713 1
632 721 1
632 722 1
632 723 1
632 778 1
633 487 1
633 561 1
633 562 1
633 567 1
633 577 1
633 578 1
633 622 1
633 627 1
633 632 1
633 638 1
633 644 1
633 707 1
633 708 1
633 713 1
633 723 1
633 724 1
633 779 1
634 569 1
634 628 1
634 629 1
634 639 1
634 640 1
634 715 1
635 571 1
635 629 1
635 630 1
635 640 1
635 641 1
635 717 1
636 573 1
636 630 1
636 631 1
636 641 1
636 642 1
636 719 1
637 575 1
637 631 1
637 632 1
637 642 1
637 643 1
637 721 1
638 577 1
638 632 1
638 633 1
638 643 1
638 644 1
638 723 1
639 493 1
639 568 1
639 569 1
639 579 1
639 628 1
639 634 1
639 640 1
639 714 1
639 715 1
639 725 1
639 785 1
640 494 1
640 569 1
640 570 1
640 571 1
640 579 1
640 580 1
640 629 1
640 634 1
640 635 1
640 639 1
640 641 1
640 715 1
640 716 1
640 717 1
640 725 1
640 726 1
640 786 1
641 495 1
641 571 1
641 572 1
641 573 1
641 580 1
641 581 1
641 630 1
641 635 1
641 636 1
641 640 1
641 642 1
641 717 1
641 718 1
641 719 1
641 726 1
641 727 1
641 787 1
642 496 1
642 573 1
642 574 1
642 575 1
642 581 1
642 582 1
642 631 1
642 636 1
642 637 1
642 641 1
642 643 1
642 719 1
642 720 1
642 721 1
642 727 1
642 728 1
642 788 1
643 497 1
643 575 1
643 576 1
643 577 1
643 582 1
643 583 1
643 632 1
643 637 1
643 638 1
643 642 1
643 644 1
643 721 1
643 722 1
643 723 1
643 728 1
643 729 1
643 789 1
644 498 1
644 577 1
644 578 1
644 583 1
644 633 1
644 638 1
644 643 1
644 723 1
644 724 1
644 729 1
644 790 1
645 584 1
645 585 1
645 651 1
645 730 1
645 731 1
646 585 1
646 586 1
646 653 1
646 731 1
646 732 1
647 586 1
647 587 1
647 655 1
647 732 1
647 733 1
648 587 1
648 588 1
648 657 1
648 733 1
648 734 1
649 588 1
649 589 1
649 659 1
649 734 1
649 735 1
650 584 1
650 595 1
650 651 1
650 730 1
650 741 1
651 584 1
651 585 1
651 590 1
651 595 1
651 596 1
651 645 1
651 650 1
651 652 1
651 661 1
651 730 1
651 731 1
651 736 1
651 741 1
651 742 1
652 585 1
652 596 1
652 651 1
652 653 1
652 731 1
652 742 1
653 585 1
653 586 1
653 591 1
653 596 1
653 597 1
653 646 1
653 652 1
653 654 1
653 662 1
653 731 1
653 732 1
653 737 1
653 742 1
653 743 1
654 586 1
654 597 1
654 653 1
654 655 1
654 732 1
654 743 1
655 586 1
655 587 1
655 592 1
655 597 1
655 598 1
655 647 1
655 654 1
655 656 1
655 663 1
655 732 1
655 733 1
655 738 1
655 743 1
655 744 1
656 587 1
656 598 1
656 655 1
656 657 1
656 733 1
656 744 1
657 587 1
657 588 1
657 593 1
657 598 1
657 599 1
657 648 1
657 656 1
657 658 1
657 664 1
657 733 1
657 734 1
657 739 1
657 744 1
657 745 1
658 588 1
658 599 1
658 657 1
658 659 1
658 734 1
658 745 1
659 588 1
659 589 1
659 594 1
659 599 1
659 600 1
659 649 1
659 658 1
659 660 1
659 665 1
659 734 1
659 735 1
659 740 1
659 745 1
659 746 1
660 589 1
660 600 1
660 659 1
660 735 1
660 746 1
661 595 1
661 596 1
661 651 1
661 667 1
661 741 1
661 742 1
662 596 1
662 597 1
662 653 1
662 669 1
662 742 1
662 743 1
663 597 1
663 598 1
663 655 1
663 671 1
663 743 1
663 744 1
664 598 1
664 599 1
664 657 1
664 673 1
664 744 1
664 745 1
665 599 1
665 600 1
665 659 1
665 675 1
665 745 1
665 746 1
666 595 1
666 606 1
666 667 1
666 741 1
666 752 1
667 595 1
667 596 1
667 601 1
667 606 1
667 607 1
667 661 1
667 666 1
667 668 1
667 677 1
667 741 1
667 742 1
667 747 1
667 752 1
667 753 1
668 596 1
668 607 1
668 667 1
668 669 1
668 742 1
668 753 1
669 596 1
669 597 1
669 602 1
669 607 1
669 608 1
669 662 1
669 668 1
669 670 1
669 678 1
669 742 1
669 743 1
669 748 1
669 753 1
669 754 1
670 597 1
670 608 1
670 669 1
670 671 1
670 743 1
670 754 1
671 597 1
671 598 1
671 603 1
671 608 1
671 609 1
671 663 1
671 670 1
671 672 1
671 679 1
671 743 1
671 744 1
671 749 1
671 754 1
671 755 1
672 598 1
672 609 1
672 671 1
672 673 1
672 744 1
672 755 1
673 598 1
673 599 1
673 604 1
673 609 1
673 610 1
673 664 1
673 672 1
673 674 1
673 680 1
673 744 1
673 745 1
673 750 1
673 755 1
673 756 1
674 599 1
674 610 1
674 673 1
674 675 1
674 745 1
674 756 1
675 599 1
675 600 1
675 605 1
675 610 1
675 611 1
675 665 1
675 674 1
675 676 1
675 681 1
675 745 1
675 746 1
675 751 1
675 756 1
675 757 1
676 600 1
676 611 1
676 675 1
676 746 1
676 757 1
677 606 1
677 607 1
677 667 1
677 683 1
677 752 1
677 753 1
678 607 1
678 608 1
678 669 1
678 685 1
678 753 1
678 754 1
679 608 1
679 609 1
679 671 1
679 687 1
679 754 1
679 755 1
680 609 1
680 610 1
680 673 1
680 689 1
680 755 1
680 756 1
681 610 1
681 611 1
681 675 1
681 691 1
681 756 1
681 757 1
682 606 1
682 617 1
682 683 1
682 752 1
682 763 1
683 606 1
683 607 1
683 612 1
683 617 1
683 618 1
683 677 1
683 682 1
683 684 1
683 693 1
683 752 1
683 753 1
683 758 1
683 763 1
683 764 1
684 607 1
684 618 1
684 683 1
684 685 1
684 753 1
684 764 1
685 607 1
685 608 1
685 613 1
685 618 1
685 619 1
685 678 1
685 684 1
685 686 1
685 694 1
685 753 1
685 754 1
685 759 1
685 764 1
685 765 1
686 608 1
686 619 1
686 685 1
686 687 1
686 754 1
686 765 1
687 608 1
687 609 1
687 614 1
687 619 1
687 620 1
687 679 1
687 686 1
687 688 1
687 695 1
687 754 1
687 755 1
687 760 1
687 765 1
687 766 1
688 609 1
688 620 1
688 687 1
688 689 1
688 755 1
688 766 1
689 609 1
689 610 1
689 615 1
689 620 1
689 621 1
689 680 1
689 688 1
689 690 1
689 696 1
689 755 1
689 756 1
689 761 1
689 766 1
689 767 1
690 610 1
690 621 1
690 689 1
690 691 1
690 756 1
690 767 1
691 610 1
691 611 1
691 616 1
691 621 1
691 622 1
691 681 1
691 690 1
691 692 1
691 697 1
691 756 1
691 757 1
691 762 1
691 767 1
691 768 1
692 611 1
692 622 1
692 691 1
692 757 1
692 768 1
693 617 1
693 618 1
693 683 1
693 699 1
693 763 1
693 764 1
694 618 1
694 619 1
694 685 1
694 701 1
694 764 1
694 765 1
695 619 1
695 620 1
695 687 1
695 703 1
695 765 1
695 766 1
696 620 1
696 621 1
696 689 1
696 705 1
696 766 1
696 767 1
697 621 1
697 622 1
697 691 1
697 707 1
697 767 1
697 768 1
698 617 1
698 628 1
698 699 1
698 763 1
698 774 1
699 617 1
699 618 1
699 623 1
699 628 1
699 629 1
699 693 1
699 698 1
699 700 1
699 709 1
699 763 1
699 764 1
699 769 1
699 774 1
699 775 1
700 618 1
700 629 1
700 699 1
700 701 1
700 764 1
700 775 1
701 618 1
701 619 1
701 624 1
701 629 1
701 630 1
701 694 1
701 700 1
701 702 1
701 710 1
701 764 1
701 765 1
701 770 1
701 775 1
701 776 1
702 619 1
702 630 1
702 701 1
702 703 1
702 765 1
702 776 1
703 619 1
703 620 1
703 625 1
703 630 1
703 631 1
703 695 1
703 702 1
703 704 1
703 711 1
703 765 1
703 766 1
703 771 1
703 776 1
703 777 1
704 620 1
704 631 1
704 703 1
704 705 1
704 766 1
704 777 1
705 620 1
705 621 1
705 626 1
705 631 1
705 632 1
705 696 1
705 704 1
705 706 1
705 712 1
705 766 1
705 767 1
705 772 1
705 777 1
705 778 1
706 621 1
706 632 1
706 705 1
706 707 1
706 767 1
706 778 1
707 621 1
707 622 1
707 627 1
707 632 1
707 633 1
707 697 1
707 706 1
707 708 1
707 713 1
707 767 1
707 768 1
707 773 1
707 778 1
707 779 1
708 622 1
708 633 1
708 707 1
708 768 1
708 779 1
709 628 1
709 629 1
709 699 1
709 715 1
709 774 1
709 775 1
710 629 1
710 630 1
710 701 1
710 717 1
710 775 1
710 776 1
711 630 1
711 631 1
711 703 1
711 719 1
711 776 1
711 777 1
712 631 1
712 632 1
712 705 1
712 721 1
712 777 1
712 778 1
713 632 1
713 633 1
713 707 1
713 723 1
713 778 1
713 779 1
714 628 1
714 639 1
714 715 1
714 774 1
714 785 1
715 628 1
715 629 1
715 634 1
715 639 1
715 640 1
715 709 1
715 714 1
715 716 1
715 725 1
715 774 1
715 775 1
715 780 1
715 785 1
715 786 1
716 629 1
716 640 1
716 715 1
716 717 1
716 775 1
716 786 1
717 629 1
717 630 1
717 635 1
717 640 1
717 641 1
717 710 1
717 716 1
717 718 1
717 726 1
717 775 1
717 776 1
717 781 1
717 786 1
717 787 1
718 630 1
718 641 1
718 717 1
718 719 1
718 776 1
718 787 1
719 630 1
719 631 1
719 636 1
719 641 1
719 642 1
719 711 1
719 718 1
719 720 1
719 727 1
719 776 1
719 777 1
719 782 1
719 787 1
719 788 1
720 631 1
720 642 1
720 719 1
720 721 1
720 777 1
720 788 1
721 631 1
721 632 1
721 637 1
721 642 1
721 643 1
721 712 1
721 720 1
721 722 1
721 728 1
721 777 1
721 778 1
721 783 1
721 788 1
721 789 1
722 632 1
722 643 1
722 721 1
722 723 1
722 778 1
722 789 1
723 632 1
723 633 1
723 638 1
723 643 1
723 644 1
723 713 1
723 722 1
723 724 1
723 729 1
723 778 1
723 779 1
723 784 1
723 789 1
723 790 1
724 633 1
724 644 1
724 723 1
724 779 1
724 790 1
725 639 1
725 640 1
725 715 1
725 785 1
725 786 1
726 640 1
726 641 1
726 717 1
726 786 1
726 787 1
727 641 1
727 642 1
727 719 1
727 787 1
727 788 1
728 642 1
728 643 1
728 721 1
728 788 1
728 789 1
729 643 1
729 644 1
729 723 1
729 789 1
729 790 1
730 584 1
730 645 1
730 650 1
730 651 1
730 731 1
730 736 1
730 741 1
731 585 1
731 645 1
731 646 1
731 651 1
731 652 1
731 653 1
731 730 1
731 732 1
731 736 1
731 737 1
731 742 1
732 586 1
732 646 1
732 647 1
732 653 1
732 654 1
732 655 1
732 731 1
732 733 1
732 737 1
732 738 1
732 743 1
733 587 1
733 647 1
733 648 1
733 655 1
733 656 1
733 657 1
733 732 1
733 734 1
733 738 1
733 739 1
733 744 1
734 588 1
734 648 1
734 649 1
734 657 1
734 658 1
734 659 1
734 733 1
734 735 1
734 739 1
734 740 1
734 745 1
735 589 1
735 649 1
735 659 1
735 660 1
735 734 1
735 740 1
735 746 1
736 651 1
736 730 1
736 731 1
736 741 1
736 742 1
737 653 1
737 731 1
737 732 1
737 742 1
737 743 1
738 655 1
738 732 1
738 733 1
738 743 1
738 744 1
739 657 1
739 733 1
739 734 1
739 744 1
739 745 1
740 659 1
740 734 1
740 735 1
740 745 1
740 746 1
741 595 1
741 650 1
741 651 1
741 661 1
741 666 1
741 667 1
741 730 1
741 736 1
741 742 1
741 747 1
741 752 1
742 596 1
742 651 1
742 652 1
742 653 1
742 661 1
742 662 1
742 667 1
742 668 1
742 669 1
742 731 1
742 736 1
742 737 1
742 741 1
742 743 1
742 747 1
742 748 1
742 753 1
743 597 1
743 653 1
743 654 1
743 655 1
743 662 1
743 663 1
743 669 1
743 670 1
743 671 1
743 732 1
743 737 1
743 738 1
743 742 1
743 744 1
743 748 1
743 749 1
743 754 1
744 598 1
744 655 1
744 656 1
744 657 1
744 663 1
744 664 1
744 671 1
744 672 1
744 673 1
744 733 1
744 738 1
744 739 1
744 743 1
744 745 1
744 749 1
744 750 1
744 755 1
745 599 1
745 657 1
745 658 1
745 659 1
745 664 1
745 665 1
745 673 1
745 674 1
745 675 1
745 734 1
745 739 1
745 740 1
745 744 1
745 746 1
745 750 1
745 751 1
745 756 1
746 600 1
746 659 1
746 660 1
746 665 1
746 675 1
746 676 1
746 735 1
746 740 1
746 745 1
746 751 1
746 757 1
747 667 1
747 741 1
747 742 1
747 752 1
747 753 1
748 669 1
748 742 1
748 743 1
748 753 1
748 754 1
749 671 1
749 743 1
749 744 1
749 754 1
749 755 1
750 673 1
750 744 1
750 745 1
750 755 1
750 756 1
751 675 1
751 745 1
751 746 1
751 756 1
751 757 1
752 606 1
752 666 1
752 667 1
752 677 1
752 682 1
752 683 1
752 741 1
752 747 1
752 753 1
752 758 1
752 763 1
753 607 1
753 667 1
753 668 1
753 669 1
753 677 1
753 678 1
753 683 1
753 684 1
753 685 1
753 742 1
753 747 1
753 748 1
753 752 1
753 754 1
753 758 1
753 759 1
753 764 1
754 608 1
754 669 1
754 670 1
754 671 1
754 678 1
754 679 1
754 685 1
754 686 1
754 687 1
754 743 1
754 748 1
754 749 1
754 753 1
754 755 1
754 759 1
754 760 1
754 765 1
755 609 1
755 671 1
755 672 1
755 673 1
755 679 1
755 680 1
755 687 1
755 688 1
755 689 1
755 744 1
755 749 1
755 750 1
755 754 1
755 756 1
755 760 1
755 761 1
755 766 1
756 610 1
756 673 1
756 674 1
756 675 1
756 680 1
756 681 1
756 689 1
756 690 1
756 691 1
756 745 1
756 750 1
756 751 1
756 755 1
756 757 1
756 761 1
756 762 1
756 767 1
757 611 1
757 675 1
757 676 1
757 681 1
757 691 1
757 692 1
757 746 1
757 751 1
757 756 1
757 762 1
757 768 1
758 683 1
758 752 1
758 753 1
758 763 1
758 764 1
759 685 1
759 753 1
759 754 1
759 764 1
759 765 1
760 687 1
760 754 1
760 755 1
760 765 1
760 766 1
761 689 1
761 755 1
761 756 1
761 766 1
761 767 1
762 691 1
762 756 1
762 757 1
762 767 1
762 768 1
763 617 1
763 682 1
763 683 1
763 693 1
763 698 1
763 699 1
763 752 1
763 758 1
763 764 1
763 769 1
763 774 1
764 618 1
764 683 1
764 684 1
764 685 1
764 693 1
764 694 1
764 699 1
764 700 1
764 701 1
764 753 1
764 758 1
764 759 1
764 763 1
764 765 1
764 769 1
764 770 1
764 775 1
765 619 1
765 685 1
765 686 1
765 687 1
765 694 1
765 695 1
765 701 1
765 702 1
765 703 1
765 754 1
765 759 1
765 760 1
765 764 1
765 766 1
765 770 1
765 771 1
765 776 1
766 620 1
766 687 1
766 688 1
766 689 1
766 695 1
766 696 1
766 703 1
766 704 1
766 705 1
766 755 1
766 760 1
766 761 1
766 765 1
766 767 1
766 771 1
766 772 1
766 777 1
767 621 1
767 689 1
767 690 1
767 691 1
767 696 1
767 697 1
767 705 1
767 706 1
767 707 1
767 756 1
767 761 1
767 762 1
767 766 1
767 768 1
767 772 1
767 773 1
767 778 1
768 622 1
768 691 1
768 692 1
768 697 1
768 707 1
768 708 1
768 757 1
768 762 1
768 767 1
768 773 1
768 779 1
769 699 1
769 763 1
769 764 1
769 774 1
769 775 1
770 701 1
770 764 1
770 765 1
770 775 1
770 776 1
771 703 1
771 765 1
771 766 1
771 776 1
771 777 1
772 705 1
772 766 1
772 767 1
772 777 1
772 778 1
773 707 1
773 767 1
773 768 1
773 778 1
773 779 1
774 628 1
774 698 1
774 699 1
774 709 1
774 714 1
774 715 1
774 763 1
774 769 1
774 775 1
774 780 1
774 785 1
775 629 1
775 699 1
775 700 1
775 701 1
775 709 1
775 710 1
775 715 1
775 716 1
775 717 1
775 764 1
775 769 1
775 770 1
775 774 1
775 776 1
775 780 1
775 781 1
775 786 1
776 630 1
776 701 1
776 702 1
776 703 1
776 710 1
776 711 1
776 717 1
776 718 1
776 719 1
776 765 1
776 770 1
776 771 1
776 775 1
776 777 1
776 781 1
776 782 1
776 787 1
777 631 1
777 703 1
777 704 1
777 705 1
777 711 1
777 712 1
777 719 1
777 720 1
777 721 1
777 766 1
777 771 1
777 772 1
777 776 1
777 778 1
777 782 1
777 783 1
777 788 1
778 632 1
778 705 1
778 706 1
778 707 1
778 712 1
778 713 1
778 721 1
778 722 1
778 723 1
778 767 1
778 772 1
778 773 1
778 777 1
778 779 1
778 783 1
778 784 1
778 789 1
779 633 1
779 707 1
779 708 1
779 713 1
779 723 1
779 724 1
779 768 1
779 773 1
779 778 1
779 784 1
779 790 1
780 715 1
780 774 1
780 775 1
780 785 1
780 786 1
781 717 1
781 775 1
781 776 1
781 786 1
781 787 1
782 719 1
782 776 1
782 777 1
782 787 1
782 788 1
783 721 1
783 777 1
783 778 1
783 788 1
783 789 1
784 723 1
784 778 1
784 779 1
784 789 1
784 790 1
785 639 1
785 714 1
785 715 1
785 725 1
785 774 1
785 780 1
785 786 1
786 640 1
786 715 1
786 716 1
786 717 1
786 725 1
786 726 1
786 775 1
786 780 1
786 781 1
786 785 1
786 787 1
787 641 1
787 717 1
787 718 1
787 719 1
787 726 1
787 727 1
787 776 1
787 781 1
787 782 1
787 786 1
787 788 1
788 642 1
788 719 1
788 720 1
788 721 1
788 727 1
788 728 1
788 777 1
788 782 1
788 783 1
788 787 1
788 789 1
789 643 1
789 721 1
789 722 1
789 723 1
789 728 1
789 729 1
789 778 1
789 783 1
789 784 1
789 788 1
789 790 1
790 644 1
790 723 1
790 724 1
790 729 1
790 779 1
790 784 1
790 789 1
