# B10
0 0 1
0 1 1
0 2 1
0 3 1
0 4 1
0 5 1
0 6 1
1 0 -1
1 7 1
1 8 1
1 9 1
1 10 1
1 11 1
1 12 1
1 13 1
1 14 1
1 15 1
1 16 1
2 7 -1
2 17 1
2 18 1
2 19 1
2 20 1
2 21 1
2 22 1
2 23 1
2 24 1
2 25 1
2 26 1
3 17 -1
3 27 1
3 28 1
3 29 1
3 30 1
3 31 1
3 32 1
3 33 1
3 34 1
3 35 1
3 36 1
4 27 -1
4 37 1
4 38 1
4 39 1
4 40 1
4 41 1
4 42 1
4 43 1
4 44 1
4 45 1
4 46 1
5 37 -1
5 47 1
5 48 1
5 49 1
5 50 1
5 51 1
5 52 1
6 1 -1
6 8 -1
6 53 1
6 54 1
6 55 1
7 9 -1
7 18 -1
7 56 1
7 57 1
7 58 1
8 19 -1
8 28 -1
8 59 1
8 60 1
8 61 1
9 29 -1
9 38 -1
9 62 1
9 63 1
9 64 1
10 39 -1
10 47 -1
10 65 1
10 66 1
10 67 1
11 2 -1
11 53 -1
11 68 1
11 69 1
11 70 1
11 71 1
11 72 1
11 73 1
11 74 1
11 75 1
11 76 1
12 10 -1
12 54 -1
12 56 -1
12 68 -1
12 77 1
12 78 1
12 79 1
12 80 1
12 81 1
12 82 1
12 83 1
12 84 1
12 85 1
12 86 1
12 87 1
12 88 1
12 89 1
13 20 -1
13 57 -1
13 59 -1
13 77 -1
13 90 1
13 91 1
13 92 1
13 93 1
13 94 1
13 95 1
13 96 1
13 97 1
13 98 1
13 99 1
13 100 1
13 101 1
13 102 1
14 30 -1
14 60 -1
14 62 -1
14 90 -1
14 103 1
14 104 1
14 105 1
14 106 1
14 107 1
14 108 1
14 109 1
14 110 1
14 111 1
14 112 1
14 113 1
14 114 1
14 115 1
15 40 -1
15 63 -1
15 65 -1
15 103 -1
15 116 1
15 117 1
15 118 1
15 119 1
15 120 1
15 121 1
15 122 1
15 123 1
15 124 1
15 125 1
15 126 1
15 127 1
15 128 1
16 48 -1
16 66 -1
16 116 -1
16 129 1
16 130 1
16 131 1
16 132 1
16 133 1
16 134 1
16 135 1
16 136 1
17 69 -1
17 78 -1
17 137 1
17 138 1
17 139 1
18 79 -1
18 91 -1
18 140 1
18 141 1
18 142 1
19 92 -1
19 104 -1
19 143 1
19 144 1
19 145 1
20 105 -1
20 117 -1
20 146 1
20 147 1
20 148 1
21 118 -1
21 129 -1
21 149 1
21 150 1
21 151 1
22 70 -1
22 137 -1
22 152 1
22 153 1
22 154 1
22 155 1
22 156 1
22 157 1
22 158 1
22 159 1
22 160 1
23 80 -1
23 138 -1
23 140 -1
23 152 -1
23 161 1
23 162 1
23 163 1
23 164 1
23 165 1
23 166 1
23 167 1
23 168 1
23 169 1
23 170 1
23 171 1
23 172 1
23 173 1
24 93 -1
24 141 -1
24 143 -1
24 161 -1
24 174 1
24 175 1
24 176 1
24 177 1
24 178 1
24 179 1
24 180 1
24 181 1
24 182 1
24 183 1
24 184 1
24 185 1
24 186 1
25 106 -1
25 144 -1
25 146 -1
25 174 -1
25 187 1
25 188 1
25 189 1
25 190 1
25 191 1
25 192 1
25 193 1
25 194 1
25 195 1
25 196 1
25 197 1
25 198 1
25 199 1
26 119 -1
26 147 -1
26 149 -1
26 187 -1
26 200 1
26 201 1
26 202 1
26 203 1
26 204 1
26 205 1
26 206 1
26 207 1
26 208 1
26 209 1
26 210 1
26 211 1
26 212 1
27 130 -1
27 150 -1
27 200 -1
27 213 1
27 214 1
27 215 1
27 216 1
27 217 1
27 218 1
27 219 1
27 220 1
28 153 -1
28 162 -1
28 221 1
28 222 1
28 223 1
29 163 -1
29 175 -1
29 224 1
29 225 1
29 226 1
30 176 -1
30 188 -1
30 227 1
30 228 1
30 229 1
31 189 -1
31 201 -1
31 230 1
31 231 1
31 232 1
32 202 -1
32 213 -1
32 233 1
32 234 1
32 235 1
33 154 -1
33 221 -1
33 236 1
33 237 1
33 238 1
33 239 1
33 240 1
33 241 1
33 242 1
33 243 1
33 244 1
34 164 -1
34 222 -1
34 224 -1
34 236 -1
34 245 1
34 246 1
34 247 1
34 248 1
34 249 1
34 250 1
34 251 1
34 252 1
34 253 1
34 254 1
34 255 1
34 256 1
34 257 1
35 177 -1
35 225 -1
35 227 -1
35 245 -1
35 258 1
35 259 1
35 260 1
35 261 1
35 262 1
35 263 1
35 264 1
35 265 1
35 266 1
35 267 1
35 268 1
35 269 1
35 270 1
36 190 -1
36 228 -1
36 230 -1
36 258 -1
36 271 1
36 272 1
36 273 1
36 274 1
36 275 1
36 276 1
36 277 1
36 278 1
36 279 1
36 280 1
36 281 1
36 282 1
36 283 1
37 203 -1
37 231 -1
37 233 -1
37 271 -1
37 284 1
37 285 1
37 286 1
37 287 1
37 288 1
37 289 1
37 290 1
37 291 1
37 292 1
37 293 1
37 294 1
37 295 1
37 296 1
38 214 -1
38 234 -1
38 284 -1
38 297 1
38 298 1
38 299 1
38 300 1
38 301 1
38 302 1
38 303 1
38 304 1
39 237 -1
39 246 -1
39 305 1
39 306 1
39 307 1
40 247 -1
40 259 -1
40 308 1
40 309 1
40 310 1
41 260 -1
41 272 -1
41 311 1
41 312 1
41 313 1
42 273 -1
42 285 -1
42 314 1
42 315 1
42 316 1
43 286 -1
43 297 -1
43 317 1
43 318 1
43 319 1
44 238 -1
44 305 -1
44 320 1
44 321 1
44 322 1
44 323 1
44 324 1
44 325 1
44 326 1
44 327 1
44 328 1
45 248 -1
45 306 -1
45 308 -1
45 320 -1
45 329 1
45 330 1
45 331 1
45 332 1
45 333 1
45 334 1
45 335 1
45 336 1
45 337 1
45 338 1
45 339 1
45 340 1
45 341 1
46 261 -1
46 309 -1
46 311 -1
46 329 -1
46 342 1
46 343 1
46 344 1
46 345 1
46 346 1
46 347 1
46 348 1
46 349 1
46 350 1
46 351 1
46 352 1
46 353 1
46 354 1
47 274 -1
47 312 -1
47 314 -1
47 342 -1
47 355 1
47 356 1
47 357 1
47 358 1
47 359 1
47 360 1
47 361 1
47 362 1
47 363 1
47 364 1
47 365 1
47 366 1
47 367 1
48 287 -1
48 315 -1
48 317 -1
48 355 -1
48 368 1
48 369 1
48 370 1
48 371 1
48 372 1
48 373 1
48 374 1
48 375 1
48 376 1
48 377 1
48 378 1
48 379 1
48 380 1
49 298 -1
49 318 -1
49 368 -1
49 381 1
49 382 1
49 383 1
49 384 1
49 385 1
49 386 1
49 387 1
49 388 1
50 321 -1
50 330 -1
50 389 1
50 390 1
50 391 1
51 331 -1
51 343 -1
51 392 1
51 393 1
51 394 1
52 344 -1
52 356 -1
52 395 1
52 396 1
52 397 1
53 357 -1
53 369 -1
53 398 1
53 399 1
53 400 1
54 370 -1
54 381 -1
54 401 1
54 402 1
54 403 1
55 322 -1
55 389 -1
55 404 1
55 405 1
55 406 1
55 407 1
55 408 1
56 332 -1
56 390 -1
56 392 -1
56 404 -1
56 409 1
56 410 1
56 411 1
56 412 1
56 413 1
56 414 1
56 415 1
57 345 -1
57 393 -1
57 395 -1
57 409 -1
57 416 1
57 417 1
57 418 1
57 419 1
57 420 1
57 421 1
57 422 1
58 358 -1
58 396 -1
58 398 -1
58 416 -1
58 423 1
58 424 1
58 425 1
58 426 1
58 427 1
58 428 1
58 429 1
59 371 -1
59 399 -1
59 401 -1
59 423 -1
59 430 1
59 431 1
59 432 1
59 433 1
59 434 1
59 435 1
59 436 1
60 382 -1
60 402 -1
60 430 -1
60 437 1
60 438 1
60 439 1
60 440 1
61 3 -1
61 11 -1
61 441 1
61 442 1
61 443 1
62 12 -1
62 21 -1
62 444 1
62 445 1
62 446 1
63 22 -1
63 31 -1
63 447 1
63 448 1
63 449 1
64 32 -1
64 41 -1
64 450 1
64 451 1
64 452 1
65 42 -1
65 49 -1
65 453 1
65 454 1
65 455 1
66 4 -1
66 71 -1
66 456 1
66 457 1
66 458 1
67 5 -1
67 13 -1
67 55 -1
67 72 -1
67 81 -1
67 441 -1
67 456 -1
67 459 1
67 460 1
67 461 1
67 462 1
67 463 1
67 464 1
67 465 1
68 14 -1
68 82 -1
68 459 -1
68 466 1
68 467 1
68 468 1
69 15 -1
69 23 -1
69 58 -1
69 83 -1
69 94 -1
69 444 -1
69 466 -1
69 469 1
69 470 1
69 471 1
69 472 1
69 473 1
69 474 1
69 475 1
70 24 -1
70 95 -1
70 469 -1
70 476 1
70 477 1
70 478 1
71 25 -1
71 33 -1
71 61 -1
71 96 -1
71 107 -1
71 447 -1
71 476 -1
71 479 1
71 480 1
71 481 1
71 482 1
71 483 1
71 484 1
71 485 1
72 34 -1
72 108 -1
72 479 -1
72 486 1
72 487 1
72 488 1
73 35 -1
73 43 -1
73 64 -1
73 109 -1
73 120 -1
73 450 -1
73 486 -1
73 489 1
73 490 1
73 491 1
73 492 1
73 493 1
73 494 1
73 495 1
74 44 -1
74 121 -1
74 489 -1
74 496 1
74 497 1
74 498 1
75 45 -1
75 50 -1
75 67 -1
75 122 -1
75 131 -1
75 453 -1
75 496 -1
75 499 1
75 500 1
75 501 1
75 502 1
75 503 1
75 504 1
75 505 1
76 51 -1
76 132 -1
76 499 -1
76 506 1
76 507 1
77 73 -1
77 84 -1
77 460 -1
77 508 1
77 509 1
77 510 1
78 85 -1
78 97 -1
78 470 -1
78 511 1
78 512 1
78 513 1
79 98 -1
79 110 -1
79 480 -1
79 514 1
79 515 1
79 516 1
80 111 -1
80 123 -1
80 490 -1
80 517 1
80 518 1
80 519 1
81 124 -1
81 133 -1
81 500 -1
81 520 1
81 521 1
81 522 1
82 74 -1
82 155 -1
82 523 1
82 524 1
82 525 1
83 75 -1
83 86 -1
83 139 -1
83 156 -1
83 165 -1
83 508 -1
83 523 -1
83 526 1
83 527 1
83 528 1
83 529 1
83 530 1
83 531 1
83 532 1
84 87 -1
84 166 -1
84 526 -1
84 533 1
84 534 1
84 535 1
85 88 -1
85 99 -1
85 142 -1
85 167 -1
85 178 -1
85 511 -1
85 533 -1
85 536 1
85 537 1
85 538 1
85 539 1
85 540 1
85 541 1
85 542 1
86 100 -1
86 179 -1
86 536 -1
86 543 1
86 544 1
86 545 1
87 101 -1
87 112 -1
87 145 -1
87 180 -1
87 191 -1
87 514 -1
87 543 -1
87 546 1
87 547 1
87 548 1
87 549 1
87 550 1
87 551 1
87 552 1
88 113 -1
88 192 -1
88 546 -1
88 553 1
88 554 1
88 555 1
89 114 -1
89 125 -1
89 148 -1
89 193 -1
89 204 -1
89 517 -1
89 553 -1
89 556 1
89 557 1
89 558 1
89 559 1
89 560 1
89 561 1
89 562 1
90 126 -1
90 205 -1
90 556 -1
90 563 1
90 564 1
90 565 1
91 127 -1
91 134 -1
91 151 -1
91 206 -1
91 215 -1
91 520 -1
91 563 -1
91 566 1
91 567 1
91 568 1
91 569 1
91 570 1
91 571 1
91 572 1
92 135 -1
92 216 -1
92 566 -1
92 573 1
92 574 1
93 157 -1
93 168 -1
93 527 -1
93 575 1
93 576 1
93 577 1
94 169 -1
94 181 -1
94 537 -1
94 578 1
94 579 1
94 580 1
95 182 -1
95 194 -1
95 547 -1
95 581 1
95 582 1
95 583 1
96 195 -1
96 207 -1
96 557 -1
96 584 1
96 585 1
96 586 1
97 208 -1
97 217 -1
97 567 -1
97 587 1
97 588 1
97 589 1
98 158 -1
98 239 -1
98 590 1
98 591 1
98 592 1
99 159 -1
99 170 -1
99 223 -1
99 240 -1
99 249 -1
99 575 -1
99 590 -1
99 593 1
99 594 1
99 595 1
99 596 1
99 597 1
99 598 1
99 599 1
100 171 -1
100 250 -1
100 593 -1
100 600 1
100 601 1
100 602 1
101 172 -1
101 183 -1
101 226 -1
101 251 -1
101 262 -1
101 578 -1
101 600 -1
101 603 1
101 604 1
101 605 1
101 606 1
101 607 1
101 608 1
101 609 1
102 184 -1
102 263 -1
102 603 -1
102 610 1
102 611 1
102 612 1
103 185 -1
103 196 -1
103 229 -1
103 264 -1
103 275 -1
103 581 -1
103 610 -1
103 613 1
103 614 1
103 615 1
103 616 1
103 617 1
103 618 1
103 619 1
104 197 -1
104 276 -1
104 613 -1
104 620 1
104 621 1
104 622 1
105 198 -1
105 209 -1
105 232 -1
105 277 -1
105 288 -1
105 584 -1
105 620 -1
105 623 1
105 624 1
105 625 1
105 626 1
105 627 1
105 628 1
105 629 1
106 210 -1
106 289 -1
106 623 -1
106 630 1
106 631 1
106 632 1
107 211 -1
107 218 -1
107 235 -1
107 290 -1
107 299 -1
107 587 -1
107 630 -1
107 633 1
107 634 1
107 635 1
107 636 1
107 637 1
107 638 1
107 639 1
108 219 -1
108 300 -1
108 633 -1
108 640 1
108 641 1
109 241 -1
109 252 -1
109 594 -1
109 642 1
109 643 1
109 644 1
110 253 -1
110 265 -1
110 604 -1
110 645 1
110 646 1
110 647 1
111 266 -1
111 278 -1
111 614 -1
111 648 1
111 649 1
111 650 1
112 279 -1
112 291 -1
112 624 -1
112 651 1
112 652 1
112 653 1
113 292 -1
113 301 -1
113 634 -1
113 654 1
113 655 1
113 656 1
114 242 -1
114 323 -1
114 657 1
114 658 1
114 659 1
115 243 -1
115 254 -1
115 307 -1
115 324 -1
115 333 -1
115 642 -1
115 657 -1
115 660 1
115 661 1
115 662 1
115 663 1
115 664 1
115 665 1
115 666 1
116 255 -1
116 334 -1
116 660 -1
116 667 1
116 668 1
116 669 1
117 256 -1
117 267 -1
117 310 -1
117 335 -1
117 346 -1
117 645 -1
117 667 -1
117 670 1
117 671 1
117 672 1
117 673 1
117 674 1
117 675 1
117 676 1
118 268 -1
118 347 -1
118 670 -1
118 677 1
118 678 1
118 679 1
119 269 -1
119 280 -1
119 313 -1
119 348 -1
119 359 -1
119 648 -1
119 677 -1
119 680 1
119 681 1
119 682 1
119 683 1
119 684 1
119 685 1
119 686 1
120 281 -1
120 360 -1
120 680 -1
120 687 1
120 688 1
120 689 1
121 282 -1
121 293 -1
121 316 -1
121 361 -1
121 372 -1
121 651 -1
121 687 -1
121 690 1
121 691 1
121 692 1
121 693 1
121 694 1
121 695 1
121 696 1
122 294 -1
122 373 -1
122 690 -1
122 697 1
122 698 1
122 699 1
123 295 -1
123 302 -1
123 319 -1
123 374 -1
123 383 -1
123 654 -1
123 697 -1
123 700 1
123 701 1
123 702 1
123 703 1
123 704 1
123 705 1
123 706 1
124 303 -1
124 384 -1
124 700 -1
124 707 1
124 708 1
125 325 -1
125 336 -1
125 661 -1
125 709 1
125 710 1
125 711 1
126 337 -1
126 349 -1
126 671 -1
126 712 1
126 713 1
126 714 1
127 350 -1
127 362 -1
127 681 -1
127 715 1
127 716 1
127 717 1
128 363 -1
128 375 -1
128 691 -1
128 718 1
128 719 1
128 720 1
129 376 -1
129 385 -1
129 701 -1
129 721 1
129 722 1
129 723 1
130 326 -1
130 405 -1
130 724 1
130 725 1
130 726 1
131 327 -1
131 338 -1
131 391 -1
131 406 -1
131 410 -1
131 709 -1
131 724 -1
131 727 1
131 728 1
131 729 1
131 730 1
131 731 1
131 732 1
131 733 1
132 339 -1
132 411 -1
132 727 -1
132 734 1
132 735 1
132 736 1
133 340 -1
133 351 -1
133 394 -1
133 412 -1
133 417 -1
133 712 -1
133 734 -1
133 737 1
133 738 1
133 739 1
133 740 1
133 741 1
133 742 1
133 743 1
134 352 -1
134 418 -1
134 737 -1
134 744 1
134 745 1
134 746 1
135 353 -1
135 364 -1
135 397 -1
135 419 -1
135 424 -1
135 715 -1
135 744 -1
135 747 1
135 748 1
135 749 1
135 750 1
135 751 1
135 752 1
135 753 1
136 365 -1
136 425 -1
136 747 -1
136 754 1
136 755 1
136 756 1
137 366 -1
137 377 -1
137 400 -1
137 426 -1
137 431 -1
137 718 -1
137 754 -1
137 757 1
137 758 1
137 759 1
137 760 1
137 761 1
137 762 1
137 763 1
138 378 -1
138 432 -1
138 757 -1
138 764 1
138 765 1
138 766 1
139 379 -1
139 386 -1
139 403 -1
139 433 -1
139 437 -1
139 721 -1
139 764 -1
139 767 1
139 768 1
139 769 1
139 770 1
139 771 1
139 772 1
139 773 1
140 387 -1
140 438 -1
140 767 -1
140 774 1
140 775 1
141 407 -1
141 413 -1
141 728 -1
141 776 1
141 777 1
142 414 -1
142 420 -1
142 738 -1
142 778 1
142 779 1
143 421 -1
143 427 -1
143 748 -1
143 780 1
143 781 1
144 428 -1
144 434 -1
144 758 -1
144 782 1
144 783 1
145 435 -1
145 439 -1
145 768 -1
145 784 1
145 785 1
146 6 -1
146 442 -1
146 457 -1
146 461 -1
146 786 1
146 787 1
146 788 1
146 789 1
146 790 1
146 791 1
146 792 1
147 16 -1
147 443 -1
147 445 -1
147 462 -1
147 467 -1
147 471 -1
147 786 -1
147 793 1
147 794 1
147 795 1
147 796 1
147 797 1
147 798 1
147 799 1
147 800 1
147 801 1
147 802 1
148 26 -1
148 446 -1
148 448 -1
148 472 -1
148 477 -1
148 481 -1
148 793 -1
148 803 1
148 804 1
148 805 1
148 806 1
148 807 1
148 808 1
148 809 1
148 810 1
148 811 1
148 812 1
149 36 -1
149 449 -1
149 451 -1
149 482 -1
149 487 -1
149 491 -1
149 803 -1
149 813 1
149 814 1
149 815 1
149 816 1
149 817 1
149 818 1
149 819 1
149 820 1
149 821 1
149 822 1
150 46 -1
150 452 -1
150 454 -1
150 492 -1
150 497 -1
150 501 -1
150 813 -1
150 823 1
150 824 1
150 825 1
150 826 1
150 827 1
150 828 1
150 829 1
150 830 1
150 831 1
150 832 1
151 52 -1
151 455 -1
151 502 -1
151 506 -1
151 823 -1
151 833 1
151 834 1
151 835 1
151 836 1
151 837 1
151 838 1
152 463 -1
152 787 -1
152 794 -1
152 839 1
152 840 1
152 841 1
153 473 -1
153 795 -1
153 804 -1
153 842 1
153 843 1
153 844 1
154 483 -1
154 805 -1
154 814 -1
154 845 1
154 846 1
154 847 1
155 493 -1
155 815 -1
155 824 -1
155 848 1
155 849 1
155 850 1
156 503 -1
156 825 -1
156 833 -1
156 851 1
156 852 1
156 853 1
157 76 -1
157 458 -1
157 464 -1
157 509 -1
157 524 -1
157 528 -1
157 788 -1
157 839 -1
157 854 1
157 855 1
157 856 1
157 857 1
157 858 1
157 859 1
157 860 1
157 861 1
157 862 1
158 89 -1
158 465 -1
158 468 -1
158 474 -1
158 510 -1
158 512 -1
158 529 -1
158 534 -1
158 538 -1
158 796 -1
158 840 -1
158 842 -1
158 854 -1
158 863 1
158 864 1
158 865 1
158 866 1
158 867 1
158 868 1
158 869 1
158 870 1
158 871 1
158 872 1
158 873 1
158 874 1
158 875 1
159 102 -1
159 475 -1
159 478 -1
159 484 -1
159 513 -1
159 515 -1
159 539 -1
159 544 -1
159 548 -1
159 806 -1
159 843 -1
159 845 -1
159 863 -1
159 876 1
159 877 1
159 878 1
159 879 1
159 880 1
159 881 1
159 882 1
159 883 1
159 884 1
159 885 1
159 886 1
159 887 1
159 888 1
160 115 -1
160 485 -1
160 488 -1
160 494 -1
160 516 -1
160 518 -1
160 549 -1
160 554 -1
160 558 -1
160 816 -1
160 846 -1
160 848 -1
160 876 -1
160 889 1
160 890 1
160 891 1
160 892 1
160 893 1
160 894 1
160 895 1
160 896 1
160 897 1
160 898 1
160 899 1
160 900 1
160 901 1
161 128 -1
161 495 -1
161 498 -1
161 504 -1
161 519 -1
161 521 -1
161 559 -1
161 564 -1
161 568 -1
161 826 -1
161 849 -1
161 851 -1
161 889 -1
161 902 1
161 903 1
161 904 1
161 905 1
161 906 1
161 907 1
161 908 1
161 909 1
161 910 1
161 911 1
161 912 1
161 913 1
161 914 1
162 136 -1
162 505 -1
162 507 -1
162 522 -1
162 569 -1
162 573 -1
162 834 -1
162 852 -1
162 902 -1
162 915 1
162 916 1
162 917 1
162 918 1
162 919 1
162 920 1
162 921 1
162 922 1
163 530 -1
163 855 -1
163 864 -1
163 923 1
163 924 1
163 925 1
164 540 -1
164 865 -1
164 877 -1
164 926 1
164 927 1
164 928 1
165 550 -1
165 878 -1
165 890 -1
165 929 1
165 930 1
165 931 1
166 560 -1
166 891 -1
166 903 -1
166 932 1
166 933 1
166 934 1
167 570 -1
167 904 -1
167 915 -1
167 935 1
167 936 1
167 937 1
168 160 -1
168 525 -1
168 531 -1
168 576 -1
168 591 -1
168 595 -1
168 856 -1
168 923 -1
168 938 1
168 939 1
168 940 1
168 941 1
168 942 1
168 943 1
168 944 1
168 945 1
168 946 1
169 173 -1
169 532 -1
169 535 -1
169 541 -1
169 577 -1
169 579 -1
169 596 -1
169 601 -1
169 605 -1
169 866 -1
169 924 -1
169 926 -1
169 938 -1
169 947 1
169 948 1
169 949 1
169 950 1
169 951 1
169 952 1
169 953 1
169 954 1
169 955 1
169 956 1
169 957 1
169 958 1
169 959 1
170 186 -1
170 542 -1
170 545 -1
170 551 -1
170 580 -1
170 582 -1
170 606 -1
170 611 -1
170 615 -1
170 879 -1
170 927 -1
170 929 -1
170 947 -1
170 960 1
170 961 1
170 962 1
170 963 1
170 964 1
170 965 1
170 966 1
170 967 1
170 968 1
170 969 1
170 970 1
170 971 1
170 972 1
171 199 -1
171 552 -1
171 555 -1
171 561 -1
171 583 -1
171 585 -1
171 616 -1
171 621 -1
171 625 -1
171 892 -1
171 930 -1
171 932 -1
171 960 -1
171 973 1
171 974 1
171 975 1
171 976 1
171 977 1
171 978 1
171 979 1
171 980 1
171 981 1
171 982 1
171 983 1
171 984 1
171 985 1
172 212 -1
172 562 -1
172 565 -1
172 571 -1
172 586 -1
172 588 -1
172 626 -1
172 631 -1
172 635 -1
172 905 -1
172 933 -1
172 935 -1
172 973 -1
172 986 1
172 987 1
172 988 1
172 989 1
172 990 1
172 991 1
172 992 1
172 993 1
172 994 1
172 995 1
172 996 1
172 997 1
172 998 1
173 220 -1
173 572 -1
173 574 -1
173 589 -1
173 636 -1
173 640 -1
173 916 -1
173 936 -1
173 986 -1
173 999 1
173 1000 1
173 1001 1
173 1002 1
173 1003 1
173 1004 1
173 1005 1
173 1006 1
174 597 -1
174 939 -1
174 948 -1
174 1007 1
174 1008 1
174 1009 1
175 607 -1
175 949 -1
175 961 -1
175 1010 1
175 1011 1
175 1012 1
176 617 -1
176 962 -1
176 974 -1
176 1013 1
176 1014 1
176 1015 1
177 627 -1
177 975 -1
177 987 -1
177 1016 1
177 1017 1
177 1018 1
178 637 -1
178 988 -1
178 999 -1
178 1019 1
178 1020 1
178 1021 1
179 244 -1
179 592 -1
179 598 -1
179 643 -1
179 658 -1
179 662 -1
179 940 -1
179 1007 -1
179 1022 1
179 1023 1
179 1024 1
179 1025 1
179 1026 1
179 1027 1
179 1028 1
179 1029 1
179 1030 1
180 257 -1
180 599 -1
180 602 -1
180 608 -1
180 644 -1
180 646 -1
180 663 -1
180 668 -1
180 672 -1
180 950 -1
180 1008 -1
180 1010 -1
180 1022 -1
180 1031 1
180 1032 1
180 1033 1
180 1034 1
180 1035 1
180 1036 1
180 1037 1
180 1038 1
180 1039 1
180 1040 1
180 1041 1
180 1042 1
180 1043 1
181 270 -1
181 609 -1
181 612 -1
181 618 -1
181 647 -1
181 649 -1
181 673 -1
181 678 -1
181 682 -1
181 963 -1
181 1011 -1
181 1013 -1
181 1031 -1
181 1044 1
181 1045 1
181 1046 1
181 1047 1
181 1048 1
181 1049 1
181 1050 1
181 1051 1
181 1052 1
181 1053 1
181 1054 1
181 1055 1
181 1056 1
182 283 -1
182 619 -1
182 622 -1
182 628 -1
182 650 -1
182 652 -1
182 683 -1
182 688 -1
182 692 -1
182 976 -1
182 1014 -1
182 1016 -1
182 1044 -1
182 1057 1
182 1058 1
182 1059 1
182 1060 1
182 1061 1
182 1062 1
182 1063 1
182 1064 1
182 1065 1
182 1066 1
182 1067 1
182 1068 1
182 1069 1
183 296 -1
183 629 -1
183 632 -1
183 638 -1
183 653 -1
183 655 -1
183 693 -1
183 698 -1
183 702 -1
183 989 -1
183 1017 -1
183 1019 -1
183 1057 -1
183 1070 1
183 1071 1
183 1072 1
183 1073 1
183 1074 1
183 1075 1
183 1076 1
183 1077 1
183 1078 1
183 1079 1
183 1080 1
183 1081 1
183 1082 1
184 304 -1
184 639 -1
184 641 -1
184 656 -1
184 703 -1
184 707 -1
184 1000 -1
184 1020 -1
184 1070 -1
184 1083 1
184 1084 1
184 1085 1
184 1086 1
184 1087 1
184 1088 1
184 1089 1
184 1090 1
185 664 -1
185 1023 -1
185 1032 -1
185 1091 1
185 1092 1
185 1093 1
186 674 -1
186 1033 -1
186 1045 -1
186 1094 1
186 1095 1
186 1096 1
187 684 -1
187 1046 -1
187 1058 -1
187 1097 1
187 1098 1
187 1099 1
188 694 -1
188 1059 -1
188 1071 -1
188 1100 1
188 1101 1
188 1102 1
189 704 -1
189 1072 -1
189 1083 -1
189 1103 1
189 1104 1
189 1105 1
190 328 -1
190 659 -1
190 665 -1
190 710 -1
190 725 -1
190 729 -1
190 1024 -1
190 1091 -1
190 1106 1
190 1107 1
190 1108 1
190 1109 1
190 1110 1
190 1111 1
190 1112 1
190 1113 1
190 1114 1
191 341 -1
191 666 -1
191 669 -1
191 675 -1
191 711 -1
191 713 -1
191 730 -1
191 735 -1
191 739 -1
191 1034 -1
191 1092 -1
191 1094 -1
191 1106 -1
191 1115 1
191 1116 1
191 1117 1
191 1118 1
191 1119 1
191 1120 1
191 1121 1
191 1122 1
191 1123 1
191 1124 1
191 1125 1
191 1126 1
191 1127 1
192 354 -1
192 676 -1
192 679 -1
192 685 -1
192 714 -1
192 716 -1
192 740 -1
192 745 -1
192 749 -1
192 1047 -1
192 1095 -1
192 1097 -1
192 1115 -1
192 1128 1
192 1129 1
192 1130 1
192 1131 1
192 1132 1
192 1133 1
192 1134 1
192 1135 1
192 1136 1
192 1137 1
192 1138 1
192 1139 1
192 1140 1
193 367 -1
193 686 -1
193 689 -1
193 695 -1
193 717 -1
193 719 -1
193 750 -1
193 755 -1
193 759 -1
193 1060 -1
193 1098 -1
193 1100 -1
193 1128 -1
193 1141 1
193 1142 1
193 1143 1
193 1144 1
193 1145 1
193 1146 1
193 1147 1
193 1148 1
193 1149 1
193 1150 1
193 1151 1
193 1152 1
193 1153 1
194 380 -1
194 696 -1
194 699 -1
194 705 -1
194 720 -1
194 722 -1
194 760 -1
194 765 -1
194 769 -1
194 1073 -1
194 1101 -1
194 1103 -1
194 1141 -1
194 1154 1
194 1155 1
194 1156 1
194 1157 1
194 1158 1
194 1159 1
194 1160 1
194 1161 1
194 1162 1
194 1163 1
194 1164 1
194 1165 1
194 1166 1
195 388 -1
195 706 -1
195 708 -1
195 723 -1
195 770 -1
195 774 -1
195 1084 -1
195 1104 -1
195 1154 -1
195 1167 1
195 1168 1
195 1169 1
195 1170 1
195 1171 1
195 1172 1
195 1173 1
195 1174 1
196 731 -1
196 1107 -1
196 1116 -1
196 1175 1
196 1176 1
196 1177 1
197 741 -1
197 1117 -1
197 1129 -1
197 1178 1
197 1179 1
197 1180 1
198 751 -1
198 1130 -1
198 1142 -1
198 1181 1
198 1182 1
198 1183 1
199 761 -1
199 1143 -1
199 1155 -1
199 1184 1
199 1185 1
199 1186 1
200 771 -1
200 1156 -1
200 1167 -1
200 1187 1
200 1188 1
200 1189 1
201 408 -1
201 726 -1
201 732 -1
201 776 -1
201 1108 -1
201 1175 -1
201 1190 1
201 1191 1
201 1192 1
201 1193 1
201 1194 1
202 415 -1
202 733 -1
202 736 -1
202 742 -1
202 777 -1
202 778 -1
202 1118 -1
202 1176 -1
202 1178 -1
202 1190 -1
202 1195 1
202 1196 1
202 1197 1
202 1198 1
202 1199 1
202 1200 1
202 1201 1
203 422 -1
203 743 -1
203 746 -1
203 752 -1
203 779 -1
203 780 -1
203 1131 -1
203 1179 -1
203 1181 -1
203 1195 -1
203 1202 1
203 1203 1
203 1204 1
203 1205 1
203 1206 1
203 1207 1
203 1208 1
204 429 -1
204 753 -1
204 756 -1
204 762 -1
204 781 -1
204 782 -1
204 1144 -1
204 1182 -1
204 1184 -1
204 1202 -1
204 1209 1
204 1210 1
204 1211 1
204 1212 1
204 1213 1
204 1214 1
204 1215 1
205 436 -1
205 763 -1
205 766 -1
205 772 -1
205 783 -1
205 784 -1
205 1157 -1
205 1185 -1
205 1187 -1
205 1209 -1
205 1216 1
205 1217 1
205 1218 1
205 1219 1
205 1220 1
205 1221 1
205 1222 1
206 440 -1
206 773 -1
206 775 -1
206 785 -1
206 1168 -1
206 1188 -1
206 1216 -1
206 1223 1
206 1224 1
206 1225 1
206 1226 1
207 789 -1
207 797 -1
207 1227 1
207 1228 1
207 1229 1
208 798 -1
208 807 -1
208 1230 1
208 1231 1
208 1232 1
209 808 -1
209 817 -1
209 1233 1
209 1234 1
209 1235 1
210 818 -1
210 827 -1
210 1236 1
210 1237 1
210 1238 1
211 828 -1
211 835 -1
211 1239 1
211 1240 1
211 1241 1
212 790 -1
212 857 -1
212 1242 1
212 1243 1
212 1244 1
213 791 -1
213 799 -1
213 841 -1
213 858 -1
213 867 -1
213 1227 -1
213 1242 -1
213 1245 1
213 1246 1
213 1247 1
213 1248 1
213 1249 1
213 1250 1
213 1251 1
214 800 -1
214 868 -1
214 1245 -1
214 1252 1
214 1253 1
214 1254 1
215 801 -1
215 809 -1
215 844 -1
215 869 -1
215 880 -1
215 1230 -1
215 1252 -1
215 1255 1
215 1256 1
215 1257 1
215 1258 1
215 1259 1
215 1260 1
215 1261 1
216 810 -1
216 881 -1
216 1255 -1
216 1262 1
216 1263 1
216 1264 1
217 811 -1
217 819 -1
217 847 -1
217 882 -1
217 893 -1
217 1233 -1
217 1262 -1
217 1265 1
217 1266 1
217 1267 1
217 1268 1
217 1269 1
217 1270 1
217 1271 1
218 820 -1
218 894 -1
218 1265 -1
218 1272 1
218 1273 1
218 1274 1
219 821 -1
219 829 -1
219 850 -1
219 895 -1
219 906 -1
219 1236 -1
219 1272 -1
219 1275 1
219 1276 1
219 1277 1
219 1278 1
219 1279 1
219 1280 1
219 1281 1
220 830 -1
220 907 -1
220 1275 -1
220 1282 1
220 1283 1
220 1284 1
221 831 -1
221 836 -1
221 853 -1
221 908 -1
221 917 -1
221 1239 -1
221 1282 -1
221 1285 1
221 1286 1
221 1287 1
221 1288 1
221 1289 1
221 1290 1
221 1291 1
222 837 -1
222 918 -1
222 1285 -1
222 1292 1
222 1293 1
223 859 -1
223 870 -1
223 1246 -1
223 1294 1
223 1295 1
223 1296 1
224 871 -1
224 883 -1
224 1256 -1
224 1297 1
224 1298 1
224 1299 1
225 884 -1
225 896 -1
225 1266 -1
225 1300 1
225 1301 1
225 1302 1
226 897 -1
226 909 -1
226 1276 -1
226 1303 1
226 1304 1
226 1305 1
227 910 -1
227 919 -1
227 1286 -1
227 1306 1
227 1307 1
227 1308 1
228 860 -1
228 941 -1
228 1309 1
228 1310 1
228 1311 1
229 861 -1
229 872 -1
229 925 -1
229 942 -1
229 951 -1
229 1294 -1
229 1309 -1
229 1312 1
229 1313 1
229 1314 1
229 1315 1
229 1316 1
229 1317 1
229 1318 1
230 873 -1
230 952 -1
230 1312 -1
230 1319 1
230 1320 1
230 1321 1
231 874 -1
231 885 -1
231 928 -1
231 953 -1
231 964 -1
231 1297 -1
231 1319 -1
231 1322 1
231 1323 1
231 1324 1
231 1325 1
231 1326 1
231 1327 1
231 1328 1
232 886 -1
232 965 -1
232 1322 -1
232 1329 1
232 1330 1
232 1331 1
233 887 -1
233 898 -1
233 931 -1
233 966 -1
233 977 -1
233 1300 -1
233 1329 -1
233 1332 1
233 1333 1
233 1334 1
233 1335 1
233 1336 1
233 1337 1
233 1338 1
234 899 -1
234 978 -1
234 1332 -1
234 1339 1
234 1340 1
234 1341 1
235 900 -1
235 911 -1
235 934 -1
235 979 -1
235 990 -1
235 1303 -1
235 1339 -1
235 1342 1
235 1343 1
235 1344 1
235 1345 1
235 1346 1
235 1347 1
235 1348 1
236 912 -1
236 991 -1
236 1342 -1
236 1349 1
236 1350 1
236 1351 1
237 913 -1
237 920 -1
237 937 -1
237 992 -1
237 1001 -1
237 1306 -1
237 1349 -1
237 1352 1
237 1353 1
237 1354 1
237 1355 1
237 1356 1
237 1357 1
237 1358 1
238 921 -1
238 1002 -1
238 1352 -1
238 1359 1
238 1360 1
239 943 -1
239 954 -1
239 1313 -1
239 1361 1
239 1362 1
239 1363 1
240 955 -1
240 967 -1
240 1323 -1
240 1364 1
240 1365 1
240 1366 1
241 968 -1
241 980 -1
241 1333 -1
241 1367 1
241 1368 1
241 1369 1
242 981 -1
242 993 -1
242 1343 -1
242 1370 1
242 1371 1
242 1372 1
243 994 -1
243 1003 -1
243 1353 -1
243 1373 1
243 1374 1
243 1375 1
244 944 -1
244 1025 -1
244 1376 1
244 1377 1
244 1378 1
245 945 -1
245 956 -1
245 1009 -1
245 1026 -1
245 1035 -1
245 1361 -1
245 1376 -1
245 1379 1
245 1380 1
245 1381 1
245 1382 1
245 1383 1
245 1384 1
245 1385 1
246 957 -1
246 1036 -1
246 1379 -1
246 1386 1
246 1387 1
246 1388 1
247 958 -1
247 969 -1
247 1012 -1
247 1037 -1
247 1048 -1
247 1364 -1
247 1386 -1
247 1389 1
247 1390 1
247 1391 1
247 1392 1
247 1393 1
247 1394 1
247 1395 1
248 970 -1
248 1049 -1
248 1389 -1
248 1396 1
248 1397 1
248 1398 1
249 971 -1
249 982 -1
249 1015 -1
249 1050 -1
249 1061 -1
249 1367 -1
249 1396 -1
249 1399 1
249 1400 1
249 1401 1
249 1402 1
249 1403 1
249 1404 1
249 1405 1
250 983 -1
250 1062 -1
250 1399 -1
250 1406 1
250 1407 1
250 1408 1
251 984 -1
251 995 -1
251 1018 -1
251 1063 -1
251 1074 -1
251 1370 -1
251 1406 -1
251 1409 1
251 1410 1
251 1411 1
251 1412 1
251 1413 1
251 1414 1
251 1415 1
252 996 -1
252 1075 -1
252 1409 -1
252 1416 1
252 1417 1
252 1418 1
253 997 -1
253 1004 -1
253 1021 -1
253 1076 -1
253 1085 -1
253 1373 -1
253 1416 -1
253 1419 1
253 1420 1
253 1421 1
253 1422 1
253 1423 1
253 1424 1
253 1425 1
254 1005 -1
254 1086 -1
254 1419 -1
254 1426 1
254 1427 1
255 1027 -1
255 1038 -1
255 1380 -1
255 1428 1
255 1429 1
255 1430 1
256 1039 -1
256 1051 -1
256 1390 -1
256 1431 1
256 1432 1
256 1433 1
257 1052 -1
257 1064 -1
257 1400 -1
257 1434 1
257 1435 1
257 1436 1
258 1065 -1
258 1077 -1
258 1410 -1
258 1437 1
258 1438 1
258 1439 1
259 1078 -1
259 1087 -1
259 1420 -1
259 1440 1
259 1441 1
259 1442 1
260 1028 -1
260 1109 -1
260 1443 1
260 1444 1
260 1445 1
261 1029 -1
261 1040 -1
261 1093 -1
261 1110 -1
261 1119 -1
261 1428 -1
261 1443 -1
261 1446 1
261 1447 1
261 1448 1
261 1449 1
261 1450 1
261 1451 1
261 1452 1
262 1041 -1
262 1120 -1
262 1446 -1
262 1453 1
262 1454 1
262 1455 1
263 1042 -1
263 1053 -1
263 1096 -1
263 1121 -1
263 1132 -1
263 1431 -1
263 1453 -1
263 1456 1
263 1457 1
263 1458 1
263 1459 1
263 1460 1
263 1461 1
263 1462 1
264 1054 -1
264 1133 -1
264 1456 -1
264 1463 1
264 1464 1
264 1465 1
265 1055 -1
265 1066 -1
265 1099 -1
265 1134 -1
265 1145 -1
265 1434 -1
265 1463 -1
265 1466 1
265 1467 1
265 1468 1
265 1469 1
265 1470 1
265 1471 1
265 1472 1
266 1067 -1
266 1146 -1
266 1466 -1
266 1473 1
266 1474 1
266 1475 1
267 1068 -1
267 1079 -1
267 1102 -1
267 1147 -1
267 1158 -1
267 1437 -1
267 1473 -1
267 1476 1
267 1477 1
267 1478 1
267 1479 1
267 1480 1
267 1481 1
267 1482 1
268 1080 -1
268 1159 -1
268 1476 -1
268 1483 1
268 1484 1
268 1485 1
269 1081 -1
269 1088 -1
269 1105 -1
269 1160 -1
269 1169 -1
269 1440 -1
269 1483 -1
269 1486 1
269 1487 1
269 1488 1
269 1489 1
269 1490 1
269 1491 1
269 1492 1
270 1089 -1
270 1170 -1
270 1486 -1
270 1493 1
270 1494 1
271 1111 -1
271 1122 -1
271 1447 -1
271 1495 1
271 1496 1
271 1497 1
272 1123 -1
272 1135 -1
272 1457 -1
272 1498 1
272 1499 1
272 1500 1
273 1136 -1
273 1148 -1
273 1467 -1
273 1501 1
273 1502 1
273 1503 1
274 1149 -1
274 1161 -1
274 1477 -1
274 1504 1
274 1505 1
274 1506 1
275 1162 -1
275 1171 -1
275 1487 -1
275 1507 1
275 1508 1
275 1509 1
276 1112 -1
276 1191 -1
276 1510 1
276 1511 1
276 1512 1
277 1113 -1
277 1124 -1
277 1177 -1
277 1192 -1
277 1196 -1
277 1495 -1
277 1510 -1
277 1513 1
277 1514 1
277 1515 1
277 1516 1
277 1517 1
277 1518 1
277 1519 1
278 1125 -1
278 1197 -1
278 1513 -1
278 1520 1
278 1521 1
278 1522 1
279 1126 -1
279 1137 -1
279 1180 -1
279 1198 -1
279 1203 -1
279 1498 -1
279 1520 -1
279 1523 1
279 1524 1
279 1525 1
279 1526 1
279 1527 1
279 1528 1
279 1529 1
280 1138 -1
280 1204 -1
280 1523 -1
280 1530 1
280 1531 1
280 1532 1
281 1139 -1
281 1150 -1
281 1183 -1
281 1205 -1
281 1210 -1
281 1501 -1
281 1530 -1
281 1533 1
281 1534 1
281 1535 1
281 1536 1
281 1537 1
281 1538 1
281 1539 1
282 1151 -1
282 1211 -1
282 1533 -1
282 1540 1
282 1541 1
282 1542 1
283 1152 -1
283 1163 -1
283 1186 -1
283 1212 -1
283 1217 -1
283 1504 -1
283 1540 -1
283 1543 1
283 1544 1
283 1545 1
283 1546 1
283 1547 1
283 1548 1
283 1549 1
284 1164 -1
284 1218 -1
284 1543 -1
284 1550 1
284 1551 1
284 1552 1
285 1165 -1
285 1172 -1
285 1189 -1
285 1219 -1
285 1223 -1
285 1507 -1
285 1550 -1
285 1553 1
285 1554 1
285 1555 1
285 1556 1
285 1557 1
285 1558 1
285 1559 1
286 1173 -1
286 1224 -1
286 1553 -1
286 1560 1
286 1561 1
287 1193 -1
287 1199 -1
287 1514 -1
287 1562 1
287 1563 1
288 1200 -1
288 1206 -1
288 1524 -1
288 1564 1
288 1565 1
289 1207 -1
289 1213 -1
289 1534 -1
289 1566 1
289 1567 1
290 1214 -1
290 1220 -1
290 1544 -1
290 1568 1
290 1569 1
291 1221 -1
291 1225 -1
291 1554 -1
291 1570 1
291 1571 1
292 792 -1
292 1228 -1
292 1243 -1
292 1247 -1
292 1572 1
292 1573 1
292 1574 1
292 1575 1
292 1576 1
292 1577 1
292 1578 1
293 802 -1
293 1229 -1
293 1231 -1
293 1248 -1
293 1253 -1
293 1257 -1
293 1572 -1
293 1579 1
293 1580 1
293 1581 1
293 1582 1
293 1583 1
293 1584 1
293 1585 1
293 1586 1
293 1587 1
293 1588 1
294 812 -1
294 1232 -1
294 1234 -1
294 1258 -1
294 1263 -1
294 1267 -1
294 1579 -1
294 1589 1
294 1590 1
294 1591 1
294 1592 1
294 1593 1
294 1594 1
294 1595 1
294 1596 1
294 1597 1
294 1598 1
295 822 -1
295 1235 -1
295 1237 -1
295 1268 -1
295 1273 -1
295 1277 -1
295 1589 -1
295 1599 1
295 1600 1
295 1601 1
295 1602 1
295 1603 1
295 1604 1
295 1605 1
295 1606 1
295 1607 1
295 1608 1
296 832 -1
296 1238 -1
296 1240 -1
296 1278 -1
296 1283 -1
296 1287 -1
296 1599 -1
296 1609 1
296 1610 1
296 1611 1
296 1612 1
296 1613 1
296 1614 1
296 1615 1
296 1616 1
296 1617 1
296 1618 1
297 838 -1
297 1241 -1
297 1288 -1
297 1292 -1
297 1609 -1
297 1619 1
297 1620 1
297 1621 1
297 1622 1
297 1623 1
297 1624 1
298 1249 -1
298 1573 -1
298 1580 -1
298 1625 1
298 1626 1
298 1627 1
299 1259 -1
299 1581 -1
299 1590 -1
299 1628 1
299 1629 1
299 1630 1
300 1269 -1
300 1591 -1
300 1600 -1
300 1631 1
300 1632 1
300 1633 1
301 1279 -1
301 1601 -1
301 1610 -1
301 1634 1
301 1635 1
301 1636 1
302 1289 -1
302 1611 -1
302 1619 -1
302 1637 1
302 1638 1
302 1639 1
303 862 -1
303 1244 -1
303 1250 -1
303 1295 -1
303 1310 -1
303 1314 -1
303 1574 -1
303 1625 -1
303 1640 1
303 1641 1
303 1642 1
303 1643 1
303 1644 1
303 1645 1
303 1646 1
303 1647 1
303 1648 1
304 875 -1
304 1251 -1
304 1254 -1
304 1260 -1
304 1296 -1
304 1298 -1
304 1315 -1
304 1320 -1
304 1324 -1
304 1582 -1
304 1626 -1
304 1628 -1
304 1640 -1
304 1649 1
304 1650 1
304 1651 1
304 1652 1
304 1653 1
304 1654 1
304 1655 1
304 1656 1
304 1657 1
304 1658 1
304 1659 1
304 1660 1
304 1661 1
305 888 -1
305 1261 -1
305 1264 -1
305 1270 -1
305 1299 -1
305 1301 -1
305 1325 -1
305 1330 -1
305 1334 -1
305 1592 -1
305 1629 -1
305 1631 -1
305 1649 -1
305 1662 1
305 1663 1
305 1664 1
305 1665 1
305 1666 1
305 1667 1
305 1668 1
305 1669 1
305 1670 1
305 1671 1
305 1672 1
305 1673 1
305 1674 1
306 901 -1
306 1271 -1
306 1274 -1
306 1280 -1
306 1302 -1
306 1304 -1
306 1335 -1
306 1340 -1
306 1344 -1
306 1602 -1
306 1632 -1
306 1634 -1
306 1662 -1
306 1675 1
306 1676 1
306 1677 1
306 1678 1
306 1679 1
306 1680 1
306 1681 1
306 1682 1
306 1683 1
306 1684 1
306 1685 1
306 1686 1
306 1687 1
307 914 -1
307 1281 -1
307 1284 -1
307 1290 -1
307 1305 -1
307 1307 -1
307 1345 -1
307 1350 -1
307 1354 -1
307 1612 -1
307 1635 -1
307 1637 -1
307 1675 -1
307 1688 1
307 1689 1
307 1690 1
307 1691 1
307 1692 1
307 1693 1
307 1694 1
307 1695 1
307 1696 1
307 1697 1
307 1698 1
307 1699 1
307 1700 1
308 922 -1
308 1291 -1
308 1293 -1
308 1308 -1
308 1355 -1
308 1359 -1
308 1620 -1
308 1638 -1
308 1688 -1
308 1701 1
308 1702 1
308 1703 1
308 1704 1
308 1705 1
308 1706 1
308 1707 1
308 1708 1
309 1316 -1
309 1641 -1
309 1650 -1
309 1709 1
309 1710 1
309 1711 1
310 1326 -1
310 1651 -1
310 1663 -1
310 1712 1
310 1713 1
310 1714 1
311 1336 -1
311 1664 -1
311 1676 -1
311 1715 1
311 1716 1
311 1717 1
312 1346 -1
312 1677 -1
312 1689 -1
312 1718 1
312 1719 1
312 1720 1
313 1356 -1
313 1690 -1
313 1701 -1
313 1721 1
313 1722 1
313 1723 1
314 946 -1
314 1311 -1
314 1317 -1
314 1362 -1
314 1377 -1
314 1381 -1
314 1642 -1
314 1709 -1
314 1724 1
314 1725 1
314 1726 1
314 1727 1
314 1728 1
314 1729 1
314 1730 1
314 1731 1
314 1732 1
315 959 -1
315 1318 -1
315 1321 -1
315 1327 -1
315 1363 -1
315 1365 -1
315 1382 -1
315 1387 -1
315 1391 -1
315 1652 -1
315 1710 -1
315 1712 -1
315 1724 -1
315 1733 1
315 1734 1
315 1735 1
315 1736 1
315 1737 1
315 1738 1
315 1739 1
315 1740 1
315 1741 1
315 1742 1
315 1743 1
315 1744 1
315 1745 1
316 972 -1
316 1328 -1
316 1331 -1
316 1337 -1
316 1366 -1
316 1368 -1
316 1392 -1
316 1397 -1
316 1401 -1
316 1665 -1
316 1713 -1
316 1715 -1
316 1733 -1
316 1746 1
316 1747 1
316 1748 1
316 1749 1
316 1750 1
316 1751 1
316 1752 1
316 1753 1
316 1754 1
316 1755 1
316 1756 1
316 1757 1
316 1758 1
317 985 -1
317 1338 -1
317 1341 -1
317 1347 -1
317 1369 -1
317 1371 -1
317 1402 -1
317 1407 -1
317 1411 -1
317 1678 -1
317 1716 -1
317 1718 -1
317 1746 -1
317 1759 1
317 1760 1
317 1761 1
317 1762 1
317 1763 1
317 1764 1
317 1765 1
317 1766 1
317 1767 1
317 1768 1
317 1769 1
317 1770 1
317 1771 1
318 998 -1
318 1348 -1
318 1351 -1
318 1357 -1
318 1372 -1
318 1374 -1
318 1412 -1
318 1417 -1
318 1421 -1
318 1691 -1
318 1719 -1
318 1721 -1
318 1759 -1
318 1772 1
318 1773 1
318 1774 1
318 1775 1
318 1776 1
318 1777 1
318 1778 1
318 1779 1
318 1780 1
318 1781 1
318 1782 1
318 1783 1
318 1784 1
319 1006 -1
319 1358 -1
319 1360 -1
319 1375 -1
319 1422 -1
319 1426 -1
319 1702 -1
319 1722 -1
319 1772 -1
319 1785 1
319 1786 1
319 1787 1
319 1788 1
319 1789 1
319 1790 1
319 1791 1
319 1792 1
320 1383 -1
320 1725 -1
320 1734 -1
320 1793 1
320 1794 1
320 1795 1
321 1393 -1
321 1735 -1
321 1747 -1
321 1796 1
321 1797 1
321 1798 1
322 1403 -1
322 1748 -1
322 1760 -1
322 1799 1
322 1800 1
322 1801 1
323 1413 -1
323 1761 -1
323 1773 -1
323 1802 1
323 1803 1
323 1804 1
324 1423 -1
324 1774 -1
324 1785 -1
324 1805 1
324 1806 1
324 1807 1
325 1030 -1
325 1378 -1
325 1384 -1
325 1429 -1
325 1444 -1
325 1448 -1
325 1726 -1
325 1793 -1
325 1808 1
325 1809 1
325 1810 1
325 1811 1
325 1812 1
325 1813 1
325 1814 1
325 1815 1
325 1816 1
326 1043 -1
326 1385 -1
326 1388 -1
326 1394 -1
326 1430 -1
326 1432 -1
326 1449 -1
326 1454 -1
326 1458 -1
326 1736 -1
326 1794 -1
326 1796 -1
326 1808 -1
326 1817 1
326 1818 1
326 1819 1
326 1820 1
326 1821 1
326 1822 1
326 1823 1
326 1824 1
326 1825 1
326 1826 1
326 1827 1
326 1828 1
326 1829 1
327 1056 -1
327 1395 -1
327 1398 -1
327 1404 -1
327 1433 -1
327 1435 -1
327 1459 -1
327 1464 -1
327 1468 -1
327 1749 -1
327 1797 -1
327 1799 -1
327 1817 -1
327 1830 1
327 1831 1
327 1832 1
327 1833 1
327 1834 1
327 1835 1
327 1836 1
327 1837 1
327 1838 1
327 1839 1
327 1840 1
327 1841 1
327 1842 1
328 1069 -1
328 1405 -1
328 1408 -1
328 1414 -1
328 1436 -1
328 1438 -1
328 1469 -1
328 1474 -1
328 1478 -1
328 1762 -1
328 1800 -1
328 1802 -1
328 1830 -1
328 1843 1
328 1844 1
328 1845 1
328 1846 1
328 1847 1
328 1848 1
328 1849 1
328 1850 1
328 1851 1
328 1852 1
328 1853 1
328 1854 1
328 1855 1
329 1082 -1
329 1415 -1
329 1418 -1
329 1424 -1
329 1439 -1
329 1441 -1
329 1479 -1
329 1484 -1
329 1488 -1
329 1775 -1
329 1803 -1
329 1805 -1
329 1843 -1
329 1856 1
329 1857 1
329 1858 1
329 1859 1
329 1860 1
329 1861 1
329 1862 1
329 1863 1
329 1864 1
329 1865 1
329 1866 1
329 1867 1
329 1868 1
330 1090 -1
330 1425 -1
330 1427 -1
330 1442 -1
330 1489 -1
330 1493 -1
330 1786 -1
330 1806 -1
330 1856 -1
330 1869 1
330 1870 1
330 1871 1
330 1872 1
330 1873 1
330 1874 1
330 1875 1
330 1876 1
331 1450 -1
331 1809 -1
331 1818 -1
331 1877 1
331 1878 1
331 1879 1
332 1460 -1
332 1819 -1
332 1831 -1
332 1880 1
332 1881 1
332 1882 1
333 1470 -1
333 1832 -1
333 1844 -1
333 1883 1
333 1884 1
333 1885 1
334 1480 -1
334 1845 -1
334 1857 -1
334 1886 1
334 1887 1
334 1888 1
335 1490 -1
335 1858 -1
335 1869 -1
335 1889 1
335 1890 1
335 1891 1
336 1114 -1
336 1445 -1
336 1451 -1
336 1496 -1
336 1511 -1
336 1515 -1
336 1810 -1
336 1877 -1
336 1892 1
336 1893 1
336 1894 1
336 1895 1
336 1896 1
336 1897 1
336 1898 1
336 1899 1
336 1900 1
337 1127 -1
337 1452 -1
337 1455 -1
337 1461 -1
337 1497 -1
337 1499 -1
337 1516 -1
337 1521 -1
337 1525 -1
337 1820 -1
337 1878 -1
337 1880 -1
337 1892 -1
337 1901 1
337 1902 1
337 1903 1
337 1904 1
337 1905 1
337 1906 1
337 1907 1
337 1908 1
337 1909 1
337 1910 1
337 1911 1
337 1912 1
337 1913 1
338 1140 -1
338 1462 -1
338 1465 -1
338 1471 -1
338 1500 -1
338 1502 -1
338 1526 -1
338 1531 -1
338 1535 -1
338 1833 -1
338 1881 -1
338 1883 -1
338 1901 -1
338 1914 1
338 1915 1
338 1916 1
338 1917 1
338 1918 1
338 1919 1
338 1920 1
338 1921 1
338 1922 1
338 1923 1
338 1924 1
338 1925 1
338 1926 1
339 1153 -1
339 1472 -1
339 1475 -1
339 1481 -1
339 1503 -1
339 1505 -1
339 1536 -1
339 1541 -1
339 1545 -1
339 1846 -1
339 1884 -1
339 1886 -1
339 1914 -1
339 1927 1
339 1928 1
339 1929 1
339 1930 1
339 1931 1
339 1932 1
339 1933 1
339 1934 1
339 1935 1
339 1936 1
339 1937 1
339 1938 1
339 1939 1
340 1166 -1
340 1482 -1
340 1485 -1
340 1491 -1
340 1506 -1
340 1508 -1
340 1546 -1
340 1551 -1
340 1555 -1
340 1859 -1
340 1887 -1
340 1889 -1
340 1927 -1
340 1940 1
340 1941 1
340 1942 1
340 1943 1
340 1944 1
340 1945 1
340 1946 1
340 1947 1
340 1948 1
340 1949 1
340 1950 1
340 1951 1
340 1952 1
341 1174 -1
341 1492 -1
341 1494 -1
341 1509 -1
341 1556 -1
341 1560 -1
341 1870 -1
341 1890 -1
341 1940 -1
341 1953 1
341 1954 1
341 1955 1
341 1956 1
341 1957 1
341 1958 1
341 1959 1
341 1960 1
342 1517 -1
342 1893 -1
342 1902 -1
342 1961 1
342 1962 1
342 1963 1
343 1527 -1
343 1903 -1
343 1915 -1
343 1964 1
343 1965 1
343 1966 1
344 1537 -1
344 1916 -1
344 1928 -1
344 1967 1
344 1968 1
344 1969 1
345 1547 -1
345 1929 -1
345 1941 -1
345 1970 1
345 1971 1
345 1972 1
346 1557 -1
346 1942 -1
346 1953 -1
346 1973 1
346 1974 1
346 1975 1
347 1194 -1
347 1512 -1
347 1518 -1
347 1562 -1
347 1894 -1
347 1961 -1
347 1976 1
347 1977 1
347 1978 1
347 1979 1
347 1980 1
348 1201 -1
348 1519 -1
348 1522 -1
348 1528 -1
348 1563 -1
348 1564 -1
348 1904 -1
348 1962 -1
348 1964 -1
348 1976 -1
348 1981 1
348 1982 1
348 1983 1
348 1984 1
348 1985 1
348 1986 1
348 1987 1
349 1208 -1
349 1529 -1
349 1532 -1
349 1538 -1
349 1565 -1
349 1566 -1
349 1917 -1
349 1965 -1
349 1967 -1
349 1981 -1
349 1988 1
349 1989 1
349 1990 1
349 1991 1
349 1992 1
349 1993 1
349 1994 1
350 1215 -1
350 1539 -1
350 1542 -1
350 1548 -1
350 1567 -1
350 1568 -1
350 1930 -1
350 1968 -1
350 1970 -1
350 1988 -1
350 1995 1
350 1996 1
350 1997 1
350 1998 1
350 1999 1
350 2000 1
350 2001 1
351 1222 -1
351 1549 -1
351 1552 -1
351 1558 -1
351 1569 -1
351 1570 -1
351 1943 -1
351 1971 -1
351 1973 -1
351 1995 -1
351 2002 1
351 2003 1
351 2004 1
351 2005 1
351 2006 1
351 2007 1
351 2008 1
352 1226 -1
352 1559 -1
352 1561 -1
352 1571 -1
352 1954 -1
352 1974 -1
352 2002 -1
352 2009 1
352 2010 1
352 2011 1
352 2012 1
353 1575 -1
353 1583 -1
353 2013 1
353 2014 1
353 2015 1
354 1584 -1
354 1593 -1
354 2016 1
354 2017 1
354 2018 1
355 1594 -1
355 1603 -1
355 2019 1
355 2020 1
355 2021 1
356 1604 -1
356 1613 -1
356 2022 1
356 2023 1
356 2024 1
357 1614 -1
357 1621 -1
357 2025 1
357 2026 1
357 2027 1
358 1576 -1
358 1643 -1
358 2028 1
358 2029 1
358 2030 1
359 1577 -1
359 1585 -1
359 1627 -1
359 1644 -1
359 1653 -1
359 2013 -1
359 2028 -1
359 2031 1
359 2032 1
359 2033 1
359 2034 1
359 2035 1
359 2036 1
359 2037 1
360 1586 -1
360 1654 -1
360 2031 -1
360 2038 1
360 2039 1
360 2040 1
361 1587 -1
361 1595 -1
361 1630 -1
361 1655 -1
361 1666 -1
361 2016 -1
361 2038 -1
361 2041 1
361 2042 1
361 2043 1
361 2044 1
361 2045 1
361 2046 1
361 2047 1
362 1596 -1
362 1667 -1
362 2041 -1
362 2048 1
362 2049 1
362 2050 1
363 1597 -1
363 1605 -1
363 1633 -1
363 1668 -1
363 1679 -1
363 2019 -1
363 2048 -1
363 2051 1
363 2052 1
363 2053 1
363 2054 1
363 2055 1
363 2056 1
363 2057 1
364 1606 -1
364 1680 -1
364 2051 -1
364 2058 1
364 2059 1
364 2060 1
365 1607 -1
365 1615 -1
365 1636 -1
365 1681 -1
365 1692 -1
365 2022 -1
365 2058 -1
365 2061 1
365 2062 1
365 2063 1
365 2064 1
365 2065 1
365 2066 1
365 2067 1
366 1616 -1
366 1693 -1
366 2061 -1
366 2068 1
366 2069 1
366 2070 1
367 1617 -1
367 1622 -1
367 1639 -1
367 1694 -1
367 1703 -1
367 2025 -1
367 2068 -1
367 2071 1
367 2072 1
367 2073 1
367 2074 1
367 2075 1
367 2076 1
367 2077 1
368 1623 -1
368 1704 -1
368 2071 -1
368 2078 1
368 2079 1
369 1645 -1
369 1656 -1
369 2032 -1
369 2080 1
369 2081 1
369 2082 1
370 1657 -1
370 1669 -1
370 2042 -1
370 2083 1
370 2084 1
370 2085 1
371 1670 -1
371 1682 -1
371 2052 -1
371 2086 1
371 2087 1
371 2088 1
372 1683 -1
372 1695 -1
372 2062 -1
372 2089 1
372 2090 1
372 2091 1
373 1696 -1
373 1705 -1
373 2072 -1
373 2092 1
373 2093 1
373 2094 1
374 1646 -1
374 1727 -1
374 2095 1
374 2096 1
374 2097 1
375 1647 -1
375 1658 -1
375 1711 -1
375 1728 -1
375 1737 -1
375 2080 -1
375 2095 -1
375 2098 1
375 2099 1
375 2100 1
375 2101 1
375 2102 1
375 2103 1
375 2104 1
376 1659 -1
376 1738 -1
376 2098 -1
376 2105 1
376 2106 1
376 2107 1
377 1660 -1
377 1671 -1
377 1714 -1
377 1739 -1
377 1750 -1
377 2083 -1
377 2105 -1
377 2108 1
377 2109 1
377 2110 1
377 2111 1
377 2112 1
377 2113 1
377 2114 1
378 1672 -1
378 1751 -1
378 2108 -1
378 2115 1
378 2116 1
378 2117 1
379 1673 -1
379 1684 -1
379 1717 -1
379 1752 -1
379 1763 -1
379 2086 -1
379 2115 -1
379 2118 1
379 2119 1
379 2120 1
379 2121 1
379 2122 1
379 2123 1
379 2124 1
380 1685 -1
380 1764 -1
380 2118 -1
380 2125 1
380 2126 1
380 2127 1
381 1686 -1
381 1697 -1
381 1720 -1
381 1765 -1
381 1776 -1
381 2089 -1
381 2125 -1
381 2128 1
381 2129 1
381 2130 1
381 2131 1
381 2132 1
381 2133 1
381 2134 1
382 1698 -1
382 1777 -1
382 2128 -1
382 2135 1
382 2136 1
382 2137 1
383 1699 -1
383 1706 -1
383 1723 -1
383 1778 -1
383 1787 -1
383 2092 -1
383 2135 -1
383 2138 1
383 2139 1
383 2140 1
383 2141 1
383 2142 1
383 2143 1
383 2144 1
384 1707 -1
384 1788 -1
384 2138 -1
384 2145 1
384 2146 1
385 1729 -1
385 1740 -1
385 2099 -1
385 2147 1
385 2148 1
385 2149 1
386 1741 -1
386 1753 -1
386 2109 -1
386 2150 1
386 2151 1
386 2152 1
387 1754 -1
387 1766 -1
387 2119 -1
387 2153 1
387 2154 1
387 2155 1
388 1767 -1
388 1779 -1
388 2129 -1
388 2156 1
388 2157 1
388 2158 1
389 1780 -1
389 1789 -1
389 2139 -1
389 2159 1
389 2160 1
389 2161 1
390 1730 -1
390 1811 -1
390 2162 1
390 2163 1
390 2164 1
391 1731 -1
391 1742 -1
391 1795 -1
391 1812 -1
391 1821 -1
391 2147 -1
391 2162 -1
391 2165 1
391 2166 1
391 2167 1
391 2168 1
391 2169 1
391 2170 1
391 2171 1
392 1743 -1
392 1822 -1
392 2165 -1
392 2172 1
392 2173 1
392 2174 1
393 1744 -1
393 1755 -1
393 1798 -1
393 1823 -1
393 1834 -1
393 2150 -1
393 2172 -1
393 2175 1
393 2176 1
393 2177 1
393 2178 1
393 2179 1
393 2180 1
393 2181 1
394 1756 -1
394 1835 -1
394 2175 -1
394 2182 1
394 2183 1
394 2184 1
395 1757 -1
395 1768 -1
395 1801 -1
395 1836 -1
395 1847 -1
395 2153 -1
395 2182 -1
395 2185 1
395 2186 1
395 2187 1
395 2188 1
395 2189 1
395 2190 1
395 2191 1
396 1769 -1
396 1848 -1
396 2185 -1
396 2192 1
396 2193 1
396 2194 1
397 1770 -1
397 1781 -1
397 1804 -1
397 1849 -1
397 1860 -1
397 2156 -1
397 2192 -1
397 2195 1
397 2196 1
397 2197 1
397 2198 1
397 2199 1
397 2200 1
397 2201 1
398 1782 -1
398 1861 -1
398 2195 -1
398 2202 1
398 2203 1
398 2204 1
399 1783 -1
399 1790 -1
399 1807 -1
399 1862 -1
399 1871 -1
399 2159 -1
399 2202 -1
399 2205 1
399 2206 1
399 2207 1
399 2208 1
399 2209 1
399 2210 1
399 2211 1
400 1791 -1
400 1872 -1
400 2205 -1
400 2212 1
400 2213 1
401 1813 -1
401 1824 -1
401 2166 -1
401 2214 1
401 2215 1
401 2216 1
402 1825 -1
402 1837 -1
402 2176 -1
402 2217 1
402 2218 1
402 2219 1
403 1838 -1
403 1850 -1
403 2186 -1
403 2220 1
403 2221 1
403 2222 1
404 1851 -1
404 1863 -1
404 2196 -1
404 2223 1
404 2224 1
404 2225 1
405 1864 -1
405 1873 -1
405 2206 -1
405 2226 1
405 2227 1
405 2228 1
406 1814 -1
406 1895 -1
406 2229 1
406 2230 1
406 2231 1
407 1815 -1
407 1826 -1
407 1879 -1
407 1896 -1
407 1905 -1
407 2214 -1
407 2229 -1
407 2232 1
407 2233 1
407 2234 1
407 2235 1
407 2236 1
407 2237 1
407 2238 1
408 1827 -1
408 1906 -1
408 2232 -1
408 2239 1
408 2240 1
408 2241 1
409 1828 -1
409 1839 -1
409 1882 -1
409 1907 -1
409 1918 -1
409 2217 -1
409 2239 -1
409 2242 1
409 2243 1
409 2244 1
409 2245 1
409 2246 1
409 2247 1
409 2248 1
410 1840 -1
410 1919 -1
410 2242 -1
410 2249 1
410 2250 1
410 2251 1
411 1841 -1
411 1852 -1
411 1885 -1
411 1920 -1
411 1931 -1
411 2220 -1
411 2249 -1
411 2252 1
411 2253 1
411 2254 1
411 2255 1
411 2256 1
411 2257 1
411 2258 1
412 1853 -1
412 1932 -1
412 2252 -1
412 2259 1
412 2260 1
412 2261 1
413 1854 -1
413 1865 -1
413 1888 -1
413 1933 -1
413 1944 -1
413 2223 -1
413 2259 -1
413 2262 1
413 2263 1
413 2264 1
413 2265 1
413 2266 1
413 2267 1
413 2268 1
414 1866 -1
414 1945 -1
414 2262 -1
414 2269 1
414 2270 1
414 2271 1
415 1867 -1
415 1874 -1
415 1891 -1
415 1946 -1
415 1955 -1
415 2226 -1
415 2269 -1
415 2272 1
415 2273 1
415 2274 1
415 2275 1
415 2276 1
415 2277 1
415 2278 1
416 1875 -1
416 1956 -1
416 2272 -1
416 2279 1
416 2280 1
417 1897 -1
417 1908 -1
417 2233 -1
417 2281 1
417 2282 1
417 2283 1
418 1909 -1
418 1921 -1
418 2243 -1
418 2284 1
418 2285 1
418 2286 1
419 1922 -1
419 1934 -1
419 2253 -1
419 2287 1
419 2288 1
419 2289 1
420 1935 -1
420 1947 -1
420 2263 -1
420 2290 1
420 2291 1
420 2292 1
421 1948 -1
421 1957 -1
421 2273 -1
421 2293 1
421 2294 1
421 2295 1
422 1898 -1
422 1977 -1
422 2296 1
422 2297 1
422 2298 1
423 1899 -1
423 1910 -1
423 1963 -1
423 1978 -1
423 1982 -1
423 2281 -1
423 2296 -1
423 2299 1
423 2300 1
423 2301 1
423 2302 1
423 2303 1
423 2304 1
423 2305 1
424 1911 -1
424 1983 -1
424 2299 -1
424 2306 1
424 2307 1
424 2308 1
425 1912 -1
425 1923 -1
425 1966 -1
425 1984 -1
425 1989 -1
425 2284 -1
425 2306 -1
425 2309 1
425 2310 1
425 2311 1
425 2312 1
425 2313 1
425 2314 1
425 2315 1
426 1924 -1
426 1990 -1
426 2309 -1
426 2316 1
426 2317 1
426 2318 1
427 1925 -1
427 1936 -1
427 1969 -1
427 1991 -1
427 1996 -1
427 2287 -1
427 2316 -1
427 2319 1
427 2320 1
427 2321 1
427 2322 1
427 2323 1
427 2324 1
427 2325 1
428 1937 -1
428 1997 -1
428 2319 -1
428 2326 1
428 2327 1
428 2328 1
429 1938 -1
429 1949 -1
429 1972 -1
429 1998 -1
429 2003 -1
429 2290 -1
429 2326 -1
429 2329 1
429 2330 1
429 2331 1
429 2332 1
429 2333 1
429 2334 1
429 2335 1
430 1950 -1
430 2004 -1
430 2329 -1
430 2336 1
430 2337 1
430 2338 1
431 1951 -1
431 1958 -1
431 1975 -1
431 2005 -1
431 2009 -1
431 2293 -1
431 2336 -1
431 2339 1
431 2340 1
431 2341 1
431 2342 1
431 2343 1
431 2344 1
431 2345 1
432 1959 -1
432 2010 -1
432 2339 -1
432 2346 1
432 2347 1
433 1979 -1
433 1985 -1
433 2300 -1
433 2348 1
433 2349 1
434 1986 -1
434 1992 -1
434 2310 -1
434 2350 1
434 2351 1
435 1993 -1
435 1999 -1
435 2320 -1
435 2352 1
435 2353 1
436 2000 -1
436 2006 -1
436 2330 -1
436 2354 1
436 2355 1
437 2007 -1
437 2011 -1
437 2340 -1
437 2356 1
437 2357 1
438 1578 -1
438 2014 -1
438 2029 -1
438 2033 -1
438 2358 1
438 2359 1
438 2360 1
438 2361 1
438 2362 1
438 2363 1
438 2364 1
439 1588 -1
439 2015 -1
439 2017 -1
439 2034 -1
439 2039 -1
439 2043 -1
439 2358 -1
439 2365 1
439 2366 1
439 2367 1
439 2368 1
439 2369 1
439 2370 1
439 2371 1
439 2372 1
439 2373 1
439 2374 1
440 1598 -1
440 2018 -1
440 2020 -1
440 2044 -1
440 2049 -1
440 2053 -1
440 2365 -1
440 2375 1
440 2376 1
440 2377 1
440 2378 1
440 2379 1
440 2380 1
440 2381 1
440 2382 1
440 2383 1
440 2384 1
441 1608 -1
441 2021 -1
441 2023 -1
441 2054 -1
441 2059 -1
441 2063 -1
441 2375 -1
441 2385 1
441 2386 1
441 2387 1
441 2388 1
441 2389 1
441 2390 1
441 2391 1
441 2392 1
441 2393 1
441 2394 1
442 1618 -1
442 2024 -1
442 2026 -1
442 2064 -1
442 2069 -1
442 2073 -1
442 2385 -1
442 2395 1
442 2396 1
442 2397 1
442 2398 1
442 2399 1
442 2400 1
442 2401 1
442 2402 1
442 2403 1
442 2404 1
443 1624 -1
443 2027 -1
443 2074 -1
443 2078 -1
443 2395 -1
443 2405 1
443 2406 1
443 2407 1
443 2408 1
443 2409 1
443 2410 1
444 2035 -1
444 2359 -1
444 2366 -1
444 2411 1
444 2412 1
444 2413 1
445 2045 -1
445 2367 -1
445 2376 -1
445 2414 1
445 2415 1
445 2416 1
446 2055 -1
446 2377 -1
446 2386 -1
446 2417 1
446 2418 1
446 2419 1
447 2065 -1
447 2387 -1
447 2396 -1
447 2420 1
447 2421 1
447 2422 1
448 2075 -1
448 2397 -1
448 2405 -1
448 2423 1
448 2424 1
448 2425 1
449 1648 -1
449 2030 -1
449 2036 -1
449 2081 -1
449 2096 -1
449 2100 -1
449 2360 -1
449 2411 -1
449 2426 1
449 2427 1
449 2428 1
449 2429 1
449 2430 1
449 2431 1
449 2432 1
449 2433 1
449 2434 1
450 1661 -1
450 2037 -1
450 2040 -1
450 2046 -1
450 2082 -1
450 2084 -1
450 2101 -1
450 2106 -1
450 2110 -1
450 2368 -1
450 2412 -1
450 2414 -1
450 2426 -1
450 2435 1
450 2436 1
450 2437 1
450 2438 1
450 2439 1
450 2440 1
450 2441 1
450 2442 1
450 2443 1
450 2444 1
450 2445 1
450 2446 1
450 2447 1
451 1674 -1
451 2047 -1
451 2050 -1
451 2056 -1
451 2085 -1
451 2087 -1
451 2111 -1
451 2116 -1
451 2120 -1
451 2378 -1
451 2415 -1
451 2417 -1
451 2435 -1
451 2448 1
451 2449 1
451 2450 1
451 2451 1
451 2452 1
451 2453 1
451 2454 1
451 2455 1
451 2456 1
451 2457 1
451 2458 1
451 2459 1
451 2460 1
452 1687 -1
452 2057 -1
452 2060 -1
452 2066 -1
452 2088 -1
452 2090 -1
452 2121 -1
452 2126 -1
452 2130 -1
452 2388 -1
452 2418 -1
452 2420 -1
452 2448 -1
452 2461 1
452 2462 1
452 2463 1
452 2464 1
452 2465 1
452 2466 1
452 2467 1
452 2468 1
452 2469 1
452 2470 1
452 2471 1
452 2472 1
452 2473 1
453 1700 -1
453 2067 -1
453 2070 -1
453 2076 -1
453 2091 -1
453 2093 -1
453 2131 -1
453 2136 -1
453 2140 -1
453 2398 -1
453 2421 -1
453 2423 -1
453 2461 -1
453 2474 1
453 2475 1
453 2476 1
453 2477 1
453 2478 1
453 2479 1
453 2480 1
453 2481 1
453 2482 1
453 2483 1
453 2484 1
453 2485 1
453 2486 1
454 1708 -1
454 2077 -1
454 2079 -1
454 2094 -1
454 2141 -1
454 2145 -1
454 2406 -1
454 2424 -1
454 2474 -1
454 2487 1
454 2488 1
454 2489 1
454 2490 1
454 2491 1
454 2492 1
454 2493 1
454 2494 1
455 2102 -1
455 2427 -1
455 2436 -1
455 2495 1
455 2496 1
455 2497 1
456 2112 -1
456 2437 -1
456 2449 -1
456 2498 1
456 2499 1
456 2500 1
457 2122 -1
457 2450 -1
457 2462 -1
457 2501 1
457 2502 1
457 2503 1
458 2132 -1
458 2463 -1
458 2475 -1
458 2504 1
458 2505 1
458 2506 1
459 2142 -1
459 2476 -1
459 2487 -1
459 2507 1
459 2508 1
459 2509 1
460 1732 -1
460 2097 -1
460 2103 -1
460 2148 -1
460 2163 -1
460 2167 -1
460 2428 -1
460 2495 -1
460 2510 1
460 2511 1
460 2512 1
460 2513 1
460 2514 1
460 2515 1
460 2516 1
460 2517 1
460 2518 1
461 1745 -1
461 2104 -1
461 2107 -1
461 2113 -1
461 2149 -1
461 2151 -1
461 2168 -1
461 2173 -1
461 2177 -1
461 2438 -1
461 2496 -1
461 2498 -1
461 2510 -1
461 2519 1
461 2520 1
461 2521 1
461 2522 1
461 2523 1
461 2524 1
461 2525 1
461 2526 1
461 2527 1
461 2528 1
461 2529 1
461 2530 1
461 2531 1
462 1758 -1
462 2114 -1
462 2117 -1
462 2123 -1
462 2152 -1
462 2154 -1
462 2178 -1
462 2183 -1
462 2187 -1
462 2451 -1
462 2499 -1
462 2501 -1
462 2519 -1
462 2532 1
462 2533 1
462 2534 1
462 2535 1
462 2536 1
462 2537 1
462 2538 1
462 2539 1
462 2540 1
462 2541 1
462 2542 1
462 2543 1
462 2544 1
463 1771 -1
463 2124 -1
463 2127 -1
463 2133 -1
463 2155 -1
463 2157 -1
463 2188 -1
463 2193 -1
463 2197 -1
463 2464 -1
463 2502 -1
463 2504 -1
463 2532 -1
463 2545 1
463 2546 1
463 2547 1
463 2548 1
463 2549 1
463 2550 1
463 2551 1
463 2552 1
463 2553 1
463 2554 1
463 2555 1
463 2556 1
463 2557 1
464 1784 -1
464 2134 -1
464 2137 -1
464 2143 -1
464 2158 -1
464 2160 -1
464 2198 -1
464 2203 -1
464 2207 -1
464 2477 -1
464 2505 -1
464 2507 -1
464 2545 -1
464 2558 1
464 2559 1
464 2560 1
464 2561 1
464 2562 1
464 2563 1
464 2564 1
464 2565 1
464 2566 1
464 2567 1
464 2568 1
464 2569 1
464 2570 1
465 1792 -1
465 2144 -1
465 2146 -1
465 2161 -1
465 2208 -1
465 2212 -1
465 2488 -1
465 2508 -1
465 2558 -1
465 2571 1
465 2572 1
465 2573 1
465 2574 1
465 2575 1
465 2576 1
465 2577 1
465 2578 1
466 2169 -1
466 2511 -1
466 2520 -1
466 2579 1
466 2580 1
466 2581 1
467 2179 -1
467 2521 -1
467 2533 -1
467 2582 1
467 2583 1
467 2584 1
468 2189 -1
468 2534 -1
468 2546 -1
468 2585 1
468 2586 1
468 2587 1
469 2199 -1
469 2547 -1
469 2559 -1
469 2588 1
469 2589 1
469 2590 1
470 2209 -1
470 2560 -1
470 2571 -1
470 2591 1
470 2592 1
470 2593 1
471 1816 -1
471 2164 -1
471 2170 -1
471 2215 -1
471 2230 -1
471 2234 -1
471 2512 -1
471 2579 -1
471 2594 1
471 2595 1
471 2596 1
471 2597 1
471 2598 1
471 2599 1
471 2600 1
471 2601 1
471 2602 1
472 1829 -1
472 2171 -1
472 2174 -1
472 2180 -1
472 2216 -1
472 2218 -1
472 2235 -1
472 2240 -1
472 2244 -1
472 2522 -1
472 2580 -1
472 2582 -1
472 2594 -1
472 2603 1
472 2604 1
472 2605 1
472 2606 1
472 2607 1
472 2608 1
472 2609 1
472 2610 1
472 2611 1
472 2612 1
472 2613 1
472 2614 1
472 2615 1
473 1842 -1
473 2181 -1
473 2184 -1
473 2190 -1
473 2219 -1
473 2221 -1
473 2245 -1
473 2250 -1
473 2254 -1
473 2535 -1
473 2583 -1
473 2585 -1
473 2603 -1
473 2616 1
473 2617 1
473 2618 1
473 2619 1
473 2620 1
473 2621 1
473 2622 1
473 2623 1
473 2624 1
473 2625 1
473 2626 1
473 2627 1
473 2628 1
474 1855 -1
474 2191 -1
474 2194 -1
474 2200 -1
474 2222 -1
474 2224 -1
474 2255 -1
474 2260 -1
474 2264 -1
474 2548 -1
474 2586 -1
474 2588 -1
474 2616 -1
474 2629 1
474 2630 1
474 2631 1
474 2632 1
474 2633 1
474 2634 1
474 2635 1
474 2636 1
474 2637 1
474 2638 1
474 2639 1
474 2640 1
474 2641 1
475 1868 -1
475 2201 -1
475 2204 -1
475 2210 -1
475 2225 -1
475 2227 -1
475 2265 -1
475 2270 -1
475 2274 -1
475 2561 -1
475 2589 -1
475 2591 -1
475 2629 -1
475 2642 1
475 2643 1
475 2644 1
475 2645 1
475 2646 1
475 2647 1
475 2648 1
475 2649 1
475 2650 1
475 2651 1
475 2652 1
475 2653 1
475 2654 1
476 1876 -1
476 2211 -1
476 2213 -1
476 2228 -1
476 2275 -1
476 2279 -1
476 2572 -1
476 2592 -1
476 2642 -1
476 2655 1
476 2656 1
476 2657 1
476 2658 1
476 2659 1
476 2660 1
476 2661 1
476 2662 1
477 2236 -1
477 2595 -1
477 2604 -1
477 2663 1
477 2664 1
477 2665 1
478 2246 -1
478 2605 -1
478 2617 -1
478 2666 1
478 2667 1
478 2668 1
479 2256 -1
479 2618 -1
479 2630 -1
479 2669 1
479 2670 1
479 2671 1
480 2266 -1
480 2631 -1
480 2643 -1
480 2672 1
480 2673 1
480 2674 1
481 2276 -1
481 2644 -1
481 2655 -1
481 2675 1
481 2676 1
481 2677 1
482 1900 -1
482 2231 -1
482 2237 -1
482 2282 -1
482 2297 -1
482 2301 -1
482 2596 -1
482 2663 -1
482 2678 1
482 2679 1
482 2680 1
482 2681 1
482 2682 1
482 2683 1
482 2684 1
482 2685 1
482 2686 1
483 1913 -1
483 2238 -1
483 2241 -1
483 2247 -1
483 2283 -1
483 2285 -1
483 2302 -1
483 2307 -1
483 2311 -1
483 2606 -1
483 2664 -1
483 2666 -1
483 2678 -1
483 2687 1
483 2688 1
483 2689 1
483 2690 1
483 2691 1
483 2692 1
483 2693 1
483 2694 1
483 2695 1
483 2696 1
483 2697 1
483 2698 1
483 2699 1
484 1926 -1
484 2248 -1
484 2251 -1
484 2257 -1
484 2286 -1
484 2288 -1
484 2312 -1
484 2317 -1
484 2321 -1
484 2619 -1
484 2667 -1
484 2669 -1
484 2687 -1
484 2700 1
484 2701 1
484 2702 1
484 2703 1
484 2704 1
484 2705 1
484 2706 1
484 2707 1
484 2708 1
484 2709 1
484 2710 1
484 2711 1
484 2712 1
485 1939 -1
485 2258 -1
485 2261 -1
485 2267 -1
485 2289 -1
485 2291 -1
485 2322 -1
485 2327 -1
485 2331 -1
485 2632 -1
485 2670 -1
485 2672 -1
485 2700 -1
485 2713 1
485 2714 1
485 2715 1
485 2716 1
485 2717 1
485 2718 1
485 2719 1
485 2720 1
485 2721 1
485 2722 1
485 2723 1
485 2724 1
485 2725 1
486 1952 -1
486 2268 -1
486 2271 -1
486 2277 -1
486 2292 -1
486 2294 -1
486 2332 -1
486 2337 -1
486 2341 -1
486 2645 -1
486 2673 -1
486 2675 -1
486 2713 -1
486 2726 1
486 2727 1
486 2728 1
486 2729 1
486 2730 1
486 2731 1
486 2732 1
486 2733 1
486 2734 1
486 2735 1
486 2736 1
486 2737 1
486 2738 1
487 1960 -1
487 2278 -1
487 2280 -1
487 2295 -1
487 2342 -1
487 2346 -1
487 2656 -1
487 2676 -1
487 2726 -1
487 2739 1
487 2740 1
487 2741 1
487 2742 1
487 2743 1
487 2744 1
487 2745 1
487 2746 1
488 2303 -1
488 2679 -1
488 2688 -1
488 2747 1
488 2748 1
488 2749 1
489 2313 -1
489 2689 -1
489 2701 -1
489 2750 1
489 2751 1
489 2752 1
490 2323 -1
490 2702 -1
490 2714 -1
490 2753 1
490 2754 1
490 2755 1
491 2333 -1
491 2715 -1
491 2727 -1
491 2756 1
491 2757 1
491 2758 1
492 2343 -1
492 2728 -1
492 2739 -1
492 2759 1
492 2760 1
492 2761 1
493 1980 -1
493 2298 -1
493 2304 -1
493 2348 -1
493 2680 -1
493 2747 -1
493 2762 1
493 2763 1
493 2764 1
493 2765 1
493 2766 1
494 1987 -1
494 2305 -1
494 2308 -1
494 2314 -1
494 2349 -1
494 2350 -1
494 2690 -1
494 2748 -1
494 2750 -1
494 2762 -1
494 2767 1
494 2768 1
494 2769 1
494 2770 1
494 2771 1
494 2772 1
494 2773 1
495 1994 -1
495 2315 -1
495 2318 -1
495 2324 -1
495 2351 -1
495 2352 -1
495 2703 -1
495 2751 -1
495 2753 -1
495 2767 -1
495 2774 1
495 2775 1
495 2776 1
495 2777 1
495 2778 1
495 2779 1
495 2780 1
496 2001 -1
496 2325 -1
496 2328 -1
496 2334 -1
496 2353 -1
496 2354 -1
496 2716 -1
496 2754 -1
496 2756 -1
496 2774 -1
496 2781 1
496 2782 1
496 2783 1
496 2784 1
496 2785 1
496 2786 1
496 2787 1
497 2008 -1
497 2335 -1
497 2338 -1
497 2344 -1
497 2355 -1
497 2356 -1
497 2729 -1
497 2757 -1
497 2759 -1
497 2781 -1
497 2788 1
497 2789 1
497 2790 1
497 2791 1
497 2792 1
497 2793 1
497 2794 1
498 2012 -1
498 2345 -1
498 2347 -1
498 2357 -1
498 2740 -1
498 2760 -1
498 2788 -1
498 2795 1
498 2796 1
498 2797 1
498 2798 1
499 2361 -1
499 2369 -1
499 2799 1
499 2800 1
499 2801 1
500 2370 -1
500 2379 -1
500 2802 1
500 2803 1
500 2804 1
501 2380 -1
501 2389 -1
501 2805 1
501 2806 1
501 2807 1
502 2390 -1
502 2399 -1
502 2808 1
502 2809 1
502 2810 1
503 2400 -1
503 2407 -1
503 2811 1
503 2812 1
503 2813 1
504 2362 -1
504 2429 -1
504 2814 1
504 2815 1
504 2816 1
505 2363 -1
505 2371 -1
505 2413 -1
505 2430 -1
505 2439 -1
505 2799 -1
505 2814 -1
505 2817 1
505 2818 1
505 2819 1
505 2820 1
505 2821 1
505 2822 1
505 2823 1
506 2372 -1
506 2440 -1
506 2817 -1
506 2824 1
506 2825 1
506 2826 1
507 2373 -1
507 2381 -1
507 2416 -1
507 2441 -1
507 2452 -1
507 2802 -1
507 2824 -1
507 2827 1
507 2828 1
507 2829 1
507 2830 1
507 2831 1
507 2832 1
507 2833 1
508 2382 -1
508 2453 -1
508 2827 -1
508 2834 1
508 2835 1
508 2836 1
509 2383 -1
509 2391 -1
509 2419 -1
509 2454 -1
509 2465 -1
509 2805 -1
509 2834 -1
509 2837 1
509 2838 1
509 2839 1
509 2840 1
509 2841 1
509 2842 1
509 2843 1
510 2392 -1
510 2466 -1
510 2837 -1
510 2844 1
510 2845 1
510 2846 1
511 2393 -1
511 2401 -1
511 2422 -1
511 2467 -1
511 2478 -1
511 2808 -1
511 2844 -1
511 2847 1
511 2848 1
511 2849 1
511 2850 1
511 2851 1
511 2852 1
511 2853 1
512 2402 -1
512 2479 -1
512 2847 -1
512 2854 1
512 2855 1
512 2856 1
513 2403 -1
513 2408 -1
513 2425 -1
513 2480 -1
513 2489 -1
513 2811 -1
513 2854 -1
513 2857 1
513 2858 1
513 2859 1
513 2860 1
513 2861 1
513 2862 1
513 2863 1
514 2409 -1
514 2490 -1
514 2857 -1
514 2864 1
514 2865 1
515 2431 -1
515 2442 -1
515 2818 -1
515 2866 1
515 2867 1
515 2868 1
516 2443 -1
516 2455 -1
516 2828 -1
516 2869 1
516 2870 1
516 2871 1
517 2456 -1
517 2468 -1
517 2838 -1
517 2872 1
517 2873 1
517 2874 1
518 2469 -1
518 2481 -1
518 2848 -1
518 2875 1
518 2876 1
518 2877 1
519 2482 -1
519 2491 -1
519 2858 -1
519 2878 1
519 2879 1
519 2880 1
520 2432 -1
520 2513 -1
520 2881 1
520 2882 1
520 2883 1
521 2433 -1
521 2444 -1
521 2497 -1
521 2514 -1
521 2523 -1
521 2866 -1
521 2881 -1
521 2884 1
521 2885 1
521 2886 1
521 2887 1
521 2888 1
521 2889 1
521 2890 1
522 2445 -1
522 2524 -1
522 2884 -1
522 2891 1
522 2892 1
522 2893 1
523 2446 -1
523 2457 -1
523 2500 -1
523 2525 -1
523 2536 -1
523 2869 -1
523 2891 -1
523 2894 1
523 2895 1
523 2896 1
523 2897 1
523 2898 1
523 2899 1
523 2900 1
524 2458 -1
524 2537 -1
524 2894 -1
524 2901 1
524 2902 1
524 2903 1
525 2459 -1
525 2470 -1
525 2503 -1
525 2538 -1
525 2549 -1
525 2872 -1
525 2901 -1
525 2904 1
525 2905 1
525 2906 1
525 2907 1
525 2908 1
525 2909 1
525 2910 1
526 2471 -1
526 2550 -1
526 2904 -1
526 2911 1
526 2912 1
526 2913 1
527 2472 -1
527 2483 -1
527 2506 -1
527 2551 -1
527 2562 -1
527 2875 -1
527 2911 -1
527 2914 1
527 2915 1
527 2916 1
527 2917 1
527 2918 1
527 2919 1
527 2920 1
528 2484 -1
528 2563 -1
528 2914 -1
528 2921 1
528 2922 1
528 2923 1
529 2485 -1
529 2492 -1
529 2509 -1
529 2564 -1
529 2573 -1
529 2878 -1
529 2921 -1
529 2924 1
529 2925 1
529 2926 1
529 2927 1
529 2928 1
529 2929 1
529 2930 1
530 2493 -1
530 2574 -1
530 2924 -1
530 2931 1
530 2932 1
531 2515 -1
531 2526 -1
531 2885 -1
531 2933 1
531 2934 1
531 2935 1
532 2527 -1
532 2539 -1
532 2895 -1
532 2936 1
532 2937 1
532 2938 1
533 2540 -1
533 2552 -1
533 2905 -1
533 2939 1
533 2940 1
533 2941 1
534 2553 -1
534 2565 -1
534 2915 -1
534 2942 1
534 2943 1
534 2944 1
535 2566 -1
535 2575 -1
535 2925 -1
535 2945 1
535 2946 1
535 2947 1
536 2516 -1
536 2597 -1
536 2948 1
536 2949 1
536 2950 1
537 2517 -1
537 2528 -1
537 2581 -1
537 2598 -1
537 2607 -1
537 2933 -1
537 2948 -1
537 2951 1
537 2952 1
537 2953 1
537 2954 1
537 2955 1
537 2956 1
537 2957 1
538 2529 -1
538 2608 -1
538 2951 -1
538 2958 1
538 2959 1
538 2960 1
539 2530 -1
539 2541 -1
539 2584 -1
539 2609 -1
539 2620 -1
539 2936 -1
539 2958 -1
539 2961 1
539 2962 1
539 2963 1
539 2964 1
539 2965 1
539 2966 1
539 2967 1
540 2542 -1
540 2621 -1
540 2961 -1
540 2968 1
540 2969 1
540 2970 1
541 2543 -1
541 2554 -1
541 2587 -1
541 2622 -1
541 2633 -1
541 2939 -1
541 2968 -1
541 2971 1
541 2972 1
541 2973 1
541 2974 1
541 2975 1
541 2976 1
541 2977 1
542 2555 -1
542 2634 -1
542 2971 -1
542 2978 1
542 2979 1
542 2980 1
543 2556 -1
543 2567 -1
543 2590 -1
543 2635 -1
543 2646 -1
543 2942 -1
543 2978 -1
543 2981 1
543 2982 1
543 2983 1
543 2984 1
543 2985 1
543 2986 1
543 2987 1
544 2568 -1
544 2647 -1
544 2981 -1
544 2988 1
544 2989 1
544 2990 1
545 2569 -1
545 2576 -1
545 2593 -1
545 2648 -1
545 2657 -1
545 2945 -1
545 2988 -1
545 2991 1
545 2992 1
545 2993 1
545 2994 1
545 2995 1
545 2996 1
545 2997 1
546 2577 -1
546 2658 -1
546 2991 -1
546 2998 1
546 2999 1
547 2599 -1
547 2610 -1
547 2952 -1
547 3000 1
547 3001 1
547 3002 1
548 2611 -1
548 2623 -1
548 2962 -1
548 3003 1
548 3004 1
548 3005 1
549 2624 -1
549 2636 -1
549 2972 -1
549 3006 1
549 3007 1
549 3008 1
550 2637 -1
550 2649 -1
550 2982 -1
550 3009 1
550 3010 1
550 3011 1
551 2650 -1
551 2659 -1
551 2992 -1
551 3012 1
551 3013 1
551 3014 1
552 2600 -1
552 2681 -1
552 3015 1
552 3016 1
552 3017 1
553 2601 -1
553 2612 -1
553 2665 -1
553 2682 -1
553 2691 -1
553 3000 -1
553 3015 -1
553 3018 1
553 3019 1
553 3020 1
553 3021 1
553 3022 1
553 3023 1
553 3024 1
554 2613 -1
554 2692 -1
554 3018 -1
554 3025 1
554 3026 1
554 3027 1
555 2614 -1
555 2625 -1
555 2668 -1
555 2693 -1
555 2704 -1
555 3003 -1
555 3025 -1
555 3028 1
555 3029 1
555 3030 1
555 3031 1
555 3032 1
555 3033 1
555 3034 1
556 2626 -1
556 2705 -1
556 3028 -1
556 3035 1
556 3036 1
556 3037 1
557 2627 -1
557 2638 -1
557 2671 -1
557 2706 -1
557 2717 -1
557 3006 -1
557 3035 -1
557 3038 1
557 3039 1
557 3040 1
557 3041 1
557 3042 1
557 3043 1
557 3044 1
558 2639 -1
558 2718 -1
558 3038 -1
558 3045 1
558 3046 1
558 3047 1
559 2640 -1
559 2651 -1
559 2674 -1
559 2719 -1
559 2730 -1
559 3009 -1
559 3045 -1
559 3048 1
559 3049 1
559 3050 1
559 3051 1
559 3052 1
559 3053 1
559 3054 1
560 2652 -1
560 2731 -1
560 3048 -1
560 3055 1
560 3056 1
560 3057 1
561 2653 -1
561 2660 -1
561 2677 -1
561 2732 -1
561 2741 -1
561 3012 -1
561 3055 -1
561 3058 1
561 3059 1
561 3060 1
561 3061 1
561 3062 1
561 3063 1
561 3064 1
562 2661 -1
562 2742 -1
562 3058 -1
562 3065 1
562 3066 1
563 2683 -1
563 2694 -1
563 3019 -1
563 3067 1
563 3068 1
563 3069 1
564 2695 -1
564 2707 -1
564 3029 -1
564 3070 1
564 3071 1
564 3072 1
565 2708 -1
565 2720 -1
565 3039 -1
565 3073 1
565 3074 1
565 3075 1
566 2721 -1
566 2733 -1
566 3049 -1
566 3076 1
566 3077 1
566 3078 1
567 2734 -1
567 2743 -1
567 3059 -1
567 3079 1
567 3080 1
567 3081 1
568 2684 -1
568 2763 -1
568 3082 1
568 3083 1
568 3084 1
569 2685 -1
569 2696 -1
569 2749 -1
569 2764 -1
569 2768 -1
569 3067 -1
569 3082 -1
569 3085 1
569 3086 1
569 3087 1
569 3088 1
569 3089 1
569 3090 1
569 3091 1
570 2697 -1
570 2769 -1
570 3085 -1
570 3092 1
570 3093 1
570 3094 1
571 2698 -1
571 2709 -1
571 2752 -1
571 2770 -1
571 2775 -1
571 3070 -1
571 3092 -1
571 3095 1
571 3096 1
571 3097 1
571 3098 1
571 3099 1
571 3100 1
571 3101 1
572 2710 -1
572 2776 -1
572 3095 -1
572 3102 1
572 3103 1
572 3104 1
573 2711 -1
573 2722 -1
573 2755 -1
573 2777 -1
573 2782 -1
573 3073 -1
573 3102 -1
573 3105 1
573 3106 1
573 3107 1
573 3108 1
573 3109 1
573 3110 1
573 3111 1
574 2723 -1
574 2783 -1
574 3105 -1
574 3112 1
574 3113 1
574 3114 1
575 2724 -1
575 2735 -1
575 2758 -1
575 2784 -1
575 2789 -1
575 3076 -1
575 3112 -1
575 3115 1
575 3116 1
575 3117 1
575 3118 1
575 3119 1
575 3120 1
575 3121 1
576 2736 -1
576 2790 -1
576 3115 -1
576 3122 1
576 3123 1
576 3124 1
577 2737 -1
577 2744 -1
577 2761 -1
577 2791 -1
577 2795 -1
577 3079 -1
577 3122 -1
577 3125 1
577 3126 1
577 3127 1
577 3128 1
577 3129 1
577 3130 1
577 3131 1
578 2745 -1
578 2796 -1
578 3125 -1
578 3132 1
578 3133 1
579 2765 -1
579 2771 -1
579 3086 -1
579 3134 1
579 3135 1
580 2772 -1
580 2778 -1
580 3096 -1
580 3136 1
580 3137 1
581 2779 -1
581 2785 -1
581 3106 -1
581 3138 1
581 3139 1
582 2786 -1
582 2792 -1
582 3116 -1
582 3140 1
582 3141 1
583 2793 -1
583 2797 -1
583 3126 -1
583 3142 1
583 3143 1
584 2364 -1
584 2800 -1
584 2815 -1
584 2819 -1
584 3144 1
584 3145 1
584 3146 1
584 3147 1
584 3148 1
584 3149 1
584 3150 1
585 2374 -1
585 2801 -1
585 2803 -1
585 2820 -1
585 2825 -1
585 2829 -1
585 3144 -1
585 3151 1
585 3152 1
585 3153 1
585 3154 1
585 3155 1
585 3156 1
585 3157 1
585 3158 1
585 3159 1
585 3160 1
586 2384 -1
586 2804 -1
586 2806 -1
586 2830 -1
586 2835 -1
586 2839 -1
586 3151 -1
586 3161 1
586 3162 1
586 3163 1
586 3164 1
586 3165 1
586 3166 1
586 3167 1
586 3168 1
586 3169 1
586 3170 1
587 2394 -1
587 2807 -1
587 2809 -1
587 2840 -1
587 2845 -1
587 2849 -1
587 3161 -1
587 3171 1
587 3172 1
587 3173 1
587 3174 1
587 3175 1
587 3176 1
587 3177 1
587 3178 1
587 3179 1
587 3180 1
588 2404 -1
588 2810 -1
588 2812 -1
588 2850 -1
588 2855 -1
588 2859 -1
588 3171 -1
588 3181 1
588 3182 1
588 3183 1
588 3184 1
588 3185 1
588 3186 1
588 3187 1
588 3188 1
588 3189 1
588 3190 1
589 2410 -1
589 2813 -1
589 2860 -1
589 2864 -1
589 3181 -1
589 3191 1
589 3192 1
589 3193 1
589 3194 1
589 3195 1
589 3196 1
590 2821 -1
590 3145 -1
590 3152 -1
590 3197 1
590 3198 1
590 3199 1
591 2831 -1
591 3153 -1
591 3162 -1
591 3200 1
591 3201 1
591 3202 1
592 2841 -1
592 3163 -1
592 3172 -1
592 3203 1
592 3204 1
592 3205 1
593 2851 -1
593 3173 -1
593 3182 -1
593 3206 1
593 3207 1
593 3208 1
594 2861 -1
594 3183 -1
594 3191 -1
594 3209 1
594 3210 1
594 3211 1
595 2434 -1
595 2816 -1
595 2822 -1
595 2867 -1
595 2882 -1
595 2886 -1
595 3146 -1
595 3197 -1
595 3212 1
595 3213 1
595 3214 1
595 3215 1
595 3216 1
595 3217 1
595 3218 1
595 3219 1
595 3220 1
596 2447 -1
596 2823 -1
596 2826 -1
596 2832 -1
596 2868 -1
596 2870 -1
596 2887 -1
596 2892 -1
596 2896 -1
596 3154 -1
596 3198 -1
596 3200 -1
596 3212 -1
596 3221 1
596 3222 1
596 3223 1
596 3224 1
596 3225 1
596 3226 1
596 3227 1
596 3228 1
596 3229 1
596 3230 1
596 3231 1
596 3232 1
596 3233 1
597 2460 -1
597 2833 -1
597 2836 -1
597 2842 -1
597 2871 -1
597 2873 -1
597 2897 -1
597 2902 -1
597 2906 -1
597 3164 -1
597 3201 -1
597 3203 -1
597 3221 -1
597 3234 1
597 3235 1
597 3236 1
597 3237 1
597 3238 1
597 3239 1
597 3240 1
597 3241 1
597 3242 1
597 3243 1
597 3244 1
597 3245 1
597 3246 1
598 2473 -1
598 2843 -1
598 2846 -1
598 2852 -1
598 2874 -1
598 2876 -1
598 2907 -1
598 2912 -1
598 2916 -1
598 3174 -1
598 3204 -1
598 3206 -1
598 3234 -1
598 3247 1
598 3248 1
598 3249 1
598 3250 1
598 3251 1
598 3252 1
598 3253 1
598 3254 1
598 3255 1
598 3256 1
598 3257 1
598 3258 1
598 3259 1
599 2486 -1
599 2853 -1
599 2856 -1
599 2862 -1
599 2877 -1
599 2879 -1
599 2917 -1
599 2922 -1
599 2926 -1
599 3184 -1
599 3207 -1
599 3209 -1
599 3247 -1
599 3260 1
599 3261 1
599 3262 1
599 3263 1
599 3264 1
599 3265 1
599 3266 1
599 3267 1
599 3268 1
599 3269 1
599 3270 1
599 3271 1
599 3272 1
600 2494 -1
600 2863 -1
600 2865 -1
600 2880 -1
600 2927 -1
600 2931 -1
600 3192 -1
600 3210 -1
600 3260 -1
600 3273 1
600 3274 1
600 3275 1
600 3276 1
600 3277 1
600 3278 1
600 3279 1
600 3280 1
601 2888 -1
601 3213 -1
601 3222 -1
601 3281 1
601 3282 1
601 3283 1
602 2898 -1
602 3223 -1
602 3235 -1
602 3284 1
602 3285 1
602 3286 1
603 2908 -1
603 3236 -1
603 3248 -1
603 3287 1
603 3288 1
603 3289 1
604 2918 -1
604 3249 -1
604 3261 -1
604 3290 1
604 3291 1
604 3292 1
605 2928 -1
605 3262 -1
605 3273 -1
605 3293 1
605 3294 1
605 3295 1
606 2518 -1
606 2883 -1
606 2889 -1
606 2934 -1
606 2949 -1
606 2953 -1
606 3214 -1
606 3281 -1
606 3296 1
606 3297 1
606 3298 1
606 3299 1
606 3300 1
606 3301 1
606 3302 1
606 3303 1
606 3304 1
607 2531 -1
607 2890 -1
607 2893 -1
607 2899 -1
607 2935 -1
607 2937 -1
607 2954 -1
607 2959 -1
607 2963 -1
607 3224 -1
607 3282 -1
607 3284 -1
607 3296 -1
607 3305 1
607 3306 1
607 3307 1
607 3308 1
607 3309 1
607 3310 1
607 3311 1
607 3312 1
607 3313 1
607 3314 1
607 3315 1
607 3316 1
607 3317 1
608 2544 -1
608 2900 -1
608 2903 -1
608 2909 -1
608 2938 -1
608 2940 -1
608 2964 -1
608 2969 -1
608 2973 -1
608 3237 -1
608 3285 -1
608 3287 -1
608 3305 -1
608 3318 1
608 3319 1
608 3320 1
608 3321 1
608 3322 1
608 3323 1
608 3324 1
608 3325 1
608 3326 1
608 3327 1
608 3328 1
608 3329 1
608 3330 1
609 2557 -1
609 2910 -1
609 2913 -1
609 2919 -1
609 2941 -1
609 2943 -1
609 2974 -1
609 2979 -1
609 2983 -1
609 3250 -1
609 3288 -1
609 3290 -1
609 3318 -1
609 3331 1
609 3332 1
609 3333 1
609 3334 1
609 3335 1
609 3336 1
609 3337 1
609 3338 1
609 3339 1
609 3340 1
609 3341 1
609 3342 1
609 3343 1
610 2570 -1
610 2920 -1
610 2923 -1
610 2929 -1
610 2944 -1
610 2946 -1
610 2984 -1
610 2989 -1
610 2993 -1
610 3263 -1
610 3291 -1
610 3293 -1
610 3331 -1
610 3344 1
610 3345 1
610 3346 1
610 3347 1
610 3348 1
610 3349 1
610 3350 1
610 3351 1
610 3352 1
610 3353 1
610 3354 1
610 3355 1
610 3356 1
611 2578 -1
611 2930 -1
611 2932 -1
611 2947 -1
611 2994 -1
611 2998 -1
611 3274 -1
611 3294 -1
611 3344 -1
611 3357 1
611 3358 1
611 3359 1
611 3360 1
611 3361 1
611 3362 1
611 3363 1
611 3364 1
612 2955 -1
612 3297 -1
612 3306 -1
612 3365 1
612 3366 1
612 3367 1
613 2965 -1
613 3307 -1
613 3319 -1
613 3368 1
613 3369 1
613 3370 1
614 2975 -1
614 3320 -1
614 3332 -1
614 3371 1
614 3372 1
614 3373 1
615 2985 -1
615 3333 -1
615 3345 -1
615 3374 1
615 3375 1
615 3376 1
616 2995 -1
616 3346 -1
616 3357 -1
616 3377 1
616 3378 1
616 3379 1
617 2602 -1
617 2950 -1
617 2956 -1
617 3001 -1
617 3016 -1
617 3020 -1
617 3298 -1
617 3365 -1
617 3380 1
617 3381 1
617 3382 1
617 3383 1
617 3384 1
617 3385 1
617 3386 1
617 3387 1
617 3388 1
618 2615 -1
618 2957 -1
618 2960 -1
618 2966 -1
618 3002 -1
618 3004 -1
618 3021 -1
618 3026 -1
618 3030 -1
618 3308 -1
618 3366 -1
618 3368 -1
618 3380 -1
618 3389 1
618 3390 1
618 3391 1
618 3392 1
618 3393 1
618 3394 1
618 3395 1
618 3396 1
618 3397 1
618 3398 1
618 3399 1
618 3400 1
618 3401 1
619 2628 -1
619 2967 -1
619 2970 -1
619 2976 -1
619 3005 -1
619 3007 -1
619 3031 -1
619 3036 -1
619 3040 -1
619 3321 -1
619 3369 -1
619 3371 -1
619 3389 -1
619 3402 1
619 3403 1
619 3404 1
619 3405 1
619 3406 1
619 3407 1
619 3408 1
619 3409 1
619 3410 1
619 3411 1
619 3412 1
619 3413 1
619 3414 1
620 2641 -1
620 2977 -1
620 2980 -1
620 2986 -1
620 3008 -1
620 3010 -1
620 3041 -1
620 3046 -1
620 3050 -1
620 3334 -1
620 3372 -1
620 3374 -1
620 3402 -1
620 3415 1
620 3416 1
620 3417 1
620 3418 1
620 3419 1
620 3420 1
620 3421 1
620 3422 1
620 3423 1
620 3424 1
620 3425 1
620 3426 1
620 3427 1
621 2654 -1
621 2987 -1
621 2990 -1
621 2996 -1
621 3011 -1
621 3013 -1
621 3051 -1
621 3056 -1
621 3060 -1
621 3347 -1
621 3375 -1
621 3377 -1
621 3415 -1
621 3428 1
621 3429 1
621 3430 1
621 3431 1
621 3432 1
621 3433 1
621 3434 1
621 3435 1
621 3436 1
621 3437 1
621 3438 1
621 3439 1
621 3440 1
622 2662 -1
622 2997 -1
622 2999 -1
622 3014 -1
622 3061 -1
622 3065 -1
622 3358 -1
622 3378 -1
622 3428 -1
622 3441 1
622 3442 1
622 3443 1
622 3444 1
622 3445 1
622 3446 1
622 3447 1
622 3448 1
623 3022 -1
623 3381 -1
623 3390 -1
623 3449 1
623 3450 1
623 3451 1
624 3032 -1
624 3391 -1
624 3403 -1
624 3452 1
624 3453 1
624 3454 1
625 3042 -1
625 3404 -1
625 3416 -1
625 3455 1
625 3456 1
625 3457 1
626 3052 -1
626 3417 -1
626 3429 -1
626 3458 1
626 3459 1
626 3460 1
627 3062 -1
627 3430 -1
627 3441 -1
627 3461 1
627 3462 1
627 3463 1
628 2686 -1
628 3017 -1
628 3023 -1
628 3068 -1
628 3083 -1
628 3087 -1
628 3382 -1
628 3449 -1
628 3464 1
628 3465 1
628 3466 1
628 3467 1
628 3468 1
628 3469 1
628 3470 1
628 3471 1
628 3472 1
629 2699 -1
629 3024 -1
629 3027 -1
629 3033 -1
629 3069 -1
629 3071 -1
629 3088 -1
629 3093 -1
629 3097 -1
629 3392 -1
629 3450 -1
629 3452 -1
629 3464 -1
629 3473 1
629 3474 1
629 3475 1
629 3476 1
629 3477 1
629 3478 1
629 3479 1
629 3480 1
629 3481 1
629 3482 1
629 3483 1
629 3484 1
629 3485 1
630 2712 -1
630 3034 -1
630 3037 -1
630 3043 -1
630 3072 -1
630 3074 -1
630 3098 -1
630 3103 -1
630 3107 -1
630 3405 -1
630 3453 -1
630 3455 -1
630 3473 -1
630 3486 1
630 3487 1
630 3488 1
630 3489 1
630 3490 1
630 3491 1
630 3492 1
630 3493 1
630 3494 1
630 3495 1
630 3496 1
630 3497 1
630 3498 1
631 2725 -1
631 3044 -1
631 3047 -1
631 3053 -1
631 3075 -1
631 3077 -1
631 3108 -1
631 3113 -1
631 3117 -1
631 3418 -1
631 3456 -1
631 3458 -1
631 3486 -1
631 3499 1
631 3500 1
631 3501 1
631 3502 1
631 3503 1
631 3504 1
631 3505 1
631 3506 1
631 3507 1
631 3508 1
631 3509 1
631 3510 1
631 3511 1
632 2738 -1
632 3054 -1
632 3057 -1
632 3063 -1
632 3078 -1
632 3080 -1
632 3118 -1
632 3123 -1
632 3127 -1
632 3431 -1
632 3459 -1
632 3461 -1
632 3499 -1
632 3512 1
632 3513 1
632 3514 1
632 3515 1
632 3516 1
632 3517 1
632 3518 1
632 3519 1
632 3520 1
632 3521 1
632 3522 1
632 3523 1
632 3524 1
633 2746 -1
633 3064 -1
633 3066 -1
633 3081 -1
633 3128 -1
633 3132 -1
633 3442 -1
633 3462 -1
633 3512 -1
633 3525 1
633 3526 1
633 3527 1
633 3528 1
633 3529 1
633 3530 1
633 3531 1
633 3532 1
634 3089 -1
634 3465 -1
634 3474 -1
634 3533 1
634 3534 1
634 3535 1
635 3099 -1
635 3475 -1
635 3487 -1
635 3536 1
635 3537 1
635 3538 1
636 3109 -1
636 3488 -1
636 3500 -1
636 3539 1
636 3540 1
636 3541 1
637 3119 -1
637 3501 -1
637 3513 -1
637 3542 1
637 3543 1
637 3544 1
638 3129 -1
638 3514 -1
638 3525 -1
638 3545 1
638 3546 1
638 3547 1
639 2766 -1
639 3084 -1
639 3090 -1
639 3134 -1
639 3466 -1
639 3533 -1
639 3548 1
639 3549 1
639 3550 1
639 3551 1
639 3552 1
640 2773 -1
640 3091 -1
640 3094 -1
640 3100 -1
640 3135 -1
640 3136 -1
640 3476 -1
640 3534 -1
640 3536 -1
640 3548 -1
640 3553 1
640 3554 1
640 3555 1
640 3556 1
640 3557 1
640 3558 1
640 3559 1
641 2780 -1
641 3101 -1
641 3104 -1
641 3110 -1
641 3137 -1
641 3138 -1
641 3489 -1
641 3537 -1
641 3539 -1
641 3553 -1
641 3560 1
641 3561 1
641 3562 1
641 3563 1
641 3564 1
641 3565 1
641 3566 1
642 2787 -1
642 3111 -1
642 3114 -1
642 3120 -1
642 3139 -1
642 3140 -1
642 3502 -1
642 3540 -1
642 3542 -1
642 3560 -1
642 3567 1
642 3568 1
642 3569 1
642 3570 1
642 3571 1
642 3572 1
642 3573 1
643 2794 -1
643 3121 -1
643 3124 -1
643 3130 -1
643 3141 -1
643 3142 -1
643 3515 -1
643 3543 -1
643 3545 -1
643 3567 -1
643 3574 1
643 3575 1
643 3576 1
643 3577 1
643 3578 1
643 3579 1
643 3580 1
644 2798 -1
644 3131 -1
644 3133 -1
644 3143 -1
644 3526 -1
644 3546 -1
644 3574 -1
644 3581 1
644 3582 1
644 3583 1
644 3584 1
645 3147 -1
645 3155 -1
645 3585 1
645 3586 1
645 3587 1
646 3156 -1
646 3165 -1
646 3588 1
646 3589 1
646 3590 1
647 3166 -1
647 3175 -1
647 3591 1
647 3592 1
647 3593 1
648 3176 -1
648 3185 -1
648 3594 1
648 3595 1
648 3596 1
649 3186 -1
649 3193 -1
649 3597 1
649 3598 1
649 3599 1
650 3148 -1
650 3215 -1
650 3600 1
650 3601 1
650 3602 1
651 3149 -1
651 3157 -1
651 3199 -1
651 3216 -1
651 3225 -1
651 3585 -1
651 3600 -1
651 3603 1
651 3604 1
651 3605 1
651 3606 1
651 3607 1
651 3608 1
651 3609 1
652 3158 -1
652 3226 -1
652 3603 -1
652 3610 1
652 3611 1
652 3612 1
653 3159 -1
653 3167 -1
653 3202 -1
653 3227 -1
653 3238 -1
653 3588 -1
653 3610 -1
653 3613 1
653 3614 1
653 3615 1
653 3616 1
653 3617 1
653 3618 1
653 3619 1
654 3168 -1
654 3239 -1
654 3613 -1
654 3620 1
654 3621 1
654 3622 1
655 3169 -1
655 3177 -1
655 3205 -1
655 3240 -1
655 3251 -1
655 3591 -1
655 3620 -1
655 3623 1
655 3624 1
655 3625 1
655 3626 1
655 3627 1
655 3628 1
655 3629 1
656 3178 -1
656 3252 -1
656 3623 -1
656 3630 1
656 3631 1
656 3632 1
657 3179 -1
657 3187 -1
657 3208 -1
657 3253 -1
657 3264 -1
657 3594 -1
657 3630 -1
657 3633 1
657 3634 1
657 3635 1
657 3636 1
657 3637 1
657 3638 1
657 3639 1
658 3188 -1
658 3265 -1
658 3633 -1
658 3640 1
658 3641 1
658 3642 1
659 3189 -1
659 3194 -1
659 3211 -1
659 3266 -1
659 3275 -1
659 3597 -1
659 3640 -1
659 3643 1
659 3644 1
659 3645 1
659 3646 1
659 3647 1
659 3648 1
659 3649 1
660 3195 -1
660 3276 -1
660 3643 -1
660 3650 1
660 3651 1
661 3217 -1
661 3228 -1
661 3604 -1
661 3652 1
661 3653 1
661 3654 1
662 3229 -1
662 3241 -1
662 3614 -1
662 3655 1
662 3656 1
662 3657 1
663 3242 -1
663 3254 -1
663 3624 -1
663 3658 1
663 3659 1
663 3660 1
664 3255 -1
664 3267 -1
664 3634 -1
664 3661 1
664 3662 1
664 3663 1
665 3268 -1
665 3277 -1
665 3644 -1
665 3664 1
665 3665 1
665 3666 1
666 3218 -1
666 3299 -1
666 3667 1
666 3668 1
666 3669 1
667 3219 -1
667 3230 -1
667 3283 -1
667 3300 -1
667 3309 -1
667 3652 -1
667 3667 -1
667 3670 1
667 3671 1
667 3672 1
667 3673 1
667 3674 1
667 3675 1
667 3676 1
668 3231 -1
668 3310 -1
668 3670 -1
668 3677 1
668 3678 1
668 3679 1
669 3232 -1
669 3243 -1
669 3286 -1
669 3311 -1
669 3322 -1
669 3655 -1
669 3677 -1
669 3680 1
669 3681 1
669 3682 1
669 3683 1
669 3684 1
669 3685 1
669 3686 1
670 3244 -1
670 3323 -1
670 3680 -1
670 3687 1
670 3688 1
670 3689 1
671 3245 -1
671 3256 -1
671 3289 -1
671 3324 -1
671 3335 -1
671 3658 -1
671 3687 -1
671 3690 1
671 3691 1
671 3692 1
671 3693 1
671 3694 1
671 3695 1
671 3696 1
672 3257 -1
672 3336 -1
672 3690 -1
672 3697 1
672 3698 1
672 3699 1
673 3258 -1
673 3269 -1
673 3292 -1
673 3337 -1
673 3348 -1
673 3661 -1
673 3697 -1
673 3700 1
673 3701 1
673 3702 1
673 3703 1
673 3704 1
673 3705 1
673 3706 1
674 3270 -1
674 3349 -1
674 3700 -1
674 3707 1
674 3708 1
674 3709 1
675 3271 -1
675 3278 -1
675 3295 -1
675 3350 -1
675 3359 -1
675 3664 -1
675 3707 -1
675 3710 1
675 3711 1
675 3712 1
675 3713 1
675 3714 1
675 3715 1
675 3716 1
676 3279 -1
676 3360 -1
676 3710 -1
676 3717 1
676 3718 1
677 3301 -1
677 3312 -1
677 3671 -1
677 3719 1
677 3720 1
677 3721 1
678 3313 -1
678 3325 -1
678 3681 -1
678 3722 1
678 3723 1
678 3724 1
679 3326 -1
679 3338 -1
679 3691 -1
679 3725 1
679 3726 1
679 3727 1
680 3339 -1
680 3351 -1
680 3701 -1
680 3728 1
680 3729 1
680 3730 1
681 3352 -1
681 3361 -1
681 3711 -1
681 3731 1
681 3732 1
681 3733 1
682 3302 -1
682 3383 -1
682 3734 1
682 3735 1
682 3736 1
683 3303 -1
683 3314 -1
683 3367 -1
683 3384 -1
683 3393 -1
683 3719 -1
683 3734 -1
683 3737 1
683 3738 1
683 3739 1
683 3740 1
683 3741 1
683 3742 1
683 3743 1
684 3315 -1
684 3394 -1
684 3737 -1
684 3744 1
684 3745 1
684 3746 1
685 3316 -1
685 3327 -1
685 3370 -1
685 3395 -1
685 3406 -1
685 3722 -1
685 3744 -1
685 3747 1
685 3748 1
685 3749 1
685 3750 1
685 3751 1
685 3752 1
685 3753 1
686 3328 -1
686 3407 -1
686 3747 -1
686 3754 1
686 3755 1
686 3756 1
687 3329 -1
687 3340 -1
687 3373 -1
687 3408 -1
687 3419 -1
687 3725 -1
687 3754 -1
687 3757 1
687 3758 1
687 3759 1
687 3760 1
687 3761 1
687 3762 1
687 3763 1
688 3341 -1
688 3420 -1
688 3757 -1
688 3764 1
688 3765 1
688 3766 1
689 3342 -1
689 3353 -1
689 3376 -1
689 3421 -1
689 3432 -1
689 3728 -1
689 3764 -1
689 3767 1
689 3768 1
689 3769 1
689 3770 1
689 3771 1
689 3772 1
689 3773 1
690 3354 -1
690 3433 -1
690 3767 -1
690 3774 1
690 3775 1
690 3776 1
691 3355 -1
691 3362 -1
691 3379 -1
691 3434 -1
691 3443 -1
691 3731 -1
691 3774 -1
691 3777 1
691 3778 1
691 3779 1
691 3780 1
691 3781 1
691 3782 1
691 3783 1
692 3363 -1
692 3444 -1
692 3777 -1
692 3784 1
692 3785 1
693 3385 -1
693 3396 -1
693 3738 -1
693 3786 1
693 3787 1
693 3788 1
694 3397 -1
694 3409 -1
694 3748 -1
694 3789 1
694 3790 1
694 3791 1
695 3410 -1
695 3422 -1
695 3758 -1
695 3792 1
695 3793 1
695 3794 1
696 3423 -1
696 3435 -1
696 3768 -1
696 3795 1
696 3796 1
696 3797 1
697 3436 -1
697 3445 -1
697 3778 -1
697 3798 1
697 3799 1
697 3800 1
698 3386 -1
698 3467 -1
698 3801 1
698 3802 1
698 3803 1
699 3387 -1
699 3398 -1
699 3451 -1
699 3468 -1
699 3477 -1
699 3786 -1
699 3801 -1
699 3804 1
699 3805 1
699 3806 1
699 3807 1
699 3808 1
699 3809 1
699 3810 1
700 3399 -1
700 3478 -1
700 3804 -1
700 3811 1
700 3812 1
700 3813 1
701 3400 -1
701 3411 -1
701 3454 -1
701 3479 -1
701 3490 -1
701 3789 -1
701 3811 -1
701 3814 1
701 3815 1
701 3816 1
701 3817 1
701 3818 1
701 3819 1
701 3820 1
702 3412 -1
702 3491 -1
702 3814 -1
702 3821 1
702 3822 1
702 3823 1
703 3413 -1
703 3424 -1
703 3457 -1
703 3492 -1
703 3503 -1
703 3792 -1
703 3821 -1
703 3824 1
703 3825 1
703 3826 1
703 3827 1
703 3828 1
703 3829 1
703 3830 1
704 3425 -1
704 3504 -1
704 3824 -1
704 3831 1
704 3832 1
704 3833 1
705 3426 -1
705 3437 -1
705 3460 -1
705 3505 -1
705 3516 -1
705 3795 -1
705 3831 -1
705 3834 1
705 3835 1
705 3836 1
705 3837 1
705 3838 1
705 3839 1
705 3840 1
706 3438 -1
706 3517 -1
706 3834 -1
706 3841 1
706 3842 1
706 3843 1
707 3439 -1
707 3446 -1
707 3463 -1
707 3518 -1
707 3527 -1
707 3798 -1
707 3841 -1
707 3844 1
707 3845 1
707 3846 1
707 3847 1
707 3848 1
707 3849 1
707 3850 1
708 3447 -1
708 3528 -1
708 3844 -1
708 3851 1
708 3852 1
709 3469 -1
709 3480 -1
709 3805 -1
709 3853 1
709 3854 1
709 3855 1
710 3481 -1
710 3493 -1
710 3815 -1
710 3856 1
710 3857 1
710 3858 1
711 3494 -1
711 3506 -1
711 3825 -1
711 3859 1
711 3860 1
711 3861 1
712 3507 -1
712 3519 -1
712 3835 -1
712 3862 1
712 3863 1
712 3864 1
713 3520 -1
713 3529 -1
713 3845 -1
713 3865 1
713 3866 1
713 3867 1
714 3470 -1
714 3549 -1
714 3868 1
714 3869 1
714 3870 1
715 3471 -1
715 3482 -1
715 3535 -1
715 3550 -1
715 3554 -1
715 3853 -1
715 3868 -1
715 3871 1
715 3872 1
715 3873 1
715 3874 1
715 3875 1
715 3876 1
715 3877 1
716 3483 -1
716 3555 -1
716 3871 -1
716 3878 1
716 3879 1
716 3880 1
717 3484 -1
717 3495 -1
717 3538 -1
717 3556 -1
717 3561 -1
717 3856 -1
717 3878 -1
717 3881 1
717 3882 1
717 3883 1
717 3884 1
717 3885 1
717 3886 1
717 3887 1
718 3496 -1
718 3562 -1
718 3881 -1
718 3888 1
718 3889 1
718 3890 1
719 3497 -1
719 3508 -1
719 3541 -1
719 3563 -1
719 3568 -1
719 3859 -1
719 3888 -1
719 3891 1
719 3892 1
719 3893 1
719 3894 1
719 3895 1
719 3896 1
719 3897 1
720 3509 -1
720 3569 -1
720 3891 -1
720 3898 1
720 3899 1
720 3900 1
721 3510 -1
721 3521 -1
721 3544 -1
721 3570 -1
721 3575 -1
721 3862 -1
721 3898 -1
721 3901 1
721 3902 1
721 3903 1
721 3904 1
721 3905 1
721 3906 1
721 3907 1
722 3522 -1
722 3576 -1
722 3901 -1
722 3908 1
722 3909 1
722 3910 1
723 3523 -1
723 3530 -1
723 3547 -1
723 3577 -1
723 3581 -1
723 3865 -1
723 3908 -1
723 3911 1
723 3912 1
723 3913 1
723 3914 1
723 3915 1
723 3916 1
723 3917 1
724 3531 -1
724 3582 -1
724 3911 -1
724 3918 1
724 3919 1
725 3551 -1
725 3557 -1
725 3872 -1
725 3920 1
725 3921 1
726 3558 -1
726 3564 -1
726 3882 -1
726 3922 1
726 3923 1
727 3565 -1
727 3571 -1
727 3892 -1
727 3924 1
727 3925 1
728 3572 -1
728 3578 -1
728 3902 -1
728 3926 1
728 3927 1
729 3579 -1
729 3583 -1
729 3912 -1
729 3928 1
729 3929 1
730 3150 -1
730 3586 -1
730 3601 -1
730 3605 -1
730 3930 1
730 3931 1
730 3932 1
731 3160 -1
731 3587 -1
731 3589 -1
731 3606 -1
731 3611 -1
731 3615 -1
731 3930 -1
731 3933 1
731 3934 1
731 3935 1
731 3936 1
732 3170 -1
732 3590 -1
732 3592 -1
732 3616 -1
732 3621 -1
732 3625 -1
732 3933 -1
732 3937 1
732 3938 1
732 3939 1
732 3940 1
733 3180 -1
733 3593 -1
733 3595 -1
733 3626 -1
733 3631 -1
733 3635 -1
733 3937 -1
733 3941 1
733 3942 1
733 3943 1
733 3944 1
734 3190 -1
734 3596 -1
734 3598 -1
734 3636 -1
734 3641 -1
734 3645 -1
734 3941 -1
734 3945 1
734 3946 1
734 3947 1
734 3948 1
735 3196 -1
735 3599 -1
735 3646 -1
735 3650 -1
735 3945 -1
735 3949 1
735 3950 1
736 3607 -1
736 3931 -1
736 3934 -1
736 3951 1
736 3952 1
737 3617 -1
737 3935 -1
737 3938 -1
737 3953 1
737 3954 1
738 3627 -1
738 3939 -1
738 3942 -1
738 3955 1
738 3956 1
739 3637 -1
739 3943 -1
739 3946 -1
739 3957 1
739 3958 1
740 3647 -1
740 3947 -1
740 3949 -1
740 3959 1
740 3960 1
741 3220 -1
741 3602 -1
741 3608 -1
741 3653 -1
741 3668 -1
741 3672 -1
741 3932 -1
741 3951 -1
741 3961 1
741 3962 1
741 3963 1
742 3233 -1
742 3609 -1
742 3612 -1
742 3618 -1
742 3654 -1
742 3656 -1
742 3673 -1
742 3678 -1
742 3682 -1
742 3936 -1
742 3952 -1
742 3953 -1
742 3961 -1
742 3964 1
742 3965 1
742 3966 1
742 3967 1
743 3246 -1
743 3619 -1
743 3622 -1
743 3628 -1
743 3657 -1
743 3659 -1
743 3683 -1
743 3688 -1
743 3692 -1
743 3940 -1
743 3954 -1
743 3955 -1
743 3964 -1
743 3968 1
743 3969 1
743 3970 1
743 3971 1
744 3259 -1
744 3629 -1
744 3632 -1
744 3638 -1
744 3660 -1
744 3662 -1
744 3693 -1
744 3698 -1
744 3702 -1
744 3944 -1
744 3956 -1
744 3957 -1
744 3968 -1
744 3972 1
744 3973 1
744 3974 1
744 3975 1
745 3272 -1
745 3639 -1
745 3642 -1
745 3648 -1
745 3663 -1
745 3665 -1
745 3703 -1
745 3708 -1
745 3712 -1
745 3948 -1
745 3958 -1
745 3959 -1
745 3972 -1
745 3976 1
745 3977 1
745 3978 1
745 3979 1
746 3280 -1
746 3649 -1
746 3651 -1
746 3666 -1
746 3713 -1
746 3717 -1
746 3950 -1
746 3960 -1
746 3976 -1
746 3980 1
746 3981 1
747 3674 -1
747 3962 -1
747 3965 -1
747 3982 1
747 3983 1
748 3684 -1
748 3966 -1
748 3969 -1
748 3984 1
748 3985 1
749 3694 -1
749 3970 -1
749 3973 -1
749 3986 1
749 3987 1
750 3704 -1
750 3974 -1
750 3977 -1
750 3988 1
750 3989 1
751 3714 -1
751 3978 -1
751 3980 -1
751 3990 1
751 3991 1
752 3304 -1
752 3669 -1
752 3675 -1
752 3720 -1
752 3735 -1
752 3739 -1
752 3963 -1
752 3982 -1
752 3992 1
752 3993 1
752 3994 1
753 3317 -1
753 3676 -1
753 3679 -1
753 3685 -1
753 3721 -1
753 3723 -1
753 3740 -1
753 3745 -1
753 3749 -1
753 3967 -1
753 3983 -1
753 3984 -1
753 3992 -1
753 3995 1
753 3996 1
753 3997 1
753 3998 1
754 3330 -1
754 3686 -1
754 3689 -1
754 3695 -1
754 3724 -1
754 3726 -1
754 3750 -1
754 3755 -1
754 3759 -1
754 3971 -1
754 3985 -1
754 3986 -1
754 3995 -1
754 3999 1
754 4000 1
754 4001 1
754 4002 1
755 3343 -1
755 3696 -1
755 3699 -1
755 3705 -1
755 3727 -1
755 3729 -1
755 3760 -1
755 3765 -1
755 3769 -1
755 3975 -1
755 3987 -1
755 3988 -1
755 3999 -1
755 4003 1
755 4004 1
755 4005 1
755 4006 1
756 3356 -1
756 3706 -1
756 3709 -1
756 3715 -1
756 3730 -1
756 3732 -1
756 3770 -1
756 3775 -1
756 3779 -1
756 3979 -1
756 3989 -1
756 3990 -1
756 4003 -1
756 4007 1
756 4008 1
756 4009 1
756 4010 1
757 3364 -1
757 3716 -1
757 3718 -1
757 3733 -1
757 3780 -1
757 3784 -1
757 3981 -1
757 3991 -1
757 4007 -1
757 4011 1
757 4012 1
758 3741 -1
758 3993 -1
758 3996 -1
758 4013 1
758 4014 1
759 3751 -1
759 3997 -1
759 4000 -1
759 4015 1
759 4016 1
760 3761 -1
760 4001 -1
760 4004 -1
760 4017 1
760 4018 1
761 3771 -1
761 4005 -1
761 4008 -1
761 4019 1
761 4020 1
762 3781 -1
762 4009 -1
762 4011 -1
762 4021 1
762 4022 1
763 3388 -1
763 3736 -1
763 3742 -1
763 3787 -1
763 3802 -1
763 3806 -1
763 3994 -1
763 4013 -1
763 4023 1
763 4024 1
763 4025 1
764 3401 -1
764 3743 -1
764 3746 -1
764 3752 -1
764 3788 -1
764 3790 -1
764 3807 -1
764 3812 -1
764 3816 -1
764 3998 -1
764 4014 -1
764 4015 -1
764 4023 -1
764 4026 1
764 4027 1
764 4028 1
764 4029 1
765 3414 -1
765 3753 -1
765 3756 -1
765 3762 -1
765 3791 -1
765 3793 -1
765 3817 -1
765 3822 -1
765 3826 -1
765 4002 -1
765 4016 -1
765 4017 -1
765 4026 -1
765 4030 1
765 4031 1
765 4032 1
765 4033 1
766 3427 -1
766 3763 -1
766 3766 -1
766 3772 -1
766 3794 -1
766 3796 -1
766 3827 -1
766 3832 -1
766 3836 -1
766 4006 -1
766 4018 -1
766 4019 -1
766 4030 -1
766 4034 1
766 4035 1
766 4036 1
766 4037 1
767 3440 -1
767 3773 -1
767 3776 -1
767 3782 -1
767 3797 -1
767 3799 -1
767 3837 -1
767 3842 -1
767 3846 -1
767 4010 -1
767 4020 -1
767 4021 -1
767 4034 -1
767 4038 1
767 4039 1
767 4040 1
767 4041 1
768 3448 -1
768 3783 -1
768 3785 -1
768 3800 -1
768 3847 -1
768 3851 -1
768 4012 -1
768 4022 -1
768 4038 -1
768 4042 1
768 4043 1
769 3808 -1
769 4024 -1
769 4027 -1
769 4044 1
769 4045 1
770 3818 -1
770 4028 -1
770 4031 -1
770 4046 1
770 4047 1
771 3828 -1
771 4032 -1
771 4035 -1
771 4048 1
771 4049 1
772 3838 -1
772 4036 -1
772 4039 -1
772 4050 1
772 4051 1
773 3848 -1
773 4040 -1
773 4042 -1
773 4052 1
773 4053 1
774 3472 -1
774 3803 -1
774 3809 -1
774 3854 -1
774 3869 -1
774 3873 -1
774 4025 -1
774 4044 -1
774 4054 1
774 4055 1
774 4056 1
775 3485 -1
775 3810 -1
775 3813 -1
775 3819 -1
775 3855 -1
775 3857 -1
775 3874 -1
775 3879 -1
775 3883 -1
775 4029 -1
775 4045 -1
775 4046 -1
775 4054 -1
775 4057 1
775 4058 1
775 4059 1
775 4060 1
776 3498 -1
776 3820 -1
776 3823 -1
776 3829 -1
776 3858 -1
776 3860 -1
776 3884 -1
776 3889 -1
776 3893 -1
776 4033 -1
776 4047 -1
776 4048 -1
776 4057 -1
776 4061 1
776 4062 1
776 4063 1
776 4064 1
777 3511 -1
777 3830 -1
777 3833 -1
777 3839 -1
777 3861 -1
777 3863 -1
777 3894 -1
777 3899 -1
777 3903 -1
777 4037 -1
777 4049 -1
777 4050 -1
777 4061 -1
777 4065 1
777 4066 1
777 4067 1
777 4068 1
778 3524 -1
778 3840 -1
778 3843 -1
778 3849 -1
778 3864 -1
778 3866 -1
778 3904 -1
778 3909 -1
778 3913 -1
778 4041 -1
778 4051 -1
778 4052 -1
778 4065 -1
778 4069 1
778 4070 1
778 4071 1
778 4072 1
779 3532 -1
779 3850 -1
779 3852 -1
779 3867 -1
779 3914 -1
779 3918 -1
779 4043 -1
779 4053 -1
779 4069 -1
779 4073 1
779 4074 1
780 3875 -1
780 4055 -1
780 4058 -1
780 4075 1
780 4076 1
781 3885 -1
781 4059 -1
781 4062 -1
781 4077 1
781 4078 1
782 3895 -1
782 4063 -1
782 4066 -1
782 4079 1
782 4080 1
783 3905 -1
783 4067 -1
783 4070 -1
783 4081 1
783 4082 1
784 3915 -1
784 4071 -1
784 4073 -1
784 4083 1
784 4084 1
785 3552 -1
785 3870 -1
785 3876 -1
785 3920 -1
785 4056 -1
785 4075 -1
785 4085 1
786 3559 -1
786 3877 -1
786 3880 -1
786 3886 -1
786 3921 -1
786 3922 -1
786 4060 -1
786 4076 -1
786 4077 -1
786 4085 -1
786 4086 1
787 3566 -1
787 3887 -1
787 3890 -1
787 3896 -1
787 3923 -1
787 3924 -1
787 4064 -1
787 4078 -1
787 4079 -1
787 4086 -1
787 4087 1
788 3573 -1
788 3897 -1
788 3900 -1
788 3906 -1
788 3925 -1
788 3926 -1
788 4068 -1
788 4080 -1
788 4081 -1
788 4087 -1
788 4088 1
789 3580 -1
789 3907 -1
789 3910 -1
789 3916 -1
789 3927 -1
789 3928 -1
789 4072 -1
789 4082 -1
789 4083 -1
789 4088 -1
789 4089 1
790 3584 -1
790 3917 -1
790 3919 -1
790 3929 -1
790 4074 -1
790 4084 -1
790 4089 -1
