# A3
0 1 1
0 2 1
0 6 1
1 0 1
1 4 1
1 8 1
2 0 1
2 3 1
2 10 1
3 2 1
3 5 1
3 12 1
4 1 1
4 5 1
4 16 1
5 3 1
5 4 1
5 17 1
6 0 1
6 7 1
6 10 1
7 6 1
7 9 1
7 14 1
8 1 1
8 9 1
8 16 1
9 7 1
9 8 1
9 18 1
10 2 1
10 6 1
10 11 1
11 10 1
11 13 1
11 15 1
12 3 1
12 13 1
12 17 1
13 11 1
13 12 1
13 19 1
14 7 1
14 15 1
14 18 1
15 11 1
15 14 1
15 19 1
16 4 1
16 8 1
16 20 1
17 5 1
17 12 1
17 21 1
18 9 1
18 14 1
18 22 1
19 13 1
19 15 1
19 23 1
20 16 1
20 21 1
20 22 1
21 17 1
21 20 1
21 23 1
22 18 1
22 20 1
22 23 1
23 19 1
23 21 1
23 22 1
