# B10
0 0 1
0 1 1
0 2 1
0 3 1
0 4 1
0 5 1
0 6 1
1 0 -1
1 7 1
1 8 1
1 9 1
1 10 1
1 11 1
1 12 1
2 1 -1
2 7 -1
2 13 1
2 14 1
2 15 1
3 2 -1
3 13 -1
3 16 1
3 17 1
3 18 1
3 19 1
3 20 1
4 8 -1
4 14 -1
4 16 -1
4 21 1
4 22 1
4 23 1
4 24 1
5 3 -1
5 9 -1
5 25 1
5 26 1
5 27 1
6 4 -1
6 17 -1
6 28 1
6 29 1
6 30 1
7 5 -1
7 10 -1
7 15 -1
7 18 -1
7 21 -1
7 25 -1
7 28 -1
7 31 1
7 32 1
7 33 1
7 34 1
7 35 1
7 36 1
7 37 1
8 11 -1
8 22 -1
8 31 -1
8 38 1
8 39 1
9 19 -1
9 23 -1
9 32 -1
9 40 1
9 41 1
10 6 -1
10 26 -1
10 29 -1
10 33 -1
10 42 1
10 43 1
10 44 1
11 12 -1
11 27 -1
11 34 -1
11 38 -1
11 42 -1
11 45 1
11 46 1
12 35 -1
12 43 -1
12 45 -1
12 47 1
12 48 1
13 20 -1
13 30 -1
13 36 -1
13 40 -1
13 44 -1
13 47 -1
13 49 1
14 24 -1
14 37 -1
14 39 -1
14 41 -1
14 46 -1
14 48 -1
14 49 -1
