# B21
0 0 1
0 1 1
0 2 1
1 0 -1
1 3 1
1 4 1
2 3 -1
2 5 1
2 6 1
3 1 -1
3 7 1
3 8 1
4 5 -1
4 9 1
4 10 1
5 2 -1
5 4 -1
5 6 -1
5 7 -1
5 9 -1
5 11 1
6 8 -1
6 10 -1
6 11 -1
7 0 1
7 12 1
7 13 1
8 12 -1
8 14 1
8 15 1
9 1 1
9 16 1
9 17 1
10 2 1
10 13 -1
10 14 -1
10 16 -1
10 18 1
10 19 1
11 15 -1
11 18 -1
11 20 1
12 17 -1
12 19 -1
12 20 -1
13 3 1
13 21 1
13 22 1
14 12 1
14 21 -1
14 23 1
15 4 1
15 13 1
15 22 -1
15 23 -1
16 21 1
16 24 1
16 25 1
17 5 1
17 26 1
17 27 1
18 6 1
18 22 1
18 24 -1
18 26 -1
18 28 1
18 29 1
19 25 -1
19 28 -1
19 30 1
20 27 -1
20 29 -1
20 30 -1
21 14 1
21 23 1
21 24 1
21 31 1
21 32 1
21 33 1
22 15 1
22 31 -1
22 34 1
23 25 1
23 32 -1
23 35 1
24 33 -1
24 34 -1
24 35 -1
25 7 1
25 16 1
25 36 1
25 37 1
26 8 1
26 36 -1
26 38 1
27 17 1
27 37 -1
27 38 -1
28 9 1
28 26 1
28 39 1
28 40 1
29 10 1
29 39 -1
29 41 1
30 27 1
30 40 -1
30 41 -1
31 18 1
31 31 1
31 42 1
31 43 1
32 28 1
32 32 1
32 44 1
32 45 1
33 11 1
33 36 1
33 39 1
33 46 1
33 47 1
33 48 1
34 19 1
34 37 1
34 42 -1
34 46 -1
34 49 1
34 50 1
35 47 -1
35 49 -1
35 51 1
35 52 1
36 29 1
36 40 1
36 44 -1
36 48 -1
36 51 -1
36 53 1
37 33 1
37 43 -1
37 45 -1
37 50 -1
37 52 -1
37 53 -1
38 20 1
38 42 1
38 54 1
39 34 1
39 43 1
39 54 -1
40 30 1
40 44 1
40 55 1
41 35 1
41 45 1
41 55 -1
42 38 1
42 46 1
42 56 1
43 47 1
43 56 -1
43 57 1
44 41 1
44 48 1
44 57 -1
45 49 1
45 56 1
45 58 1
46 50 1
46 54 1
46 58 -1
47 51 1
47 57 1
47 59 1
48 52 1
48 58 1
48 59 -1
49 53 1
49 55 1
49 59 1
