# FACES_SLIP
154
163
171
175
180
235
236
237
238
241
242
243
246
247
248
249
250
251
252
256
257
258
259
260
261
262
263
264
265
266
267
268
269
270
271
272
273
274
275
276
277
278
279
280
281
282
283
284
285
286
287
288
289
290
291
292
293
294
295
296
297
298
299
300
301
302
303
304
305
306
307
308
309
310
311
312
313
314
315
316
317
318
319
320
321
322
323
324
325
326
327
328
329
330
331
333
335
336
337
338
340
343
344
346
348
349
350
351
353
356
357
358
359
362
363
365
367
368
369
370
372
373
376
377
378
380
382
384
386
387
389
393
395
397
401
403
406
412
418
423
427
440
453
466
673
674
675
676
677
678
679
680
681
682
683
684
685
686
687
688
689
690
691
692
693
694
695
696
697
698
699
700
701
702
703
704
705
706
707
708
709
710
711
712
713
714
715
716
717
718
719
720
721
722
723
724
725
726
727
728
729
730
731
732
733
734
735
736
737
738
739
740
741
742
743
745
747
749
750
751
754
755
756
757
758
759
760
761
762
763
764
765
766
767
768
769
770
771
772
773
774
775
776
777
779
780
781
784
785
786
787
788
790
798
800
801
809
818
819
830
831
942
944
945
950
953
955
956
958
959
964
967
969
970
972
973
978
979
981
982
985
999
1000
1001
1002
1003
1007
1008
1009
1010
1011
1012
1013
1014
1015
1016
1020
1021
1022
1023
1024
1025
1026
1027
1028
1029
1033
1034
1035
1036
1037
1038
1039
1040
1041
1042
1043
1046
1047
1048
1049
1050
1051
1052
1053
1054
1055
1056
1057
1058
1059
1060
1061
1062
1063
1064
1065
1066
1067
1068
1069
1070
1071
1072
1073
1074
1075
1076
1077
1078
1079
1080
1081
1082
1083
1084
1085
1086
1087
1088
1089
1090
1091
1092
1093
1094
1095
1096
1097
1098
1099
1100
1101
1102
1103
1104
1105
1106
1107
1108
1109
1110
1112
1114
1115
1116
1117
1119
1122
1123
1125
1127
1128
1129
1130
1132
1135
1136
1138
1140
1141
1142
1143
1145
1148
1149
1151
1153
1154
1155
1156
1158
1161
1163
1168
1172
1174
1177
1183
1189
1191
1194
1200
1208
1217
1228
1328
1354
1415
1416
1418
1419
1424
1425
1426
1427
1428
1429
1482
1483
1484
1485
1486
1487
1488
1489
1490
1491
1492
1493
1494
1495
1496
1497
1498
1499
1500
1501
1502
1503
1504
1505
1506
1507
1508
1509
1510
1511
1512
1513
1514
1515
1516
1517
1518
1519
1520
1521
1522
1523
1524
1525
1526
1527
1528
1529
1530
1532
1534
1536
1537
1538
1541
1542
1543
1544
1545
1546
1547
1548
1549
1550
1551
1552
1553
1554
1556
1558
1560
1561
1562
1565
1566
1567
1568
1569
1570
1571
1572
1573
1574
1575
1576
1582
1588
1594
1595
1597
1599
1607
1609
1610
1616
1622
1623
1625
1627
1631
1632
1633
1811
1813
1814
1816
1817
1819
1820
1822
1825
1826
1828
1829
1830
1832
1833
1835
1836
1837
1838
1839
1840
1841
1842
1843
1846
1847
1848
1849
1852
1853
1854
1855
1856
1857
1858
1859
1860
1861
1862
1863
1864
1865
1867
1868
1869
1870
1872
1873
1874
1875
1878
1879
1880
1881
1883
1884
1885
1886
1887
1890
1891
1892
1893
1895
1896
1897
1898
1900
1901
1902
1903
1906
1907
1909
1910
1913
1914
1915
1916
1917
1918
1919
1921
1923
1926
1927
1928
1929
1930
1931
1936
1939
1940
1941
1942
1943
1944
1945
1947
1949
1952
1953
1954
1955
1956
1957
1961
1962
1963
1964
1965
1967
1971
1972
1973
1974
1975
1976
1977
1978
1982
1983
1984
1985
1986
1987
1988
1989
1990
1991
1992
1993
1995
1996
1997
1998
2002
2003
2004
2005
2006
2007
2008
2009
2010
2011
2012
2016
2017
2018
2019
2020
2021
2023
2025
2028
2029
2030
2031
2032
2033
2034
2035
2036
2050
2051
2052
2053
2054
2055
2056
2057
2058
2059
2060
2061
2062
2076
2077
2078
2079
2080
2081
2082
2083
2084
2085
2086
2087
2088
2089
2090
2091
2092
2093
2094
2095
2096
2097
2098
2099
2101
2102
2103
2109
2110
2111
2113
2115
2117
2118
2122
2123
2126
2127
2128
2130
2132
2135
2136
2137
2143
2144
2145
2147
2149
2155
2156
2158
2160
2161
2162
2164
2165
2166
2168
2169
2171
2186
2188
2190
2192
2197
2213
2217
2218
2219
2220
2221
2222
2223
2228
2230
2231
2235
2236
2239
2241
2242
2244
2248
2254
2255
2256
2257
2262
2264
2265
2269
2270
2273
2274
2276
2277
2282
2296
2297
2298
2299
2300
2305
2308
2322
2323
2324
2325
2326
2331
2334
2337
2339
2341
2342
2344
2346
2348
2349
2351
2353
2354
2356
2357
2358
2359
2361
2362
2365
2366
2367
2368
2369
2381
2382
2385
2386
2387
2388
2389
2402
2403
2404
2405
2406
2412
2413
2415
2416
2418
2419
2427
2428
2429
2431
2432
2434
2438
2440
2441
2443
2444
2446
2447
2449
2453
2455
2457
2458
2460
2462
2464
2465
2466
2469
2470
2471
2472
2473
2474
2475
2478
2479
2480
2481
2482
2483
2484
2485
2486
2487
2488
2489
2490
2491
2492
2493
2494
2495
2496
2497
2498
2499
2502
2503
2504
2505
2508
2510
2512
2515
2516
2518
2519
2520
2522
2523
2525
2526
2527
2528
2529
2530
2531
2532
2533
2534
2535
2536
2537
2538
2539
2540
2541
2542
2543
2544
2545
2546
2547
2548
2549
2550
2551
2552
2553
2554
2555
2556
2557
2558
2559
2560
2561
2562
2563
2564
2566
2571
2572
2573
2578
2581
2582
2583
2584
2585
2590
2593
2594
2595
2596
2597
2602
2605
2606
2607
2608
2609
2610
2611
2612
2613
2614
2615
2616
2619
2647
2668
2669
2672
2673
2674
2675
2676
2677
2678
2692
2693
2696
2697
2698
2699
2700
2701
2702
2719
2720
2721
2729
2730
2731
2732
2733
2734
2735
2741
2742
2745
2746
2747
2748
2749
2757
2758
2759
2760
2761
2762
2763
2767
2768
2769
2770
2771
2775
2776
2777
2781
2782
2783
2784
2786
2794
2795
2805
2807
2812
2817
2822
2823
2833
2840
2842
2844
2846
2853
2868
2870
2872
2879
2895
2899
2902
2903
2904
2905
2910
2912
2913
2917
2918
2921
2922
2923
2924
2926
2927
2928
2929
2930
2936
2937
2938
2939
2941
2942
2943
2944
2946
2947
2951
2952
2955
2956
2958
2959
2964
2978
2979
2980
2981
2982
2987
2990
2991
2992
2994
2996
2998
3004
3005
3006
3007
3008
3013
3016
3017
3019
3024
3028
3029
3030
3033
3034
3038
3039
3043
3045
3047
3048
3050
3054
3056
3058
3062
3063
3064
3066
3067
3068
3069
3070
3072
3073
3076
3077
3078
3079
3080
3081
3082
3083
3084
3085
3086
3087
3088
3090
3092
3099
3101
3103
3105
3107
3112
3114
3116
3117
3118
3124
3125
3126
3127
3128
3129
3130
3131
3132
3133
3134
3135
3136
3137
3138
3139
3140
3141
3142
3143
3144
3145
3148
3149
3150
3151
3152
3153
3154
3155
3156
3157
3158
3159
3163
3164
3165
3166
3167
3168
3169
3170
3171
3172
3173
3174
3175
3176
3180
3181
3182
3183
3184
3185
3186
3187
3188
3189
3190
3191
3192
3193
3194
3195
3196
3197
3198
3199
3200
3201
3202
3203
3204
3205
3206
3207
3208
3209
3210
3211
3212
3213
3214
3215
3216
3217
3218
3219
3220
3221
3222
3223
3224
3225
3226
3227
3228
3229
3230
3231
3232
3233
3234
3235
3236
3237
3238
3239
3240
3241
3242
3243
3244
3245
3246
3247
3248
3249
3250
3251
3252
3253
3254
3255
3256
3257
3258
3259
3260
3261
3262
3263
3264
3265
3266
3267
3268
3269
3273
3274
3275
3276
3277
3278
3279
3280
3281
3285
3286
3287
3302
3305
3306
3307
3322
3325
3326
3327
3386
3387
3390
3391
3394
3395
3396
3410
3411
3414
3415
3418
3419
3420
3437
3438
3439
3448
3449
3451
3452
3460
3464
3465
3467
3476
3477
3479
3480
3486
3488
3506
3511
3512
3513
3526
3527
3528
3529
3530
3531
3532
3535
3536
3537
3561
3573
3576
3577
3579
3580
3581
3583
3584
3586
3587
3588
3589
3590
3591
3592
3593
3594
3595
3596
3597
3598
3599
3600
3601
3604
3605
3606
3607
3608
3610
3612
3614
3615
3616
3619
3620
3621
3622
3623
3624
3625
3628
3629
3630
3631
3632
3634
3636
3638
3639
3640
3643
3644
3645
3646
3647
3648
3649
3650
3651
3652
3653
3655
3656
3658
3659
3661
3662
3664
3667
3668
3670
3671
3672
3674
3675
3677
3678
3679
3680
3681
3683
3684
3686
3687
3689
3690
3692
3696
3698
3700
3701
3702
3705
3706
3707
3708
3711
3713
3717
3718
3719
3720
3721
3722
3726
3727
3728
3729
3730
3731
3732
3733
3734
3736
3737
3738
3739
3743
3744
3745
3746
3747
3748
3749
3750
3754
3755
3756
3757
3758
3759
3760
3761
3762
3763
3764
3765
3766
3767
3768
3769
3783
3784
3785
3786
3787
3788
3789
3790
3791
3792
3793
3794
3795
3809
3810
3811
3812
3813
3814
3815
3816
3817
3818
3819
3820
3821
3822
3823
3824
3825
3826
3827
3828
3830
3834
3835
3836
3837
3841
3842
3843
3844
3845
3846
3847
3848
3849
3850
3851
3855
3856
3859
3860
3868
3869
3870
3876
3877
3878
3880
3882
3888
3893
3894
3896
3898
3899
3900
3901
3903
3919
3952
3956
3961
3975
3990
3995
4007
4029
4055
4057
4059
4068
4070
4072
4073
4078
4081
4083
4087
4095
4096
4097
4101
4102
4103
4104
4110
4111
4112
4114
4115
4116
4117
4121
4125
4126
4127
4128
4129
4133
4136
4137
4138
4139
4140
4141
4142
4143
4147
4148
4149
4150
4151
4165
4166
4167
4168
4169
4170
4171
4172
4173
4174
4175
4176
4177
4191
4192
4193
4194
4195
4196
4197
4198
4199
4200
4201
4202
4203
4204
4205
4206
4207
4208
4209
4210
4211
4212
4213
4214
4215
4216
4217
4219
4221
4223
4226
4227
4229
4231
4233
4236
4237
4239
4241
4243
4246
4247
4249
4251
4253
4256
4259
4261
4263
4266
4269
4271
4274
4277
4280
4283
4285
4288
4291
4294
4297
4299
4302
4305
4309
4311
4313
4314
4316
4318
4326
4547
4548
4549
4550
4551
4552
4553
4556
4557
4558
4559
4560
4561
4562
4563
4564
4565
4566
4567
4568
4569
4570
4571
4572
4573
4574
4575
4576
4577
4578
4579
4580
4581
4582
4583
4584
4585
4586
4587
4588
4589
4590
4591
4592
4593
4594
4595
4596
4597
4598
4599
4600
4601
4602
4603
4604
4605
4606
4607
4608
4609
4610
4611
4612
4613
4614
4615
4616
4617
4618
4619
4620
4621
4622
4623
4624
4625
4626
4627
4628
4629
4630
4631
4632
4633
4634
4635
4636
4637
4638
4639
4641
4645
4646
4647
4648
4650
4659
4661
4664
4673
4675
4678
4687
4689
4696
4878
4881
4882
4883
4892
4896
4897
4898
4899
4900
4909
4913
4914
4915
4916
4917
4923
4924
4925
4926
4930
4931
4932
4933
4934
4935
4936
4937
4938
4941
4942
4943
4983
4984
4985
4986
4987
4988
4989
4990
4991
4992
4993
4994
4995
4996
4997
4998
4999
5000
5001
5002
5003
5004
5005
5006
5007
5008
5009
5010
5011
5012
5013
5014
5015
5016
5017
5018
5019
5020
5021
5022
5023
5024
5025
5026
5027
5029
5030
5033
5034
5035
5037
5039
5041
5042
5043
5044
5046
5047
5050
5051
5052
5054
5056
5058
5059
5062
5063
5065
5067
5068
5070
5072
5073
5074
5075
5077
5080
5081
5085
5093
5106
5121
5126
5145
5346
5347
5348
5349
5350
5351
5352
5353
5354
5355
5356
5357
5358
5359
5360
5361
5362
5363
5364
5365
5366
5367
5368
5369
5370
5371
5372
5373
5374
5375
5376
5377
5378
5379
5380
5381
5382
5383
5384
5385
5386
5387
5388
5389
5390
5391
5392
5393
5394
5395
5396
5397
5398
5399
5400
5401
5402
5403
5404
5405
5406
5407
5408
5409
5410
5411
5412
5413
5414
5415
5416
5417
5418
5419
5420
5421
5422
5423
5424
5425
5426
5427
5428
5429
5430
5431
5432
5433
5434
5435
5436
5437
5438
5439
5440
5441
5442
5443
5444
5445
5446
5447
5448
5449
5450
5451
5452
5454
5456
5458
5459
5460
5464
5470
5471
5472
5482
5483
5484
5494
5495
5496
5504
5517
5622
5680
5681
5682
5683
5686
5687
5688
5689
5690
5691
5692
5693
5694
5695
5696
5697
5701
5703
5706
5707
5708
5709
5710
5711
5712
5713
5714
5718
5719
5720
5721
5722
5723
5724
5725
5726
5727
5728
5729
5730
5731
5735
5736
5737
5738
5739
5740
5741
5742
5743
5744
5745
5746
5747
5748
5749
5750
5751
5752
5753
5754
5755
5756
5757
5758
5759
5760
5761
5762
5763
5764
5765
5766
5767
5768
5769
5770
5771
5772
5773
5774
5775
5776
5777
5778
5779
5780
5781
5782
5783
5784
5785
5786
5787
5788
5789
5790
5791
5792
5793
5794
5795
5796
5797
5798
5799
5800
5801
5802
5803
5804
5805
5806
5807
5808
5809
5810
5811
5812
5813
5814
5815
5817
5818
5821
5822
5823
5825
5827
5829
5830
5831
5832
5834
5835
5838
5839
5840
5842
5844
5846
5847
5848
5849
5851
5852
5855
5856
5857
5859
5861
5863
5864
5867
5868
5870
5872
5873
5874
5876
5877
5878
5880
5881
5883
5885
5891
5898
5900
5902
5904
5909
5911
5917
5925
5929
5930
5931
5932
5933
5934
5943
5947
5948
5951
5953
5960
5966
5967
5968
5977
5981
5982
5985
5994
6049
6053
6058
6060
6061
6065
6069
6070
6071
6161
6165
6167
6169
6170
6172
6174
6176
6177
6178
6181
6182
6183
6184
6185
6186
6187
6190
6191
6192
6193
6194
6195
6196
6197
6198
6199
6200
6201
6202
6203
6204
6205
6206
6207
6208
6209
6210
6211
6214
6215
6216
6217
6220
6222
6224
6227
6228
6230
6231
6232
6234
6235
6237
6238
6239
6240
6241
6242
6243
6244
6245
6246
6247
6248
6249
6250
6251
6252
6253
6254
6255
6256
6257
6258
6259
6260
6261
6262
6263
6264
6265
6266
6267
6268
6269
6270
6271
6272
6273
6274
6275
6276
6278
6283
6284
6285
6290
6293
6294
6295
6296
6297
6302
6305
6306
6307
6308
6309
6314
6317
6318
6319
6320
6321
6322
6323
6324
6325
6326
6327
6328
6331
6359
6380
6381
6384
6385
6386
6387
6388
6389
6390
6404
6405
6408
6409
6410
6411
6412
6413
6414
6431
6432
6433
6441
6442
6443
6444
6445
6446
6447
6453
6454
6457
6458
6459
6460
6461
6469
6470
6471
6472
6473
6474
6475
6479
6480
6481
6482
6483
6487
6488
6489
6493
6494
6495
6496
6498
6506
6507
6517
6519
6524
6529
6534
6535
6545
6552
6554
6556
6558
6565
6580
6582
6584
6591
6607
6611
6614
6615
6616
6617
6622
6624
6625
6629
6630
6633
6634
6635
6636
6638
6639
6640
6641
6642
6648
6649
6650
6651
6653
6654
6655
6656
6658
6659
6663
6664
6667
6668
6670
6671
6676
6690
6691
6692
6693
6694
6699
6702
6703
6704
6706
6708
6710
6716
6717
6718
6719
6720
6725
6728
6729
6731
6736
6740
6741
6742
6745
6746
6750
6751
6755
6757
6759
6760
6762
6766
6768
6770
6774
6775
6776
6778
6779
6780
6781
6782
6784
6785
6788
6789
6790
6791
6792
6793
6794
6795
6796
6797
6798
6799
6800
6802
6804
6811
6813
6815
6817
6819
6824
6826
6828
6829
6830
6836
6837
6838
6839
6840
6841
6842
6843
6844
6845
6846
6847
6848
6849
6850
6851
6852
6853
6854
6855
6856
6857
6860
6861
6862
6863
6864
6865
6866
6867
6868
6869
6870
6871
6875
6876
6877
6878
6879
6880
6881
6882
6883
6884
6885
6886
6887
6888
6892
6893
6894
6895
6896
6897
6898
6899
6900
6901
6902
6903
6904
6905
6906
6907
6908
6909
6910
6911
6912
6913
6914
6915
6916
6917
6918
6919
6920
6921
6922
6923
6924
6925
6926
6927
6928
6929
6930
6931
6932
6933
6934
6935
6936
6937
6938
6939
6940
6941
6942
6943
6944
6945
6946
6947
6948
6949
6950
6951
6952
6953
6954
6955
6956
6957
6958
6959
6960
6961
6962
6963
6964
6965
6966
6967
6968
6969
6970
6971
6972
6973
6974
6975
6976
6977
6978
6979
6980
6981
6985
6986
6987
6988
6989
6990
6991
6992
6993
6997
6998
6999
7014
7017
7018
7019
7034
7037
7038
7039
7098
7099
7102
7103
7106
7107
7108
7122
7123
7126
7127
7130
7131
7132
7149
7150
7151
7160
7161
7163
7164
7172
7176
7177
7179
7188
7189
7191
7192
7198
7200
7218
7223
7224
7225
7238
7239
7240
7241
7242
7243
7244
7247
7248
7249
7273
7285
7288
7289
7291
7292
7293
7295
7296
7298
7299
7300
7301
7302
7303
7304
7305
7306
7307
7308
7309
7310
7311
7312
7313
7316
7317
7318
7319
7320
7322
7324
7326
7327
7328
7331
7332
7333
7334
7335
7336
7337
7340
7341
7342
7343
7344
7346
7348
7350
7351
7352
7355
7356
7357
7358
7359
7360
7361
7362
7363
7364
7365
7367
7368
7370
7371
7373
7374
7376
7379
7380
7382
7383
7384
7386
7387
7389
7390
7391
7392
7393
7395
7396
7398
7399
7401
7402
7404
7408
7410
7412
7413
7414
7417
7418
7419
7420
7423
7425
7429
7430
7431
7432
7433
7434
7438
7439
7440
7441
7442
7444
7448
7449
7450
7451
7455
7456
7457
7458
7459
7460
7461
7462
7466
7467
7468
7469
7470
7472
7475
7476
7477
7478
7479
7480
7481
7495
7496
7497
7498
7499
7500
7501
7502
7503
7504
7505
7506
7507
7521
7522
7523
7524
7525
7526
7527
7528
7529
7530
7531
7532
7533
7534
7535
7536
7537
7538
7539
7540
7541
7542
7543
7544
7546
7547
7548
7549
7553
7554
7555
7556
7557
7558
7559
7560
7561
7562
7563
7567
7568
7571
7572
7573
7575
7577
7580
7581
7582
7588
7589
7590
7592
7594
7600
7601
7603
7605
7606
7607
7608
7609
7610
7611
7612
7613
7614
7615
7616
7617
7631
7633
7635
7637
7642
7658
7662
7663
7664
7665
7666
7667
7668
7673
7675
7676
7677
7679
7680
7681
7684
7686
7687
7689
7693
7699
7700
7701
7702
7707
7709
7710
7714
7715
7718
7719
7721
7722
7727
7741
7742
7743
7744
7745
7750
7753
7767
7768
7769
7770
7771
7776
7779
7780
7782
7792
7793
7801
7802
7806
7808
7813
7817
7826
7827
7835
7836
7840
7846
7851
7853
7855
7862
7877
7879
7881
7888
7903
7906
7913
7918
7928
7929
7930
7931
7932
7933
7934
7935
7936
7937
7938
7939
7940
7941
7942
7943
7944
7945
7946
7947
7948
7949
7950
7951
7952
7953
7954
7955
7956
7957
7958
7959
7960
7961
7962
7963
7964
7965
7966
7967
7968
7969
7970
7971
7972
7973
7974
7975
7976
7977
7978
7979
7980
7981
7982
7983
7984
7985
7986
7987
7988
7989
7990
7991
7992
7993
7994
7995
7996
7997
7998
7999
8000
8001
8002
8003
8004
8005
8006
8007
8008
8009
8010
8011
8012
8013
8014
8015
8016
8017
8018
8019
8020
8021
8022
8023
8024
8025
8026
8027
8028
8029
8030
8031
8032
8033
8034
8035
8036
8037
8038
8039
8041
8044
8045
8046
8047
8048
8053
8056
8057
8058
8059
8060
8065
8068
8069
8070
8071
8072
8073
8074
8075
8076
8077
8078
8079
8080
8081
8082
8084
8085
8086
8089
8090
8091
8092
8093
8110
8131
8132
8135
8136
8137
8138
8139
8140
8141
8155
8159
8161
8162
8163
8182
8183
8184
8192
8193
8194
8195
8196
8197
8198
8204
8205
8208
8210
8211
8221
8224
8231
8233
8254
8255
8352
8354
8361
8363
8365
8366
8368
8369
8374
8375
8377
8379
8380
8382
8383
8388
8389
8391
8393
8394
8396
8397
8402
8403
8405
8406
8409
8410
8412
8413
8414
8420
8421
8422
8423
8424
8425
8426
8427
8431
8432
8433
8434
8435
8436
8437
8438
8439
8440
8444
8445
8446
8447
8448
8449
8450
8451
8452
8453
8457
8458
8459
8460
8461
8462
8463
8464
8465
8466
8467
8470
8471
8472
8473
8474
8475
8476
8477
8478
8479
8480
8481
8482
8483
8484
8485
8486
8487
8488
8489
8490
8491
8492
8493
8494
8495
8496
8497
8498
8499
8500
8501
8502
8503
8504
8505
8506
8507
8508
8509
8510
8511
8512
8513
8514
8515
8516
8517
8518
8519
8520
8521
8522
8523
8524
8525
8528
8529
8531
8533
8534
8536
8538
8539
8540
8541
8543
8546
8547
8549
8551
8552
8553
8554
8556
8559
8560
8562
8564
8565
8566
8567
8569
8572
8573
8577
8578
8580
8585
8587
8592
8596
8598
8601
8607
8615
8624
8641
8778
8834
8839
8840
8842
8843
8844
8845
8846
8848
8849
8850
8851
8852
8853
8854
8855
8903
8904
8905
8906
8907
8908
8909
8910
8911
8912
8913
8914
8915
8916
8917
8918
8919
8920
8921
8922
8923
8924
8925
8926
8927
8928
8929
8930
8931
8932
8933
8934
8935
8936
8937
8938
8939
8940
8941
8942
8943
8944
8945
8946
8947
8948
8949
8950
8951
8952
8953
8954
8956
8958
8960
8961
8962
8965
8966
8968
8970
8972
8973
8977
8978
8980
8982
8984
8985
8989
8990
8996
8997
9006
9232
9233
9234
9235
9236
9237
9238
9239
9240
9241
9242
9243
9244
9245
9246
9247
9248
9249
9250
9251
9252
9253
9254
9255
9256
9257
9258
9259
9260
9261
9262
9263
9264
9265
9266
9267
9268
9269
9270
9271
9272
9273
9274
9275
9276
9277
9278
9279
9280
9281
9282
9283
9284
9285
9286
9287
9288
9289
9290
9291
9292
9293
9294
9295
9296
9297
9298
9299
9300
9301
9302
9303
9304
9305
9306
9307
9308
9309
9310
9311
9312
9313
9314
9315
9316
9317
9318
9319
9320
9322
9323
9327
9329
9331
9332
9336
9338
9339
9341
9343
9344
9345
9346
9348
9352
9354
9356
9357
9358
9359
9361
9365
9369
9370
9372
9397
9540
9557
9574
9578
9583
9638
9639
9640
9641
9644
9645
9646
9649
9650
9651
9652
9653
9654
9655
9656
9657
9658
9659
9660
9661
9662
9663
9666
9667
9668
9669
9670
9671
9672
9673
9674
9675
9676
9677
9678
9679
9680
9681
9682
9683
9684
9685
9686
9687
9688
9689
9690
9691
9692
9693
9694
9695
9696
9697
9698
9699
9702
9703
9705
9707
9708
9710
9712
9713
9714
9715
9717
9720
9721
9723
9725
9726
9727
9728
9730
9733
9734
9736
9738
9739
9740
9741
9743
9746
9747
9751
9752
9754
9761
9766
9772
9778
9784
9785
9787
9789
9794
9795
9797
9799
9804
9805
10041
10042
10043
10044
10045
10046
10047
10048
10049
10050
10051
10052
10053
10054
10055
10056
10057
10058
10059
10060
10061
10062
10063
10064
10065
10066
10067
10068
10069
10070
10071
10072
10073
10074
10075
10076
10077
10078
10079
10080
10081
10082
10083
10084
10085
10086
10087
10088
10089
10090
10091
10092
10093
10094
10095
10096
10097
10098
10099
10100
10101
10102
10103
10104
10105
10106
10107
10108
10109
10110
10111
10112
10113
10114
10115
10116
10117
10118
10119
10120
10121
10122
10123
10124
10125
10126
10127
10128
10129
10131
10134
10135
10136
10137
10138
10140
10143
10144
10145
10147
10150
10155
10156
10157
10158
10159
10161
10164
10169
10170
10171
10172
10173
10175
10178
10183
10184
10185
10186
10187
10241
10264
10323
10326
10337
10341
10342
10345
10351
10352
10353
10354
10360
10365
10366
10367
10368
10370
10371
10375
10376
10379
10380
10382
10383
10415
10416
10418
10420
10422
10428
10429
10430
10431
10432
10437
10440
10441
10443
10448
10452
10453
10454
10457
10458
10462
10463
10467
10469
10471
10472
10474
10478
10480
10482
10486
10487
10488
10490
10491
10492
10493
10494
10496
10497
10500
10501
10502
10503
10504
10505
10506
10507
10508
10509
10510
10511
10512
10514
10516
10523
10525
10527
10529
10531
10536
10538
10540
10541
10542
10548
10549
10550
10551
10552
10553
10554
10555
10556
10557
10558
10559
10560
10561
10562
10563
10564
10565
10566
10567
10568
10569
10572
10573
10574
10575
10576
10577
10578
10579
10580
10581
10582
10583
10587
10588
10589
10590
10591
10592
10593
10594
10595
10596
10597
10598
10599
10600
10604
10605
10606
10607
10608
10609
10610
10611
10612
10613
10614
10615
10616
10617
10618
10619
10620
10621
10622
10623
10624
10625
10626
10627
10628
10629
10630
10631
10632
10633
10634
10635
10636
10637
10638
10639
10640
10641
10642
10643
10644
10645
10646
10647
10648
10649
10650
10651
10652
10653
10654
10655
10656
10657
10658
10659
10660
10661
10662
10663
10664
10665
10666
10667
10668
10669
10670
10671
10672
10673
10674
10675
10676
10677
10678
10679
10680
10681
10682
10683
10684
10685
10686
10687
10688
10689
10690
10691
10692
10693
10697
10698
10699
10700
10701
10702
10703
10704
10705
10709
10710
10711
10726
10729
10730
10731
10746
10749
10750
10751
10810
10811
10814
10815
10818
10819
10820
10834
10835
10838
10839
10842
10843
10844
10861
10862
10863
10872
10873
10875
10876
10884
10888
10889
10891
10900
10901
10903
10904
10910
10912
10930
10935
10936
10937
10950
10951
10952
10953
10954
10955
10956
10959
10960
10961
10985
10997
11000
11001
11003
11004
11005
11007
11008
11010
11011
11012
11013
11014
11015
11016
11017
11018
11019
11020
11021
11022
11023
11024
11025
11028
11029
11030
11031
11032
11034
11036
11038
11039
11040
11043
11044
11045
11046
11047
11048
11049
11052
11053
11054
11055
11056
11058
11060
11062
11063
11064
11067
11068
11069
11070
11071
11072
11073
11074
11075
11076
11077
11079
11080
11082
11083
11085
11086
11088
11091
11092
11094
11095
11096
11098
11099
11101
11102
11103
11104
11105
11107
11108
11110
11111
11113
11114
11116
11120
11122
11124
11125
11126
11129
11130
11131
11132
11135
11137
11141
11142
11143
11144
11145
11146
11150
11151
11152
11153
11154
11156
11160
11161
11162
11163
11167
11168
11169
11170
11171
11172
11173
11174
11178
11179
11180
11181
11182
11184
11187
11188
11189
11190
11191
11192
11193
11207
11208
11209
11210
11211
11212
11213
11214
11215
11216
11217
11218
11219
11233
11234
11235
11236
11237
11238
11239
11240
11241
11242
11243
11244
11245
11246
11247
11248
11249
11250
11251
11252
11253
11254
11255
11256
11258
11259
11260
11261
11265
11266
11267
11268
11269
11270
11271
11272
11273
11274
11275
11279
11280
11283
11284
11285
11287
11289
11292
11293
11294
11300
11301
11302
11304
11306
11312
11313
11315
11317
11318
11319
11320
11321
11322
11323
11324
11325
11326
11327
11328
11329
11343
11345
11347
11349
11354
11370
11374
11375
11376
11377
11378
11379
11380
11385
11387
11388
11389
11391
11392
11393
11396
11398
11399
11401
11405
11411
11412
11413
11414
11419
11421
11422
11426
11427
11430
11431
11433
11434
11439
11453
11454
11455
11456
11457
11462
11465
11479
11480
11481
11482
11483
11488
11491
11492
11494
11499
11504
11505
11513
11514
11518
11520
11525
11529
11531
11533
11538
11539
11547
11548
11552
11558
11559
11561
11563
11565
11567
11574
11589
11591
11593
11600
11615
11618
11623
11625
11630
11635
11640
11641
11642
11643
11644
11645
11646
11647
11648
11649
11650
11651
11652
11653
11654
11655
11656
11657
11658
11659
11660
11661
11662
11663
11664
11665
11666
11667
11668
11669
11670
11671
11672
11673
11674
11675
11676
11677
11678
11679
11680
11681
11682
11683
11684
11685
11686
11687
11688
11689
11690
11691
11692
11693
11694
11695
11696
11697
11698
11699
11700
11701
11702
11703
11704
11705
11706
11707
11708
11709
11710
11711
11712
11713
11714
11715
11716
11717
11718
11719
11720
11721
11722
11723
11724
11725
11726
11727
11728
11729
11730
11731
11732
11733
11734
11735
11736
11737
11738
11739
11740
11741
11742
11743
11744
11745
11746
11747
11748
11749
11750
11751
11753
11756
11757
11758
11759
11760
11765
11768
11769
11770
11771
11772
11777
11780
11781
11782
11783
11784
11785
11786
11787
11788
11789
11790
11791
11792
11793
11794
11796
11797
11798
11801
11802
11803
11804
11805
11822
11843
11844
11847
11848
11849
11850
11851
11852
11853
11867
11868
11871
11872
11873
11874
11875
11876
11877
11894
11895
11896
11904
11905
11906
11907
11908
11909
11910
11916
11917
11920
11921
11922
11923
11924
11933
11934
11936
11937
11943
11945
11963
11966
11967
11968
11969
11970
11987
11992
11993
11994
12054
12060
12064
12065
12066
12067
12068
12069
12070
12071
12072
12073
12075
12076
12077
12078
12080
12081
12082
12087
12088
12089
12091
12092
12093
12094
12095
12098
12099
12100
12101
12103
12104
12105
12106
12108
12109
12110
12115
12117
12118
12121
12122
12123
12125
12127
12129
12135
12136
12137
12138
12139
12144
12147
12148
12149
12151
12153
12155
12161
12162
12163
12164
12165
12170
12173
12174
12176
12181
12185
12186
12187
12190
12191
12195
12196
12200
12202
12204
12205
12207
12211
12213
12215
12219
12220
12221
12224
12225
12229
12230
12234
12236
12237
12238
12239
12240
12241
12242
12243
12244
12245
12247
12249
12256
12258
12260
12262
12264
12269
12271
12273
12275
12282
12284
12286
12287
12288
12290
12291
12294
12295
12296
12297
12298
12299
12300
12301
12302
12305
12306
12307
12308
12309
12310
12311
12312
12313
12314
12315
12316
12320
12321
12322
12323
12324
12325
12326
12327
12328
12329
12330
12331
12332
12333
12337
12338
12339
12340
12341
12343
12344
12345
12346
12350
12354
12355
12356
12357
12358
12362
12363
12364
12365
12366
12367
12368
12369
12370
12371
12372
12373
12374
12375
12376
12377
12378
12379
12380
12381
12382
12383
12384
12385
12386
12387
12388
12389
12390
12391
12392
12393
12394
12395
12396
12397
12398
12399
12400
12401
12402
12403
12404
12405
12406
12421
12425
12426
12427
12428
12429
12430
12431
12432
12436
12437
12440
12441
12442
12444
12446
12449
12450
12451
12457
12458
12459
12461
12463
12465
12466
12470
12471
12474
12475
12482
12483
12486
12487
12489
12504
12530
12569
12573
12589
12593
12623
12626
12635
12640
12651
12654
12661
12663
12681
12686
12687
12688
12704
12705
12706
12707
12710
12711
12712
12722
12736
12750
12762
12763
12764
12765
12766
12767
12768
12769
12770
12771
12772
12773
12774
12775
12776
12777
12778
12779
12780
12781
12782
12783
12784
12785
12786
12787
12788
12789
12790
12791
12792
12793
12794
12795
12796
12797
12798
12799
12800
12801
12802
12803
12804
12805
12806
12807
12808
12809
12810
12811
12812
12813
12814
12815
12816
12817
12818
12819
12820
12821
12822
12823
12824
12825
12826
12827
12828
12829
12830
12831
12832
12833
12834
12835
12836
12837
12838
12839
12840
12841
12842
12843
12844
12845
12846
12847
12848
12849
12850
12851
12852
12853
12854
12855
12856
12857
12858
12859
12860
12861
12862
12863
12864
12865
12866
12867
12868
12869
12870
12871
12872
12873
12874
12875
12876
12882
12883
12884
12894
12895
12896
12906
12907
12908
12918
12919
12928
13037
13042
13046
13049
13102
13103
13104
13105
13106
13107
13110
13111
13112
13113
13114
13115
13116
13117
13118
13119
13120
13121
13125
13126
13127
13128
13129
13130
13131
13132
13133
13134
13135
13136
13137
13138
13142
13143
13144
13145
13146
13147
13148
13149
13150
13151
13152
13153
13154
13155
13156
13157
13158
13159
13160
13161
13162
13163
13164
13165
13166
13167
13168
13169
13170
13171
13172
13173
13174
13175
13176
13177
13178
13179
13180
13181
13182
13183
13184
13185
13186
13187
13188
13189
13190
13191
13192
13193
13194
13195
13196
13197
13198
13199
13200
13201
13202
13203
13204
13205
13206
13207
13208
13209
13210
13211
13212
13213
13214
13215
13216
13217
13218
13219
13220
13221
13222
13223
13224
13225
13226
13227
13228
13231
13232
13234
13236
13237
13238
13239
13241
13242
13245
13246
13247
13249
13251
13253
13254
13255
13256
13258
13259
13262
13263
13264
13266
13268
13270
13271
13272
13273
13275
13276
13279
13280
13281
13283
13285
13287
13288
13291
13292
13294
13296
13309
13322
13474
13479
13480
13485
13486
13491
13492
13493
13494
13495
13574
13575
13576
13577
13578
13579
13580
13581
13582
13583
13584
13585
13586
13587
13588
13589
13590
13591
13592
13593
13594
13595
13596
13597
13598
13599
13600
13601
13602
13603
13604
13605
13606
13608
13610
13612
13613
13614
13617
13618
13620
13622
13624
13625
13626
13629
13630
13632
13634
13636
13637
13638
13641
13642
13643
13644
13645
13646
13647
13648
13649
13650
13651
13653
13654
13656
13657
13659
13660
13662
13665
13668
13670
13673
13676
13679
13682
13684
13687
13690
13694
13696
13705
13706
13904
13906
13910
13913
13916
13919
13920
13921
13922
13923
13924
13925
13926
13927
13928
13929
13930
13931
13932
13933
13934
13935
13936
13937
13938
13939
13940
13941
13942
13943
13944
13945
13946
13947
13948
13949
13950
13951
13952
13953
13954
13955
13956
13957
13958
13959
13960
13961
13962
13963
13964
13965
13966
13967
13968
13969
13970
13971
13972
13973
13974
13975
13976
13977
13978
13979
13980
13981
13982
13983
13984
13985
13986
13987
13988
13989
13990
13991
13992
13993
13994
13995
13996
13997
13998
13999
14000
14001
14002
14003
14004
14005
14007
14009
14010
14011
14012
14014
14017
14018
14020
14022
14023
14024
14025
14027
14030
14031
14032
14033
14036
14037
14039
14042
14043
14044
14050
14051
14052
14054
14056
14067
14069
14071
14086
14097
14223
14281
14284
14295
14299
14300
14301
14302
14303
14312
14316
14318
14329
14330
14331
14332
14333
14334
14335
14336
14337
14341
14342
14344
14399
14400
14401
14402
14403
14404
14405
14406
14407
14408
14409
14410
14411
14412
14413
14414
14415
14416
14417
14418
14419
14420
14421
14422
14423
14424
14425
14427
14429
14431
14434
14435
14436
14437
14438
14439
14440
14441
14442
14443
14444
14445
14447
14449
14451
14454
14455
14456
14457
14458
14459
14460
14461
14462
14463
14464
14467
14469
14471
14474
14475
14477
14478
14479
14481
14482
14484
14485
14486
14487
14490
14491
14494
14496
14497
14503
14509
14510
14512
14514
14518
14519
14520
14530
14531
14532
14540
14541
14542
14712
14713
14715
14716
14717
14719
14720
14722
14723
14724
14725
14726
14727
14728
14729
14730
14731
14732
14733
14734
14735
14736
14737
14740
14741
14742
14743
14744
14746
14748
14750
14751
14752
14755
14756
14757
14758
14759
14760
14761
14764
14765
14766
14767
14768
14770
14772
14774
14775
14776
14779
14780
14781
14782
14783
14784
14785
14786
14787
14788
14789
14791
14792
14794
14795
14797
14798
14800
14803
14804
14806
14807
14808
14810
14811
14813
14814
14815
14816
14817
14819
14820
14822
14823
14825
14826
14828
14832
14834
14836
14837
14838
14841
14842
14843
14844
14847
14849
14853
14854
14855
14856
14857
14858
14862
14863
14864
14865
14866
14868
14872
14873
14874
14875
14879
14880
14881
14882
14883
14884
14885
14886
14890
14891
14892
14893
14894
14896
14899
14900
14901
14902
14903
14904
14905
14919
14920
14921
14922
14923
14924
14925
14926
14927
14928
14929
14930
14931
14945
14946
14947
14948
14949
14950
14951
14952
14953
14954
14955
14956
14957
14958
14959
14960
14961
14962
14963
14964
14965
14966
14967
14968
14970
14971
14972
14973
14977
14978
14979
14980
14981
14982
14983
14984
14985
14986
14987
14991
14992
14995
14996
14997
14999
15001
15004
15005
15006
15012
15013
15014
15016
15018
15024
15025
15027
15029
15030
15031
15032
15033
15034
15035
15036
15037
15038
15039
15040
15041
15055
15057
15059
15061
15066
15082
15086
15087
15088
15089
15090
15091
15092
15097
15099
15100
15101
15103
15104
15105
15108
15110
15111
15113
15117
15123
15124
15125
15126
15131
15133
15134
15138
15139
15142
15143
15145
15146
15151
15165
15166
15167
15168
15169
15174
15177
15191
15192
15193
15194
15195
15200
15203
15204
15206
15211
15216
15217
15225
15226
15230
15232
15237
15241
15243
15245
15250
15251
15259
15260
15264
15270
15271
15273
15275
15277
15279
15286
15301
15303
15305
15312
15327
15330
15335
15337
15342
15347
15352
15353
15354
15355
15356
15357
15358
15359
15360
15361
15362
15363
15364
15365
15366
15367
15368
15369
15370
15371
15372
15373
15374
15375
15376
15377
15378
15379
15380
15381
15382
15383
15384
15385
15386
15387
15388
15389
15390
15391
15392
15393
15394
15395
15396
15397
15398
15399
15400
15401
15402
15403
15404
15405
15406
15407
15408
15409
15410
15411
15412
15413
15414
15415
15416
15417
15418
15419
15420
15421
15422
15423
15424
15425
15426
15427
15428
15429
15430
15431
15432
15433
15434
15435
15436
15437
15438
15439
15440
15441
15442
15443
15444
15445
15446
15447
15448
15449
15450
15451
15452
15453
15454
15455
15456
15457
15458
15459
15460
15461
15462
15463
15465
15468
15469
15470
15471
15472
15477
15480
15481
15482
15483
15484
15489
15492
15493
15494
15495
15496
15497
15498
15499
15500
15501
15502
15503
15504
15505
15506
15508
15509
15510
15513
15514
15515
15516
15517
15534
15555
15556
15559
15560
15561
15562
15563
15564
15565
15579
15580
15583
15584
15585
15586
15587
15588
15589
15606
15607
15608
15616
15617
15618
15619
15620
15621
15622
15628
15629
15632
15633
15634
15635
15636
15645
15646
15648
15649
15655
15657
15675
15678
15679
15680
15681
15682
15699
15704
15705
15706
15766
15772
15776
15777
15778
15779
15780
15781
15782
15783
15784
15785
15787
15788
15789
15790
15792
15793
15794
15795
15798
15799
15800
15801
15803
15804
15805
15806
15807
15810
15811
15812
15813
15815
15816
15817
15818
15820
15821
15822
15823
15826
15827
15829
15830
15833
15834
15835
15837
15839
15841
15847
15848
15849
15850
15851
15856
15859
15860
15861
15863
15865
15867
15873
15874
15875
15876
15877
15882
15885
15886
15888
15893
15897
15898
15899
15902
15903
15907
15908
15912
15914
15916
15917
15919
15923
15925
15927
15931
15932
15933
15936
15937
15941
15942
15946
15948
15949
15950
15951
15952
15953
15954
15955
15956
15957
15959
15961
15968
15970
15972
15974
15976
15981
15983
15985
15987
15994
15996
15998
15999
16000
16002
16003
16006
16007
16008
16009
16010
16011
16012
16013
16014
16017
16018
16019
16020
16021
16022
16023
16024
16025
16026
16027
16028
16032
16033
16034
16035
16036
16037
16038
16039
16040
16041
16042
16043
16044
16045
16049
16050
16051
16052
16053
16055
16056
16057
16058
16062
16066
16067
16068
16069
16070
16074
16075
16076
16077
16078
16079
16080
16081
16082
16083
16084
16085
16086
16087
16088
16089
16090
16091
16092
16093
16094
16095
16096
16097
16098
16099
16100
16101
16102
16103
16104
16105
16106
16107
16108
16109
16110
16111
16112
16113
16114
16115
16116
16117
16118
16133
16137
16138
16139
16140
16141
16142
16143
16144
16148
16149
16150
16151
16152
16153
16155
16157
16161
16162
16163
16164
16168
16169
16170
16171
16172
16173
16174
16175
16176
16177
16178
16182
16183
16184
16185
16186
16187
16188
16189
16190
16191
16192
16193
16194
16195
16196
16197
16198
16199
16200
16201
16202
16216
16217
16218
16219
16220
16221
16223
16225
16228
16242
16243
16244
16245
16246
16247
16249
16251
16254
16257
16259
16261
16262
16264
16266
16268
16269
16271
16273
16274
16276
16277
16278
16279
16281
16282
16285
16286
16287
16288
16289
16301
16302
16305
16306
16307
16308
16309
16324
16325
16326
16335
16336
16338
16339
16347
16351
16352
16354
16363
16364
16366
16367
16373
16375
16393
16398
16399
16400
16416
16417
16418
16419
16422
16423
16424
16448
16474
16475
16476
16477
16478
16479
16480
16481
16482
16483
16484
16485
16486
16487
16488
16491
16492
16493
16494
16495
16497
16499
16501
16502
16503
16506
16507
16508
16509
16510
16511
16512
16515
16516
16517
16518
16519
16521
16523
16525
16526
16527
16530
16531
16532
16533
16534
16535
16536
16537
16538
16539
16540
16542
16543
16545
16546
16548
16549
16551
16554
16555
16557
16558
16559
16561
16562
16564
16565
16566
16567
16568
16570
16571
16573
16574
16576
16577
16579
16583
16585
16587
16588
16589
16590
16591
16592
16593
16594
16595
16596
16597
16598
16600
16601
16604
16605
16608
16609
16610
16612
16613
16616
16617
16618
16619
16620
16621
16622
16624
16625
16628
16629
16632
16633
16634
16636
16639
16640
16641
16643
16649
16650
16651
16652
16653
16654
16655
16661
16662
16665
16666
16667
16668
16669
16677
16678
16679
16680
16681
16682
16683
16687
16688
16689
16690
16691
16695
16696
16697
16701
16702
16703
16704
16705
16706
16707
16708
16709
16710
16714
16715
16716
16717
16721
16722
16723
16724
16725
16726
16727
16728
16732
16733
16734
16735
16736
16738
16742
16743
16744
16751
16753
16762
16763
16765
16767
16768
16769
16770
16772
16788
16789
16793
16821
16825
16830
16844
16853
16859
16864
16876
16898
16924
16937
16939
16941
16942
16947
16950
16952
16956
16964
16965
16970
16972
16973
16981
16984
16986
16990
16998
17002
17007
17008
17009
17010
17011
17012
17016
17017
17018
17019
17020
17034
17035
17036
17037
17038
17042
17043
17044
17045
17046
17060
17061
17062
17063
17064
17065
17066
17067
17068
17069
17070
17071
17072
17073
17074
17075
17076
17077
17078
17079
17080
17081
17082
17083
17084
17085
17086
17087
17088
17089
17090
17091
17092
17093
17094
17095
17096
17097
17098
17099
17100
17101
17102
17103
17104
17105
17106
17107
17108
17109
17110
17111
17112
17113
17114
17115
17116
17117
17118
17119
17120
17121
17122
17123
17126
17127
17129
17131
17132
17134
17136
17137
17138
17139
17141
17144
17145
17147
17149
17150
17151
17152
17154
17157
17158
17160
17162
17163
17164
17165
17167
17170
17171
17175
17185
17190
17196
17202
17208
17209
17211
17213
17218
17219
17221
17223
17229
17458
17459
17460
17461
17462
17463
17464
17465
17466
17467
17468
17469
17470
17471
17472
17473
17474
17475
17476
17477
17478
17479
17480
17481
17482
17483
17484
17485
17486
17487
17488
17489
17490
17491
17492
17493
17494
17495
17496
17497
17498
17499
17500
17501
17502
17503
17504
17505
17506
17507
17508
17509
17510
17511
17512
17513
17514
17515
17516
17517
17518
17519
17520
17521
17522
17523
17524
17525
17526
17527
17528
17529
17530
17531
17532
17533
17534
17535
17536
17537
17538
17539
17540
17541
17542
17543
17544
17545
17546
17547
17548
17549
17550
17552
17558
17559
17560
17564
17567
17568
17569
17571
17574
17579
17580
17581
17582
17583
17585
17588
17593
17594
17595
17596
17597
17599
17607
17609
17610
17747
17752
17758
17760
17761
17769
17772
17774
17775
17776
17777
17778
17784
17785
17786
17789
17790
17791
17792
17793
17794
17795
17799
17800
17801
17802
17803
17804
17805
17806
17807
17810
17811
17812
17826
17827
17828
17829
17830
17834
17835
17836
17837
17838
17839
17840
17841
17842
17843
17844
17845
17846
17847
17848
17849
17850
17851
17852
17853
17854
17855
17856
17857
17858
17859
17860
17861
17862
17863
17864
17865
17866
17867
17868
17869
17870
17871
17872
17873
17874
17875
17876
17877
17878
17879
17880
17881
17882
17883
17884
17885
17886
17887
17888
17889
17890
17891
17892
17893
17894
17895
17896
17897
17898
17899
17900
17901
17902
17903
17904
17905
17906
17907
17908
17909
17910
17911
17912
17913
17915
17916
17919
17920
17921
17923
17925
17927
17928
17931
17932
17934
17936
17937
17939
17941
17942
17943
17944
17946
17949
17950
17952
17954
17955
17956
17957
17959
17962
17963
17967
17975
17988
17990
17995
17999
18001
18004
18010
18016
18018
18021
18027
18035
18257
18258
18259
18260
18261
18262
18263
18264
18265
18266
18267
18268
18269
18270
18271
18272
18273
18274
18275
18276
18277
18278
18279
18280
18281
18282
18283
18284
18285
18286
18287
18288
18289
18290
18291
18292
18293
18294
18295
18296
18297
18298
18299
18300
18301
18302
18303
18304
18305
18306
18307
18308
18309
18310
18311
18312
18313
18314
18315
18316
18317
18318
18319
18320
18321
18322
18323
18324
18325
18326
18327
18328
18329
18330
18331
18332
18333
18334
18335
18336
18337
18338
18339
18341
18343
18345
18346
18347
18350
18351
18353
18355
18357
18358
18359
18363
18369
18370
18381
18382
18391
18404
18560
18561
18562
18563
18564
18565
18566
18567
18568
18569
18570
18571
18572
18573
18574
18575
18576
18577
18578
18579
18580
18581
18582
18583
18584
18585
18586
18587
18588
18589
