0 1 1
0 3 1
0 5 1
0 13 1
0 15 1
0 29 1
1 0 1
1 2 1
1 3 1
1 4 1
1 6 1
1 13 1
1 14 1
1 17 1
1 30 1
2 1 1
2 4 1
2 7 1
2 14 1
2 19 1
2 31 1
3 0 1
3 1 1
3 5 1
3 6 1
3 13 1
3 15 1
3 16 1
3 17 1
3 20 1
4 1 1
4 2 1
4 6 1
4 7 1
4 14 1
4 17 1
4 18 1
4 19 1
4 21 1
5 0 1
5 3 1
5 6 1
5 8 1
5 10 1
5 15 1
5 20 1
5 22 1
5 34 1
6 1 1
6 3 1
6 4 1
6 5 1
6 7 1
6 8 1
6 9 1
6 11 1
6 17 1
6 20 1
6 21 1
6 24 1
6 35 1
7 2 1
7 4 1
7 6 1
7 9 1
7 12 1
7 19 1
7 21 1
7 26 1
7 36 1
8 5 1
8 6 1
8 10 1
8 11 1
8 20 1
8 22 1
8 23 1
8 24 1
8 27 1
9 6 1
9 7 1
9 11 1
9 12 1
9 21 1
9 24 1
9 25 1
9 26 1
9 28 1
10 5 1
10 8 1
10 11 1
10 22 1
10 27 1
10 39 1
11 6 1
11 8 1
11 9 1
11 10 1
11 12 1
11 24 1
11 27 1
11 28 1
11 40 1
12 7 1
12 9 1
12 11 1
12 26 1
12 28 1
12 41 1
13 0 1
13 1 1
13 3 1
13 15 1
13 16 1
13 17 1
13 29 1
13 30 1
13 32 1
14 1 1
14 2 1
14 4 1
14 17 1
14 18 1
14 19 1
14 30 1
14 31 1
14 33 1
15 0 1
15 3 1
15 5 1
15 13 1
15 16 1
15 20 1
15 29 1
15 32 1
15 34 1
16 3 1
16 13 1
16 15 1
16 17 1
16 20 1
16 32 1
17 1 1
17 3 1
17 4 1
17 6 1
17 13 1
17 14 1
17 16 1
17 18 1
17 20 1
17 21 1
17 30 1
17 32 1
17 33 1
17 35 1
18 4 1
18 14 1
18 17 1
18 19 1
18 21 1
18 33 1
19 2 1
19 4 1
19 7 1
19 14 1
19 18 1
19 21 1
19 31 1
19 33 1
19 36 1
20 3 1
20 5 1
20 6 1
20 8 1
20 15 1
20 16 1
20 17 1
20 22 1
20 23 1
20 24 1
20 32 1
20 34 1
20 35 1
20 37 1
21 4 1
21 6 1
21 7 1
21 9 1
21 17 1
21 18 1
21 19 1
21 24 1
21 25 1
21 26 1
21 33 1
21 35 1
21 36 1
21 38 1
22 5 1
22 8 1
22 10 1
22 20 1
22 23 1
22 27 1
22 34 1
22 37 1
22 39 1
23 8 1
23 20 1
23 22 1
23 24 1
23 27 1
23 37 1
24 6 1
24 8 1
24 9 1
24 11 1
24 20 1
24 21 1
24 23 1
24 25 1
24 27 1
24 28 1
24 35 1
24 37 1
24 38 1
24 40 1
25 9 1
25 21 1
25 24 1
25 26 1
25 28 1
25 38 1
26 7 1
26 9 1
26 12 1
26 21 1
26 25 1
26 28 1
26 36 1
26 38 1
26 41 1
27 8 1
27 10 1
27 11 1
27 22 1
27 23 1
27 24 1
27 37 1
27 39 1
27 40 1
28 9 1
28 11 1
28 12 1
28 24 1
28 25 1
28 26 1
28 38 1
28 40 1
28 41 1
29 0 1
29 13 1
29 15 1
29 30 1
29 32 1
29 34 1
29 42 1
29 44 1
29 58 1
30 1 1
30 13 1
30 14 1
30 17 1
30 29 1
30 31 1
30 32 1
30 33 1
30 35 1
30 42 1
30 43 1
30 46 1
30 59 1
31 2 1
31 14 1
31 19 1
31 30 1
31 33 1
31 36 1
31 43 1
31 48 1
31 60 1
32 13 1
32 15 1
32 16 1
32 17 1
32 20 1
32 29 1
32 30 1
32 34 1
32 35 1
32 42 1
32 44 1
32 45 1
32 46 1
32 49 1
33 14 1
33 17 1
33 18 1
33 19 1
33 21 1
33 30 1
33 31 1
33 35 1
33 36 1
33 43 1
33 46 1
33 47 1
33 48 1
33 50 1
34 5 1
34 15 1
34 20 1
34 22 1
34 29 1
34 32 1
34 35 1
34 37 1
34 39 1
34 44 1
34 49 1
34 51 1
34 63 1
35 6 1
35 17 1
35 20 1
35 21 1
35 24 1
35 30 1
35 32 1
35 33 1
35 34 1
35 36 1
35 37 1
35 38 1
35 40 1
35 46 1
35 49 1
35 50 1
35 53 1
35 64 1
36 7 1
36 19 1
36 21 1
36 26 1
36 31 1
36 33 1
36 35 1
36 38 1
36 41 1
36 48 1
36 50 1
36 55 1
36 65 1
37 20 1
37 22 1
37 23 1
37 24 1
37 27 1
37 34 1
37 35 1
37 39 1
37 40 1
37 49 1
37 51 1
37 52 1
37 53 1
37 56 1
38 21 1
38 24 1
38 25 1
38 26 1
38 28 1
38 35 1
38 36 1
38 40 1
38 41 1
38 50 1
38 53 1
38 54 1
38 55 1
38 57 1
39 10 1
39 22 1
39 27 1
39 34 1
39 37 1
39 40 1
39 51 1
39 56 1
39 68 1
40 11 1
40 24 1
40 27 1
40 28 1
40 35 1
40 37 1
40 38 1
40 39 1
40 41 1
40 53 1
40 56 1
40 57 1
40 69 1
41 12 1
41 26 1
41 28 1
41 36 1
41 38 1
41 40 1
41 55 1
41 57 1
41 70 1
42 29 1
42 30 1
42 32 1
42 44 1
42 45 1
42 46 1
42 58 1
42 59 1
42 61 1
43 30 1
43 31 1
43 33 1
43 46 1
43 47 1
43 48 1
43 59 1
43 60 1
43 62 1
44 29 1
44 32 1
44 34 1
44 42 1
44 45 1
44 49 1
44 58 1
44 61 1
44 63 1
45 32 1
45 42 1
45 44 1
45 46 1
45 49 1
45 61 1
46 30 1
46 32 1
46 33 1
46 35 1
46 42 1
46 43 1
46 45 1
46 47 1
46 49 1
46 50 1
46 59 1
46 61 1
46 62 1
46 64 1
47 33 1
47 43 1
47 46 1
47 48 1
47 50 1
47 62 1
48 31 1
48 33 1
48 36 1
48 43 1
48 47 1
48 50 1
48 60 1
48 62 1
48 65 1
49 32 1
49 34 1
49 35 1
49 37 1
49 44 1
49 45 1
49 46 1
49 51 1
49 52 1
49 53 1
49 61 1
49 63 1
49 64 1
49 66 1
50 33 1
50 35 1
50 36 1
50 38 1
50 46 1
50 47 1
50 48 1
50 53 1
50 54 1
50 55 1
50 62 1
50 64 1
50 65 1
50 67 1
51 34 1
51 37 1
51 39 1
51 49 1
51 52 1
51 56 1
51 63 1
51 66 1
51 68 1
52 37 1
52 49 1
52 51 1
52 53 1
52 56 1
52 66 1
53 35 1
53 37 1
53 38 1
53 40 1
53 49 1
53 50 1
53 52 1
53 54 1
53 56 1
53 57 1
53 64 1
53 66 1
53 67 1
53 69 1
54 38 1
54 50 1
54 53 1
54 55 1
54 57 1
54 67 1
55 36 1
55 38 1
55 41 1
55 50 1
55 54 1
55 57 1
55 65 1
55 67 1
55 70 1
56 37 1
56 39 1
56 40 1
56 51 1
56 52 1
56 53 1
56 66 1
56 68 1
56 69 1
57 38 1
57 40 1
57 41 1
57 53 1
57 54 1
57 55 1
57 67 1
57 69 1
57 70 1
58 29 1
58 42 1
58 44 1
58 59 1
58 61 1
58 63 1
59 30 1
59 42 1
59 43 1
59 46 1
59 58 1
59 60 1
59 61 1
59 62 1
59 64 1
60 31 1
60 43 1
60 48 1
60 59 1
60 62 1
60 65 1
61 42 1
61 44 1
61 45 1
61 46 1
61 49 1
61 58 1
61 59 1
61 63 1
61 64 1
62 43 1
62 46 1
62 47 1
62 48 1
62 50 1
62 59 1
62 60 1
62 64 1
62 65 1
63 34 1
63 44 1
63 49 1
63 51 1
63 58 1
63 61 1
63 64 1
63 66 1
63 68 1
64 35 1
64 46 1
64 49 1
64 50 1
64 53 1
64 59 1
64 61 1
64 62 1
64 63 1
64 65 1
64 66 1
64 67 1
64 69 1
65 36 1
65 48 1
65 50 1
65 55 1
65 60 1
65 62 1
65 64 1
65 67 1
65 70 1
66 49 1
66 51 1
66 52 1
66 53 1
66 56 1
66 63 1
66 64 1
66 68 1
66 69 1
67 50 1
67 53 1
67 54 1
67 55 1
67 57 1
67 64 1
67 65 1
67 69 1
67 70 1
68 39 1
68 51 1
68 56 1
68 63 1
68 66 1
68 69 1
69 40 1
69 53 1
69 56 1
69 57 1
69 64 1
69 66 1
69 67 1
69 68 1
69 70 1
70 41 1
70 55 1
70 57 1
70 65 1
70 67 1
70 69 1
