0 1 1
0 2 1
0 3 1
0 4 1
0 5 1
0 6 1
0 7 1
0 8 1
0 9 1
0 10 1
0 11 1
0 12 1
0 13 1
1 0 1
1 2 1
1 3 1
1 4 1
1 5 1
1 7 1
1 19 1
1 20 1
1 21 1
1 22 1
1 23 1
1 24 1
1 25 1
2 0 1
2 1 1
2 3 1
2 4 1
2 5 1
2 19 1
2 33 1
2 34 1
2 35 1
2 36 1
2 37 1
2 38 1
2 39 1
3 0 1
3 1 1
3 2 1
3 4 1
3 5 1
3 10 1
3 21 1
3 81 1
3 82 1
3 83 1
3 84 1
3 85 1
3 86 1
4 0 1
4 1 1
4 2 1
4 3 1
4 5 1
4 22 1
4 36 1
4 81 1
4 93 1
4 94 1
4 95 1
4 96 1
4 97 1
5 0 1
5 1 1
5 2 1
5 3 1
5 4 1
5 84 1
5 95 1
5 157 1
5 158 1
5 159 1
5 160 1
5 161 1
5 162 1
6 0 1
6 7 1
6 8 1
6 9 1
6 10 1
6 11 1
6 12 1
6 13 1
6 14 1
6 15 1
6 16 1
6 17 1
6 18 1
7 0 1
7 1 1
7 6 1
7 8 1
7 9 1
7 10 1
7 11 1
7 12 1
7 13 1
7 19 1
7 20 1
7 21 1
7 22 1
7 23 1
7 24 1
7 25 1
8 0 1
8 6 1
8 7 1
8 9 1
8 10 1
8 11 1
8 12 1
8 13 1
8 14 1
8 26 1
8 27 1
8 28 1
8 29 1
8 30 1
8 31 1
8 32 1
9 0 1
9 6 1
9 7 1
9 8 1
9 10 1
9 11 1
9 12 1
9 13 1
9 20 1
9 26 1
9 33 1
9 40 1
9 41 1
9 42 1
9 43 1
9 44 1
9 45 1
9 46 1
9 47 1
9 48 1
10 0 1
10 3 1
10 6 1
10 7 1
10 8 1
10 9 1
10 11 1
10 12 1
10 13 1
10 21 1
10 81 1
10 82 1
10 83 1
10 84 1
10 85 1
10 86 1
11 0 1
11 6 1
11 7 1
11 8 1
11 9 1
11 10 1
11 12 1
11 13 1
11 16 1
11 28 1
11 87 1
11 88 1
11 89 1
11 90 1
11 91 1
11 92 1
12 0 1
12 6 1
12 7 1
12 8 1
12 9 1
12 10 1
12 11 1
12 13 1
12 24 1
12 29 1
12 44 1
12 83 1
12 87 1
12 98 1
12 101 1
12 102 1
12 103 1
12 104 1
12 105 1
12 106 1
12 107 1
13 0 1
13 6 1
13 7 1
13 8 1
13 9 1
13 10 1
13 11 1
13 12 1
13 85 1
13 90 1
13 104 1
13 157 1
13 163 1
13 164 1
13 165 1
13 166 1
13 167 1
13 168 1
13 169 1
13 170 1
14 6 1
14 8 1
14 15 1
14 16 1
14 17 1
14 18 1
14 26 1
14 27 1
14 28 1
14 29 1
14 30 1
14 31 1
14 32 1
15 6 1
15 14 1
15 16 1
15 17 1
15 18 1
15 27 1
15 40 1
15 49 1
15 50 1
15 51 1
15 52 1
15 53 1
15 54 1
16 6 1
16 11 1
16 14 1
16 15 1
16 17 1
16 18 1
16 28 1
16 87 1
16 88 1
16 89 1
16 90 1
16 91 1
16 92 1
17 6 1
17 14 1
17 15 1
17 16 1
17 18 1
17 31 1
17 51 1
17 89 1
17 108 1
17 111 1
17 112 1
17 113 1
17 114 1
18 6 1
18 14 1
18 15 1
18 16 1
18 17 1
18 91 1
18 112 1
18 163 1
18 171 1
18 172 1
18 173 1
18 174 1
18 175 1
19 1 1
19 2 1
19 7 1
19 20 1
19 21 1
19 22 1
19 23 1
19 24 1
19 25 1
19 33 1
19 34 1
19 35 1
19 36 1
19 37 1
19 38 1
19 39 1
20 1 1
20 7 1
20 9 1
20 19 1
20 21 1
20 22 1
20 23 1
20 24 1
20 25 1
20 26 1
20 33 1
20 40 1
20 41 1
20 42 1
20 43 1
20 44 1
20 45 1
20 46 1
20 47 1
20 48 1
21 1 1
21 3 1
21 7 1
21 10 1
21 19 1
21 20 1
21 22 1
21 23 1
21 24 1
21 25 1
21 81 1
21 82 1
21 83 1
21 84 1
21 85 1
21 86 1
22 1 1
22 4 1
22 7 1
22 19 1
22 20 1
22 21 1
22 23 1
22 24 1
22 25 1
22 36 1
22 81 1
22 93 1
22 94 1
22 95 1
22 96 1
22 97 1
23 1 1
23 7 1
23 19 1
23 20 1
23 21 1
23 22 1
23 24 1
23 25 1
23 82 1
23 93 1
23 98 1
23 99 1
23 100 1
24 1 1
24 7 1
24 12 1
24 19 1
24 20 1
24 21 1
24 22 1
24 23 1
24 25 1
24 29 1
24 44 1
24 83 1
24 87 1
24 98 1
24 101 1
24 102 1
24 103 1
24 104 1
24 105 1
24 106 1
24 107 1
25 1 1
25 7 1
25 19 1
25 20 1
25 21 1
25 22 1
25 23 1
25 24 1
25 37 1
25 45 1
25 57 1
25 94 1
25 99 1
25 102 1
25 115 1
25 116 1
25 117 1
25 118 1
25 119 1
25 120 1
25 121 1
26 8 1
26 9 1
26 14 1
26 20 1
26 27 1
26 28 1
26 29 1
26 30 1
26 31 1
26 32 1
26 33 1
26 40 1
26 41 1
26 42 1
26 43 1
26 44 1
26 45 1
26 46 1
26 47 1
26 48 1
27 8 1
27 14 1
27 15 1
27 26 1
27 28 1
27 29 1
27 30 1
27 31 1
27 32 1
27 40 1
27 49 1
27 50 1
27 51 1
27 52 1
27 53 1
27 54 1
28 8 1
28 11 1
28 14 1
28 16 1
28 26 1
28 27 1
28 29 1
28 30 1
28 31 1
28 32 1
28 87 1
28 88 1
28 89 1
28 90 1
28 91 1
28 92 1
29 8 1
29 12 1
29 14 1
29 24 1
29 26 1
29 27 1
29 28 1
29 30 1
29 31 1
29 32 1
29 44 1
29 83 1
29 87 1
29 98 1
29 101 1
29 102 1
29 103 1
29 104 1
29 105 1
29 106 1
29 107 1
30 8 1
30 14 1
30 26 1
30 27 1
30 28 1
30 29 1
30 31 1
30 32 1
30 88 1
30 101 1
30 108 1
30 109 1
30 110 1
31 8 1
31 14 1
31 17 1
31 26 1
31 27 1
31 28 1
31 29 1
31 30 1
31 32 1
31 51 1
31 89 1
31 108 1
31 111 1
31 112 1
31 113 1
31 114 1
32 8 1
32 14 1
32 26 1
32 27 1
32 28 1
32 29 1
32 30 1
32 31 1
32 46 1
32 52 1
32 64 1
32 103 1
32 109 1
32 111 1
32 122 1
32 123 1
32 124 1
32 125 1
32 126 1
32 127 1
32 128 1
33 2 1
33 9 1
33 19 1
33 20 1
33 26 1
33 34 1
33 35 1
33 36 1
33 37 1
33 38 1
33 39 1
33 40 1
33 41 1
33 42 1
33 43 1
33 44 1
33 45 1
33 46 1
33 47 1
33 48 1
34 2 1
34 19 1
34 33 1
34 35 1
34 36 1
34 37 1
34 38 1
34 39 1
34 41 1
34 55 1
34 56 1
34 57 1
34 58 1
34 59 1
34 60 1
34 61 1
35 2 1
35 19 1
35 33 1
35 34 1
35 36 1
35 37 1
35 38 1
35 39 1
35 55 1
35 69 1
35 70 1
35 71 1
35 72 1
36 2 1
36 4 1
36 19 1
36 22 1
36 33 1
36 34 1
36 35 1
36 37 1
36 38 1
36 39 1
36 81 1
36 93 1
36 94 1
36 95 1
36 96 1
36 97 1
37 2 1
37 19 1
37 25 1
37 33 1
37 34 1
37 35 1
37 36 1
37 38 1
37 39 1
37 45 1
37 57 1
37 94 1
37 99 1
37 102 1
37 115 1
37 116 1
37 117 1
37 118 1
37 119 1
37 120 1
37 121 1
38 2 1
38 19 1
38 33 1
38 34 1
38 35 1
38 36 1
38 37 1
38 39 1
38 58 1
38 70 1
38 115 1
38 129 1
38 130 1
38 131 1
38 132 1
38 133 1
39 2 1
39 19 1
39 33 1
39 34 1
39 35 1
39 36 1
39 37 1
39 38 1
39 97 1
39 119 1
39 131 1
39 159 1
39 176 1
39 190 1
39 191 1
39 192 1
39 193 1
39 194 1
39 195 1
39 196 1
40 9 1
40 15 1
40 20 1
40 26 1
40 27 1
40 33 1
40 41 1
40 42 1
40 43 1
40 44 1
40 45 1
40 46 1
40 47 1
40 48 1
40 49 1
40 50 1
40 51 1
40 52 1
40 53 1
40 54 1
41 9 1
41 20 1
41 26 1
41 33 1
41 34 1
41 40 1
41 42 1
41 43 1
41 44 1
41 45 1
41 46 1
41 47 1
41 48 1
41 55 1
41 56 1
41 57 1
41 58 1
41 59 1
41 60 1
41 61 1
42 9 1
42 20 1
42 26 1
42 33 1
42 40 1
42 41 1
42 43 1
42 44 1
42 45 1
42 46 1
42 47 1
42 48 1
42 49 1
42 62 1
42 63 1
42 64 1
42 65 1
42 66 1
42 67 1
42 68 1
43 9 1
43 20 1
43 26 1
43 33 1
43 40 1
43 41 1
43 42 1
43 44 1
43 45 1
43 46 1
43 47 1
43 48 1
43 56 1
43 62 1
43 69 1
43 73 1
43 74 1
43 75 1
43 76 1
43 77 1
44 9 1
44 12 1
44 20 1
44 24 1
44 26 1
44 29 1
44 33 1
44 40 1
44 41 1
44 42 1
44 43 1
44 45 1
44 46 1
44 47 1
44 48 1
44 83 1
44 87 1
44 98 1
44 101 1
44 102 1
44 103 1
44 104 1
44 105 1
44 106 1
44 107 1
45 9 1
45 20 1
45 25 1
45 26 1
45 33 1
45 37 1
45 40 1
45 41 1
45 42 1
45 43 1
45 44 1
45 46 1
45 47 1
45 48 1
45 57 1
45 94 1
45 99 1
45 102 1
45 115 1
45 116 1
45 117 1
45 118 1
45 119 1
45 120 1
45 121 1
46 9 1
46 20 1
46 26 1
46 32 1
46 33 1
46 40 1
46 41 1
46 42 1
46 43 1
46 44 1
46 45 1
46 47 1
46 48 1
46 52 1
46 64 1
46 103 1
46 109 1
46 111 1
46 122 1
46 123 1
46 124 1
46 125 1
46 126 1
46 127 1
46 128 1
47 9 1
47 20 1
47 26 1
47 33 1
47 40 1
47 41 1
47 42 1
47 43 1
47 44 1
47 45 1
47 46 1
47 48 1
47 60 1
47 65 1
47 74 1
47 117 1
47 122 1
47 134 1
47 137 1
47 138 1
47 139 1
47 140 1
47 141 1
47 142 1
47 143 1
48 9 1
48 20 1
48 26 1
48 33 1
48 40 1
48 41 1
48 42 1
48 43 1
48 44 1
48 45 1
48 46 1
48 47 1
48 107 1
48 120 1
48 126 1
48 140 1
48 166 1
48 177 1
48 183 1
48 190 1
48 197 1
48 198 1
48 199 1
48 200 1
48 201 1
48 202 1
48 203 1
48 204 1
48 205 1
49 15 1
49 27 1
49 40 1
49 42 1
49 50 1
49 51 1
49 52 1
49 53 1
49 54 1
49 62 1
49 63 1
49 64 1
49 65 1
49 66 1
49 67 1
49 68 1
50 15 1
50 27 1
50 40 1
50 49 1
50 51 1
50 52 1
50 53 1
50 54 1
50 63 1
50 73 1
50 78 1
50 79 1
50 80 1
51 15 1
51 17 1
51 27 1
51 31 1
51 40 1
51 49 1
51 50 1
51 52 1
51 53 1
51 54 1
51 89 1
51 108 1
51 111 1
51 112 1
51 113 1
51 114 1
52 15 1
52 27 1
52 32 1
52 40 1
52 46 1
52 49 1
52 50 1
52 51 1
52 53 1
52 54 1
52 64 1
52 103 1
52 109 1
52 111 1
52 122 1
52 123 1
52 124 1
52 125 1
52 126 1
52 127 1
52 128 1
53 15 1
53 27 1
53 40 1
53 49 1
53 50 1
53 51 1
53 52 1
53 54 1
53 67 1
53 78 1
53 124 1
53 144 1
53 147 1
53 148 1
53 149 1
53 150 1
54 15 1
54 27 1
54 40 1
54 49 1
54 50 1
54 51 1
54 52 1
54 53 1
54 114 1
54 127 1
54 148 1
54 172 1
54 184 1
54 197 1
54 206 1
54 207 1
54 208 1
54 209 1
54 210 1
54 211 1
55 34 1
55 35 1
55 41 1
55 56 1
55 57 1
55 58 1
55 59 1
55 60 1
55 61 1
55 69 1
55 70 1
55 71 1
55 72 1
56 34 1
56 41 1
56 43 1
56 55 1
56 57 1
56 58 1
56 59 1
56 60 1
56 61 1
56 62 1
56 69 1
56 73 1
56 74 1
56 75 1
56 76 1
56 77 1
57 25 1
57 34 1
57 37 1
57 41 1
57 45 1
57 55 1
57 56 1
57 58 1
57 59 1
57 60 1
57 61 1
57 94 1
57 99 1
57 102 1
57 115 1
57 116 1
57 117 1
57 118 1
57 119 1
57 120 1
57 121 1
58 34 1
58 38 1
58 41 1
58 55 1
58 56 1
58 57 1
58 59 1
58 60 1
58 61 1
58 70 1
58 115 1
58 129 1
58 130 1
58 131 1
58 132 1
58 133 1
59 34 1
59 41 1
59 55 1
59 56 1
59 57 1
59 58 1
59 60 1
59 61 1
59 116 1
59 129 1
59 134 1
59 135 1
59 136 1
60 34 1
60 41 1
60 47 1
60 55 1
60 56 1
60 57 1
60 58 1
60 59 1
60 61 1
60 65 1
60 74 1
60 117 1
60 122 1
60 134 1
60 137 1
60 138 1
60 139 1
60 140 1
60 141 1
60 142 1
60 143 1
61 34 1
61 41 1
61 55 1
61 56 1
61 57 1
61 58 1
61 59 1
61 60 1
61 71 1
61 75 1
61 130 1
61 135 1
61 138 1
61 151 1
61 152 1
61 153 1
62 42 1
62 43 1
62 49 1
62 56 1
62 63 1
62 64 1
62 65 1
62 66 1
62 67 1
62 68 1
62 69 1
62 73 1
62 74 1
62 75 1
62 76 1
62 77 1
63 42 1
63 49 1
63 50 1
63 62 1
63 64 1
63 65 1
63 66 1
63 67 1
63 68 1
63 73 1
63 78 1
63 79 1
63 80 1
64 32 1
64 42 1
64 46 1
64 49 1
64 52 1
64 62 1
64 63 1
64 65 1
64 66 1
64 67 1
64 68 1
64 103 1
64 109 1
64 111 1
64 122 1
64 123 1
64 124 1
64 125 1
64 126 1
64 127 1
64 128 1
65 42 1
65 47 1
65 49 1
65 60 1
65 62 1
65 63 1
65 64 1
65 66 1
65 67 1
65 68 1
65 74 1
65 117 1
65 122 1
65 134 1
65 137 1
65 138 1
65 139 1
65 140 1
65 141 1
65 142 1
65 143 1
66 42 1
66 49 1
66 62 1
66 63 1
66 64 1
66 65 1
66 67 1
66 68 1
66 123 1
66 137 1
66 144 1
66 145 1
66 146 1
67 42 1
67 49 1
67 53 1
67 62 1
67 63 1
67 64 1
67 65 1
67 66 1
67 68 1
67 78 1
67 124 1
67 144 1
67 147 1
67 148 1
67 149 1
67 150 1
68 42 1
68 49 1
68 62 1
68 63 1
68 64 1
68 65 1
68 66 1
68 67 1
68 76 1
68 79 1
68 139 1
68 145 1
68 147 1
68 154 1
68 155 1
68 156 1
69 35 1
69 43 1
69 55 1
69 56 1
69 62 1
69 70 1
69 71 1
69 72 1
69 73 1
69 74 1
69 75 1
69 76 1
69 77 1
70 35 1
70 38 1
70 55 1
70 58 1
70 69 1
70 71 1
70 72 1
70 115 1
70 129 1
70 130 1
70 131 1
70 132 1
70 133 1
71 35 1
71 55 1
71 61 1
71 69 1
71 70 1
71 72 1
71 75 1
71 130 1
71 135 1
71 138 1
71 151 1
71 152 1
71 153 1
72 35 1
72 55 1
72 69 1
72 70 1
72 71 1
72 133 1
72 152 1
72 192 1
72 212 1
72 226 1
72 227 1
72 228 1
72 229 1
73 43 1
73 50 1
73 56 1
73 62 1
73 63 1
73 69 1
73 74 1
73 75 1
73 76 1
73 77 1
73 78 1
73 79 1
73 80 1
74 43 1
74 47 1
74 56 1
74 60 1
74 62 1
74 65 1
74 69 1
74 73 1
74 75 1
74 76 1
74 77 1
74 117 1
74 122 1
74 134 1
74 137 1
74 138 1
74 139 1
74 140 1
74 141 1
74 142 1
74 143 1
75 43 1
75 56 1
75 61 1
75 62 1
75 69 1
75 71 1
75 73 1
75 74 1
75 76 1
75 77 1
75 130 1
75 135 1
75 138 1
75 151 1
75 152 1
75 153 1
76 43 1
76 56 1
76 62 1
76 68 1
76 69 1
76 73 1
76 74 1
76 75 1
76 77 1
76 79 1
76 139 1
76 145 1
76 147 1
76 154 1
76 155 1
76 156 1
77 43 1
77 56 1
77 62 1
77 69 1
77 73 1
77 74 1
77 75 1
77 76 1
77 143 1
77 153 1
77 155 1
77 200 1
77 213 1
77 219 1
77 226 1
77 230 1
77 231 1
77 232 1
77 233 1
77 234 1
78 50 1
78 53 1
78 63 1
78 67 1
78 73 1
78 79 1
78 80 1
78 124 1
78 144 1
78 147 1
78 148 1
78 149 1
78 150 1
79 50 1
79 63 1
79 68 1
79 73 1
79 76 1
79 78 1
79 80 1
79 139 1
79 145 1
79 147 1
79 154 1
79 155 1
79 156 1
80 50 1
80 63 1
80 73 1
80 78 1
80 79 1
80 150 1
80 156 1
80 207 1
80 220 1
80 230 1
80 235 1
80 236 1
80 237 1
81 3 1
81 4 1
81 10 1
81 21 1
81 22 1
81 36 1
81 82 1
81 83 1
81 84 1
81 85 1
81 86 1
81 93 1
81 94 1
81 95 1
81 96 1
81 97 1
82 3 1
82 10 1
82 21 1
82 23 1
82 81 1
82 83 1
82 84 1
82 85 1
82 86 1
82 93 1
82 98 1
82 99 1
82 100 1
83 3 1
83 10 1
83 12 1
83 21 1
83 24 1
83 29 1
83 44 1
83 81 1
83 82 1
83 84 1
83 85 1
83 86 1
83 87 1
83 98 1
83 101 1
83 102 1
83 103 1
83 104 1
83 105 1
83 106 1
83 107 1
84 3 1
84 5 1
84 10 1
84 21 1
84 81 1
84 82 1
84 83 1
84 85 1
84 86 1
84 95 1
84 157 1
84 158 1
84 159 1
84 160 1
84 161 1
84 162 1
85 3 1
85 10 1
85 13 1
85 21 1
85 81 1
85 82 1
85 83 1
85 84 1
85 86 1
85 90 1
85 104 1
85 157 1
85 163 1
85 164 1
85 165 1
85 166 1
85 167 1
85 168 1
85 169 1
85 170 1
86 3 1
86 10 1
86 21 1
86 81 1
86 82 1
86 83 1
86 84 1
86 85 1
86 96 1
86 100 1
86 105 1
86 118 1
86 158 1
86 164 1
86 176 1
86 177 1
86 178 1
86 179 1
86 180 1
86 181 1
86 182 1
87 11 1
87 12 1
87 16 1
87 24 1
87 28 1
87 29 1
87 44 1
87 83 1
87 88 1
87 89 1
87 90 1
87 91 1
87 92 1
87 98 1
87 101 1
87 102 1
87 103 1
87 104 1
87 105 1
87 106 1
87 107 1
88 11 1
88 16 1
88 28 1
88 30 1
88 87 1
88 89 1
88 90 1
88 91 1
88 92 1
88 101 1
88 108 1
88 109 1
88 110 1
89 11 1
89 16 1
89 17 1
89 28 1
89 31 1
89 51 1
89 87 1
89 88 1
89 90 1
89 91 1
89 92 1
89 108 1
89 111 1
89 112 1
89 113 1
89 114 1
90 11 1
90 13 1
90 16 1
90 28 1
90 85 1
90 87 1
90 88 1
90 89 1
90 91 1
90 92 1
90 104 1
90 157 1
90 163 1
90 164 1
90 165 1
90 166 1
90 167 1
90 168 1
90 169 1
90 170 1
91 11 1
91 16 1
91 18 1
91 28 1
91 87 1
91 88 1
91 89 1
91 90 1
91 92 1
91 112 1
91 163 1
91 171 1
91 172 1
91 173 1
91 174 1
91 175 1
92 11 1
92 16 1
92 28 1
92 87 1
92 88 1
92 89 1
92 90 1
92 91 1
92 106 1
92 110 1
92 113 1
92 125 1
92 165 1
92 171 1
92 183 1
92 184 1
92 185 1
92 186 1
92 187 1
92 188 1
92 189 1
93 4 1
93 22 1
93 23 1
93 36 1
93 81 1
93 82 1
93 94 1
93 95 1
93 96 1
93 97 1
93 98 1
93 99 1
93 100 1
94 4 1
94 22 1
94 25 1
94 36 1
94 37 1
94 45 1
94 57 1
94 81 1
94 93 1
94 95 1
94 96 1
94 97 1
94 99 1
94 102 1
94 115 1
94 116 1
94 117 1
94 118 1
94 119 1
94 120 1
94 121 1
95 4 1
95 5 1
95 22 1
95 36 1
95 81 1
95 84 1
95 93 1
95 94 1
95 96 1
95 97 1
95 157 1
95 158 1
95 159 1
95 160 1
95 161 1
95 162 1
96 4 1
96 22 1
96 36 1
96 81 1
96 86 1
96 93 1
96 94 1
96 95 1
96 97 1
96 100 1
96 105 1
96 118 1
96 158 1
96 164 1
96 176 1
96 177 1
96 178 1
96 179 1
96 180 1
96 181 1
96 182 1
97 4 1
97 22 1
97 36 1
97 39 1
97 81 1
97 93 1
97 94 1
97 95 1
97 96 1
97 119 1
97 131 1
97 159 1
97 176 1
97 190 1
97 191 1
97 192 1
97 193 1
97 194 1
97 195 1
97 196 1
98 12 1
98 23 1
98 24 1
98 29 1
98 44 1
98 82 1
98 83 1
98 87 1
98 93 1
98 99 1
98 100 1
98 101 1
98 102 1
98 103 1
98 104 1
98 105 1
98 106 1
98 107 1
99 23 1
99 25 1
99 37 1
99 45 1
99 57 1
99 82 1
99 93 1
99 94 1
99 98 1
99 100 1
99 102 1
99 115 1
99 116 1
99 117 1
99 118 1
99 119 1
99 120 1
99 121 1
100 23 1
100 82 1
100 86 1
100 93 1
100 96 1
100 98 1
100 99 1
100 105 1
100 118 1
100 158 1
100 164 1
100 176 1
100 177 1
100 178 1
100 179 1
100 180 1
100 181 1
100 182 1
101 12 1
101 24 1
101 29 1
101 30 1
101 44 1
101 83 1
101 87 1
101 88 1
101 98 1
101 102 1
101 103 1
101 104 1
101 105 1
101 106 1
101 107 1
101 108 1
101 109 1
101 110 1
102 12 1
102 24 1
102 25 1
102 29 1
102 37 1
102 44 1
102 45 1
102 57 1
102 83 1
102 87 1
102 94 1
102 98 1
102 99 1
102 101 1
102 103 1
102 104 1
102 105 1
102 106 1
102 107 1
102 115 1
102 116 1
102 117 1
102 118 1
102 119 1
102 120 1
102 121 1
103 12 1
103 24 1
103 29 1
103 32 1
103 44 1
103 46 1
103 52 1
103 64 1
103 83 1
103 87 1
103 98 1
103 101 1
103 102 1
103 104 1
103 105 1
103 106 1
103 107 1
103 109 1
103 111 1
103 122 1
103 123 1
103 124 1
103 125 1
103 126 1
103 127 1
103 128 1
104 12 1
104 13 1
104 24 1
104 29 1
104 44 1
104 83 1
104 85 1
104 87 1
104 90 1
104 98 1
104 101 1
104 102 1
104 103 1
104 105 1
104 106 1
104 107 1
104 157 1
104 163 1
104 164 1
104 165 1
104 166 1
104 167 1
104 168 1
104 169 1
104 170 1
105 12 1
105 24 1
105 29 1
105 44 1
105 83 1
105 86 1
105 87 1
105 96 1
105 98 1
105 100 1
105 101 1
105 102 1
105 103 1
105 104 1
105 106 1
105 107 1
105 118 1
105 158 1
105 164 1
105 176 1
105 177 1
105 178 1
105 179 1
105 180 1
105 181 1
105 182 1
106 12 1
106 24 1
106 29 1
106 44 1
106 83 1
106 87 1
106 92 1
106 98 1
106 101 1
106 102 1
106 103 1
106 104 1
106 105 1
106 107 1
106 110 1
106 113 1
106 125 1
106 165 1
106 171 1
106 183 1
106 184 1
106 185 1
106 186 1
106 187 1
106 188 1
106 189 1
107 12 1
107 24 1
107 29 1
107 44 1
107 48 1
107 83 1
107 87 1
107 98 1
107 101 1
107 102 1
107 103 1
107 104 1
107 105 1
107 106 1
107 120 1
107 126 1
107 140 1
107 166 1
107 177 1
107 183 1
107 190 1
107 197 1
107 198 1
107 199 1
107 200 1
107 201 1
107 202 1
107 203 1
107 204 1
107 205 1
108 17 1
108 30 1
108 31 1
108 51 1
108 88 1
108 89 1
108 101 1
108 109 1
108 110 1
108 111 1
108 112 1
108 113 1
108 114 1
109 30 1
109 32 1
109 46 1
109 52 1
109 64 1
109 88 1
109 101 1
109 103 1
109 108 1
109 110 1
109 111 1
109 122 1
109 123 1
109 124 1
109 125 1
109 126 1
109 127 1
109 128 1
110 30 1
110 88 1
110 92 1
110 101 1
110 106 1
110 108 1
110 109 1
110 113 1
110 125 1
110 165 1
110 171 1
110 183 1
110 184 1
110 185 1
110 186 1
110 187 1
110 188 1
110 189 1
111 17 1
111 31 1
111 32 1
111 46 1
111 51 1
111 52 1
111 64 1
111 89 1
111 103 1
111 108 1
111 109 1
111 112 1
111 113 1
111 114 1
111 122 1
111 123 1
111 124 1
111 125 1
111 126 1
111 127 1
111 128 1
112 17 1
112 18 1
112 31 1
112 51 1
112 89 1
112 91 1
112 108 1
112 111 1
112 113 1
112 114 1
112 163 1
112 171 1
112 172 1
112 173 1
112 174 1
112 175 1
113 17 1
113 31 1
113 51 1
113 89 1
113 92 1
113 106 1
113 108 1
113 110 1
113 111 1
113 112 1
113 114 1
113 125 1
113 165 1
113 171 1
113 183 1
113 184 1
113 185 1
113 186 1
113 187 1
113 188 1
113 189 1
114 17 1
114 31 1
114 51 1
114 54 1
114 89 1
114 108 1
114 111 1
114 112 1
114 113 1
114 127 1
114 148 1
114 172 1
114 184 1
114 197 1
114 206 1
114 207 1
114 208 1
114 209 1
114 210 1
114 211 1
115 25 1
115 37 1
115 38 1
115 45 1
115 57 1
115 58 1
115 70 1
115 94 1
115 99 1
115 102 1
115 116 1
115 117 1
115 118 1
115 119 1
115 120 1
115 121 1
115 129 1
115 130 1
115 131 1
115 132 1
115 133 1
116 25 1
116 37 1
116 45 1
116 57 1
116 59 1
116 94 1
116 99 1
116 102 1
116 115 1
116 117 1
116 118 1
116 119 1
116 120 1
116 121 1
116 129 1
116 134 1
116 135 1
116 136 1
117 25 1
117 37 1
117 45 1
117 47 1
117 57 1
117 60 1
117 65 1
117 74 1
117 94 1
117 99 1
117 102 1
117 115 1
117 116 1
117 118 1
117 119 1
117 120 1
117 121 1
117 122 1
117 134 1
117 137 1
117 138 1
117 139 1
117 140 1
117 141 1
117 142 1
117 143 1
118 25 1
118 37 1
118 45 1
118 57 1
118 86 1
118 94 1
118 96 1
118 99 1
118 100 1
118 102 1
118 105 1
118 115 1
118 116 1
118 117 1
118 119 1
118 120 1
118 121 1
118 158 1
118 164 1
118 176 1
118 177 1
118 178 1
118 179 1
118 180 1
118 181 1
118 182 1
119 25 1
119 37 1
119 39 1
119 45 1
119 57 1
119 94 1
119 97 1
119 99 1
119 102 1
119 115 1
119 116 1
119 117 1
119 118 1
119 120 1
119 121 1
119 131 1
119 159 1
119 176 1
119 190 1
119 191 1
119 192 1
119 193 1
119 194 1
119 195 1
119 196 1
120 25 1
120 37 1
120 45 1
120 48 1
120 57 1
120 94 1
120 99 1
120 102 1
120 107 1
120 115 1
120 116 1
120 117 1
120 118 1
120 119 1
120 121 1
120 126 1
120 140 1
120 166 1
120 177 1
120 183 1
120 190 1
120 197 1
120 198 1
120 199 1
120 200 1
120 201 1
120 202 1
120 203 1
120 204 1
120 205 1
121 25 1
121 37 1
121 45 1
121 57 1
121 94 1
121 99 1
121 102 1
121 115 1
121 116 1
121 117 1
121 118 1
121 119 1
121 120 1
121 132 1
121 136 1
121 141 1
121 151 1
121 191 1
121 198 1
121 212 1
121 213 1
121 214 1
121 215 1
121 216 1
121 217 1
121 218 1
122 32 1
122 46 1
122 47 1
122 52 1
122 60 1
122 64 1
122 65 1
122 74 1
122 103 1
122 109 1
122 111 1
122 117 1
122 123 1
122 124 1
122 125 1
122 126 1
122 127 1
122 128 1
122 134 1
122 137 1
122 138 1
122 139 1
122 140 1
122 141 1
122 142 1
122 143 1
123 32 1
123 46 1
123 52 1
123 64 1
123 66 1
123 103 1
123 109 1
123 111 1
123 122 1
123 124 1
123 125 1
123 126 1
123 127 1
123 128 1
123 137 1
123 144 1
123 145 1
123 146 1
124 32 1
124 46 1
124 52 1
124 53 1
124 64 1
124 67 1
124 78 1
124 103 1
124 109 1
124 111 1
124 122 1
124 123 1
124 125 1
124 126 1
124 127 1
124 128 1
124 144 1
124 147 1
124 148 1
124 149 1
124 150 1
125 32 1
125 46 1
125 52 1
125 64 1
125 92 1
125 103 1
125 106 1
125 109 1
125 110 1
125 111 1
125 113 1
125 122 1
125 123 1
125 124 1
125 126 1
125 127 1
125 128 1
125 165 1
125 171 1
125 183 1
125 184 1
125 185 1
125 186 1
125 187 1
125 188 1
125 189 1
126 32 1
126 46 1
126 48 1
126 52 1
126 64 1
126 103 1
126 107 1
126 109 1
126 111 1
126 120 1
126 122 1
126 123 1
126 124 1
126 125 1
126 127 1
126 128 1
126 140 1
126 166 1
126 177 1
126 183 1
126 190 1
126 197 1
126 198 1
126 199 1
126 200 1
126 201 1
126 202 1
126 203 1
126 204 1
126 205 1
127 32 1
127 46 1
127 52 1
127 54 1
127 64 1
127 103 1
127 109 1
127 111 1
127 114 1
127 122 1
127 123 1
127 124 1
127 125 1
127 126 1
127 128 1
127 148 1
127 172 1
127 184 1
127 197 1
127 206 1
127 207 1
127 208 1
127 209 1
127 210 1
127 211 1
128 32 1
128 46 1
128 52 1
128 64 1
128 103 1
128 109 1
128 111 1
128 122 1
128 123 1
128 124 1
128 125 1
128 126 1
128 127 1
128 142 1
128 146 1
128 149 1
128 154 1
128 199 1
128 206 1
128 219 1
128 220 1
128 221 1
128 222 1
128 223 1
128 224 1
128 225 1
129 38 1
129 58 1
129 59 1
129 70 1
129 115 1
129 116 1
129 130 1
129 131 1
129 132 1
129 133 1
129 134 1
129 135 1
129 136 1
130 38 1
130 58 1
130 61 1
130 70 1
130 71 1
130 75 1
130 115 1
130 129 1
130 131 1
130 132 1
130 133 1
130 135 1
130 138 1
130 151 1
130 152 1
130 153 1
131 38 1
131 39 1
131 58 1
131 70 1
131 97 1
131 115 1
131 119 1
131 129 1
131 130 1
131 132 1
131 133 1
131 159 1
131 176 1
131 190 1
131 191 1
131 192 1
131 193 1
131 194 1
131 195 1
131 196 1
132 38 1
132 58 1
132 70 1
132 115 1
132 121 1
132 129 1
132 130 1
132 131 1
132 133 1
132 136 1
132 141 1
132 151 1
132 191 1
132 198 1
132 212 1
132 213 1
132 214 1
132 215 1
132 216 1
132 217 1
132 218 1
133 38 1
133 58 1
133 70 1
133 72 1
133 115 1
133 129 1
133 130 1
133 131 1
133 132 1
133 152 1
133 192 1
133 212 1
133 226 1
133 227 1
133 228 1
133 229 1
134 47 1
134 59 1
134 60 1
134 65 1
134 74 1
134 116 1
134 117 1
134 122 1
134 129 1
134 135 1
134 136 1
134 137 1
134 138 1
134 139 1
134 140 1
134 141 1
134 142 1
134 143 1
135 59 1
135 61 1
135 71 1
135 75 1
135 116 1
135 129 1
135 130 1
135 134 1
135 136 1
135 138 1
135 151 1
135 152 1
135 153 1
136 59 1
136 116 1
136 121 1
136 129 1
136 132 1
136 134 1
136 135 1
136 141 1
136 151 1
136 191 1
136 198 1
136 212 1
136 213 1
136 214 1
136 215 1
136 216 1
136 217 1
136 218 1
137 47 1
137 60 1
137 65 1
137 66 1
137 74 1
137 117 1
137 122 1
137 123 1
137 134 1
137 138 1
137 139 1
137 140 1
137 141 1
137 142 1
137 143 1
137 144 1
137 145 1
137 146 1
138 47 1
138 60 1
138 61 1
138 65 1
138 71 1
138 74 1
138 75 1
138 117 1
138 122 1
138 130 1
138 134 1
138 135 1
138 137 1
138 139 1
138 140 1
138 141 1
138 142 1
138 143 1
138 151 1
138 152 1
138 153 1
139 47 1
139 60 1
139 65 1
139 68 1
139 74 1
139 76 1
139 79 1
139 117 1
139 122 1
139 134 1
139 137 1
139 138 1
139 140 1
139 141 1
139 142 1
139 143 1
139 145 1
139 147 1
139 154 1
139 155 1
139 156 1
140 47 1
140 48 1
140 60 1
140 65 1
140 74 1
140 107 1
140 117 1
140 120 1
140 122 1
140 126 1
140 134 1
140 137 1
140 138 1
140 139 1
140 141 1
140 142 1
140 143 1
140 166 1
140 177 1
140 183 1
140 190 1
140 197 1
140 198 1
140 199 1
140 200 1
140 201 1
140 202 1
140 203 1
140 204 1
140 205 1
141 47 1
141 60 1
141 65 1
141 74 1
141 117 1
141 121 1
141 122 1
141 132 1
141 134 1
141 136 1
141 137 1
141 138 1
141 139 1
141 140 1
141 142 1
141 143 1
141 151 1
141 191 1
141 198 1
141 212 1
141 213 1
141 214 1
141 215 1
141 216 1
141 217 1
141 218 1
142 47 1
142 60 1
142 65 1
142 74 1
142 117 1
142 122 1
142 128 1
142 134 1
142 137 1
142 138 1
142 139 1
142 140 1
142 141 1
142 143 1
142 146 1
142 149 1
142 154 1
142 199 1
142 206 1
142 219 1
142 220 1
142 221 1
142 222 1
142 223 1
142 224 1
142 225 1
143 47 1
143 60 1
143 65 1
143 74 1
143 77 1
143 117 1
143 122 1
143 134 1
143 137 1
143 138 1
143 139 1
143 140 1
143 141 1
143 142 1
143 153 1
143 155 1
143 200 1
143 213 1
143 219 1
143 226 1
143 230 1
143 231 1
143 232 1
143 233 1
143 234 1
144 53 1
144 66 1
144 67 1
144 78 1
144 123 1
144 124 1
144 137 1
144 145 1
144 146 1
144 147 1
144 148 1
144 149 1
144 150 1
145 66 1
145 68 1
145 76 1
145 79 1
145 123 1
145 137 1
145 139 1
145 144 1
145 146 1
145 147 1
145 154 1
145 155 1
145 156 1
146 66 1
146 123 1
146 128 1
146 137 1
146 142 1
146 144 1
146 145 1
146 149 1
146 154 1
146 199 1
146 206 1
146 219 1
146 220 1
146 221 1
146 222 1
146 223 1
146 224 1
146 225 1
147 53 1
147 67 1
147 68 1
147 76 1
147 78 1
147 79 1
147 124 1
147 139 1
147 144 1
147 145 1
147 148 1
147 149 1
147 150 1
147 154 1
147 155 1
147 156 1
148 53 1
148 54 1
148 67 1
148 78 1
148 114 1
148 124 1
148 127 1
148 144 1
148 147 1
148 149 1
148 150 1
148 172 1
148 184 1
148 197 1
148 206 1
148 207 1
148 208 1
148 209 1
148 210 1
148 211 1
149 53 1
149 67 1
149 78 1
149 124 1
149 128 1
149 142 1
149 144 1
149 146 1
149 147 1
149 148 1
149 150 1
149 154 1
149 199 1
149 206 1
149 219 1
149 220 1
149 221 1
149 222 1
149 223 1
149 224 1
149 225 1
150 53 1
150 67 1
150 78 1
150 80 1
150 124 1
150 144 1
150 147 1
150 148 1
150 149 1
150 156 1
150 207 1
150 220 1
150 230 1
150 235 1
150 236 1
150 237 1
151 61 1
151 71 1
151 75 1
151 121 1
151 130 1
151 132 1
151 135 1
151 136 1
151 138 1
151 141 1
151 152 1
151 153 1
151 191 1
151 198 1
151 212 1
151 213 1
151 214 1
151 215 1
151 216 1
151 217 1
151 218 1
152 61 1
152 71 1
152 72 1
152 75 1
152 130 1
152 133 1
152 135 1
152 138 1
152 151 1
152 153 1
152 192 1
152 212 1
152 226 1
152 227 1
152 228 1
152 229 1
153 61 1
153 71 1
153 75 1
153 77 1
153 130 1
153 135 1
153 138 1
153 143 1
153 151 1
153 152 1
153 155 1
153 200 1
153 213 1
153 219 1
153 226 1
153 230 1
153 231 1
153 232 1
153 233 1
153 234 1
154 68 1
154 76 1
154 79 1
154 128 1
154 139 1
154 142 1
154 145 1
154 146 1
154 147 1
154 149 1
154 155 1
154 156 1
154 199 1
154 206 1
154 219 1
154 220 1
154 221 1
154 222 1
154 223 1
154 224 1
154 225 1
155 68 1
155 76 1
155 77 1
155 79 1
155 139 1
155 143 1
155 145 1
155 147 1
155 153 1
155 154 1
155 156 1
155 200 1
155 213 1
155 219 1
155 226 1
155 230 1
155 231 1
155 232 1
155 233 1
155 234 1
156 68 1
156 76 1
156 79 1
156 80 1
156 139 1
156 145 1
156 147 1
156 150 1
156 154 1
156 155 1
156 207 1
156 220 1
156 230 1
156 235 1
156 236 1
156 237 1
157 5 1
157 13 1
157 84 1
157 85 1
157 90 1
157 95 1
157 104 1
157 158 1
157 159 1
157 160 1
157 161 1
157 162 1
157 163 1
157 164 1
157 165 1
157 166 1
157 167 1
157 168 1
157 169 1
157 170 1
158 5 1
158 84 1
158 86 1
158 95 1
158 96 1
158 100 1
158 105 1
158 118 1
158 157 1
158 159 1
158 160 1
158 161 1
158 162 1
158 164 1
158 176 1
158 177 1
158 178 1
158 179 1
158 180 1
158 181 1
158 182 1
159 5 1
159 39 1
159 84 1
159 95 1
159 97 1
159 119 1
159 131 1
159 157 1
159 158 1
159 160 1
159 161 1
159 162 1
159 176 1
159 190 1
159 191 1
159 192 1
159 193 1
159 194 1
159 195 1
159 196 1
160 5 1
160 84 1
160 95 1
160 157 1
160 158 1
160 159 1
160 161 1
160 162 1
160 167 1
160 178 1
160 238 1
160 239 1
160 240 1
160 241 1
160 242 1
160 243 1
161 5 1
161 84 1
161 95 1
161 157 1
161 158 1
161 159 1
161 160 1
161 162 1
161 179 1
161 193 1
161 238 1
161 250 1
161 251 1
161 252 1
161 253 1
161 254 1
162 5 1
162 84 1
162 95 1
162 157 1
162 158 1
162 159 1
162 160 1
162 161 1
162 241 1
162 252 1
162 314 1
162 315 1
162 316 1
163 13 1
163 18 1
163 85 1
163 90 1
163 91 1
163 104 1
163 112 1
163 157 1
163 164 1
163 165 1
163 166 1
163 167 1
163 168 1
163 169 1
163 170 1
163 171 1
163 172 1
163 173 1
163 174 1
163 175 1
164 13 1
164 85 1
164 86 1
164 90 1
164 96 1
164 100 1
164 104 1
164 105 1
164 118 1
164 157 1
164 158 1
164 163 1
164 165 1
164 166 1
164 167 1
164 168 1
164 169 1
164 170 1
164 176 1
164 177 1
164 178 1
164 179 1
164 180 1
164 181 1
164 182 1
165 13 1
165 85 1
165 90 1
165 92 1
165 104 1
165 106 1
165 110 1
165 113 1
165 125 1
165 157 1
165 163 1
165 164 1
165 166 1
165 167 1
165 168 1
165 169 1
165 170 1
165 171 1
165 183 1
165 184 1
165 185 1
165 186 1
165 187 1
165 188 1
165 189 1
166 13 1
166 48 1
166 85 1
166 90 1
166 104 1
166 107 1
166 120 1
166 126 1
166 140 1
166 157 1
166 163 1
166 164 1
166 165 1
166 167 1
166 168 1
166 169 1
166 170 1
166 177 1
166 183 1
166 190 1
166 197 1
166 198 1
166 199 1
166 200 1
166 201 1
166 202 1
166 203 1
166 204 1
166 205 1
167 13 1
167 85 1
167 90 1
167 104 1
167 157 1
167 160 1
167 163 1
167 164 1
167 165 1
167 166 1
167 168 1
167 169 1
167 170 1
167 178 1
167 238 1
167 239 1
167 240 1
167 241 1
167 242 1
167 243 1
168 13 1
168 85 1
168 90 1
168 104 1
168 157 1
168 163 1
168 164 1
168 165 1
168 166 1
168 167 1
168 169 1
168 170 1
168 173 1
168 185 1
168 244 1
168 245 1
168 246 1
168 247 1
168 248 1
168 249 1
169 13 1
169 85 1
169 90 1
169 104 1
169 157 1
169 163 1
169 164 1
169 165 1
169 166 1
169 167 1
169 168 1
169 170 1
169 181 1
169 186 1
169 201 1
169 240 1
169 244 1
169 255 1
169 258 1
169 259 1
169 260 1
169 261 1
169 262 1
169 263 1
169 264 1
170 13 1
170 85 1
170 90 1
170 104 1
170 157 1
170 163 1
170 164 1
170 165 1
170 166 1
170 167 1
170 168 1
170 169 1
170 242 1
170 247 1
170 261 1
170 314 1
170 317 1
170 318 1
170 319 1
170 320 1
171 18 1
171 91 1
171 92 1
171 106 1
171 110 1
171 112 1
171 113 1
171 125 1
171 163 1
171 165 1
171 172 1
171 173 1
171 174 1
171 175 1
171 183 1
171 184 1
171 185 1
171 186 1
171 187 1
171 188 1
171 189 1
172 18 1
172 54 1
172 91 1
172 112 1
172 114 1
172 127 1
172 148 1
172 163 1
172 171 1
172 173 1
172 174 1
172 175 1
172 184 1
172 197 1
172 206 1
172 207 1
172 208 1
172 209 1
172 210 1
172 211 1
173 18 1
173 91 1
173 112 1
173 163 1
173 168 1
173 171 1
173 172 1
173 174 1
173 175 1
173 185 1
173 244 1
173 245 1
173 246 1
173 247 1
173 248 1
173 249 1
174 18 1
174 91 1
174 112 1
174 163 1
174 171 1
174 172 1
174 173 1
174 175 1
174 188 1
174 208 1
174 246 1
174 265 1
174 268 1
174 269 1
174 270 1
174 271 1
175 18 1
175 91 1
175 112 1
175 163 1
175 171 1
175 172 1
175 173 1
175 174 1
175 248 1
175 269 1
175 317 1
175 321 1
175 322 1
176 39 1
176 86 1
176 96 1
176 97 1
176 100 1
176 105 1
176 118 1
176 119 1
176 131 1
176 158 1
176 159 1
176 164 1
176 177 1
176 178 1
176 179 1
176 180 1
176 181 1
176 182 1
176 190 1
176 191 1
176 192 1
176 193 1
176 194 1
176 195 1
176 196 1
177 48 1
177 86 1
177 96 1
177 100 1
177 105 1
177 107 1
177 118 1
177 120 1
177 126 1
177 140 1
177 158 1
177 164 1
177 166 1
177 176 1
177 178 1
177 179 1
177 180 1
177 181 1
177 182 1
177 183 1
177 190 1
177 197 1
177 198 1
177 199 1
177 200 1
177 201 1
177 202 1
177 203 1
177 204 1
177 205 1
178 86 1
178 96 1
178 100 1
178 105 1
178 118 1
178 158 1
178 160 1
178 164 1
178 167 1
178 176 1
178 177 1
178 179 1
178 180 1
178 181 1
178 182 1
178 238 1
178 239 1
178 240 1
178 241 1
178 242 1
178 243 1
179 86 1
179 96 1
179 100 1
179 105 1
179 118 1
179 158 1
179 161 1
179 164 1
179 176 1
179 177 1
179 178 1
179 180 1
179 181 1
179 182 1
179 193 1
179 238 1
179 250 1
179 251 1
179 252 1
179 253 1
179 254 1
180 86 1
180 96 1
180 100 1
180 105 1
180 118 1
180 158 1
180 164 1
180 176 1
180 177 1
180 178 1
180 179 1
180 181 1
180 182 1
180 239 1
180 250 1
180 255 1
180 256 1
180 257 1
181 86 1
181 96 1
181 100 1
181 105 1
181 118 1
181 158 1
181 164 1
181 169 1
181 176 1
181 177 1
181 178 1
181 179 1
181 180 1
181 182 1
181 186 1
181 201 1
181 240 1
181 244 1
181 255 1
181 258 1
181 259 1
181 260 1
181 261 1
181 262 1
181 263 1
181 264 1
182 86 1
182 96 1
182 100 1
182 105 1
182 118 1
182 158 1
182 164 1
182 176 1
182 177 1
182 178 1
182 179 1
182 180 1
182 181 1
182 194 1
182 202 1
182 214 1
182 251 1
182 256 1
182 259 1
182 272 1
182 273 1
182 274 1
182 275 1
182 276 1
182 277 1
182 278 1
183 48 1
183 92 1
183 106 1
183 107 1
183 110 1
183 113 1
183 120 1
183 125 1
183 126 1
183 140 1
183 165 1
183 166 1
183 171 1
183 177 1
183 184 1
183 185 1
183 186 1
183 187 1
183 188 1
183 189 1
183 190 1
183 197 1
183 198 1
183 199 1
183 200 1
183 201 1
183 202 1
183 203 1
183 204 1
183 205 1
184 54 1
184 92 1
184 106 1
184 110 1
184 113 1
184 114 1
184 125 1
184 127 1
184 148 1
184 165 1
184 171 1
184 172 1
184 183 1
184 185 1
184 186 1
184 187 1
184 188 1
184 189 1
184 197 1
184 206 1
184 207 1
184 208 1
184 209 1
184 210 1
184 211 1
185 92 1
185 106 1
185 110 1
185 113 1
185 125 1
185 165 1
185 168 1
185 171 1
185 173 1
185 183 1
185 184 1
185 186 1
185 187 1
185 188 1
185 189 1
185 244 1
185 245 1
185 246 1
185 247 1
185 248 1
185 249 1
186 92 1
186 106 1
186 110 1
186 113 1
186 125 1
186 165 1
186 169 1
186 171 1
186 181 1
186 183 1
186 184 1
186 185 1
186 187 1
186 188 1
186 189 1
186 201 1
186 240 1
186 244 1
186 255 1
186 258 1
186 259 1
186 260 1
186 261 1
186 262 1
186 263 1
186 264 1
187 92 1
187 106 1
187 110 1
187 113 1
187 125 1
187 165 1
187 171 1
187 183 1
187 184 1
187 185 1
187 186 1
187 188 1
187 189 1
187 245 1
187 258 1
187 265 1
187 266 1
187 267 1
188 92 1
188 106 1
188 110 1
188 113 1
188 125 1
188 165 1
188 171 1
188 174 1
188 183 1
188 184 1
188 185 1
188 186 1
188 187 1
188 189 1
188 208 1
188 246 1
188 265 1
188 268 1
188 269 1
188 270 1
188 271 1
189 92 1
189 106 1
189 110 1
189 113 1
189 125 1
189 165 1
189 171 1
189 183 1
189 184 1
189 185 1
189 186 1
189 187 1
189 188 1
189 203 1
189 209 1
189 221 1
189 260 1
189 266 1
189 268 1
189 279 1
189 280 1
189 281 1
189 282 1
189 283 1
189 284 1
189 285 1
190 39 1
190 48 1
190 97 1
190 107 1
190 119 1
190 120 1
190 126 1
190 131 1
190 140 1
190 159 1
190 166 1
190 176 1
190 177 1
190 183 1
190 191 1
190 192 1
190 193 1
190 194 1
190 195 1
190 196 1
190 197 1
190 198 1
190 199 1
190 200 1
190 201 1
190 202 1
190 203 1
190 204 1
190 205 1
191 39 1
191 97 1
191 119 1
191 121 1
191 131 1
191 132 1
191 136 1
191 141 1
191 151 1
191 159 1
191 176 1
191 190 1
191 192 1
191 193 1
191 194 1
191 195 1
191 196 1
191 198 1
191 212 1
191 213 1
191 214 1
191 215 1
191 216 1
191 217 1
191 218 1
192 39 1
192 72 1
192 97 1
192 119 1
192 131 1
192 133 1
192 152 1
192 159 1
192 176 1
192 190 1
192 191 1
192 193 1
192 194 1
192 195 1
192 196 1
192 212 1
192 226 1
192 227 1
192 228 1
192 229 1
193 39 1
193 97 1
193 119 1
193 131 1
193 159 1
193 161 1
193 176 1
193 179 1
193 190 1
193 191 1
193 192 1
193 194 1
193 195 1
193 196 1
193 238 1
193 250 1
193 251 1
193 252 1
193 253 1
193 254 1
194 39 1
194 97 1
194 119 1
194 131 1
194 159 1
194 176 1
194 182 1
194 190 1
194 191 1
194 192 1
194 193 1
194 195 1
194 196 1
194 202 1
194 214 1
194 251 1
194 256 1
194 259 1
194 272 1
194 273 1
194 274 1
194 275 1
194 276 1
194 277 1
194 278 1
195 39 1
195 97 1
195 119 1
195 131 1
195 159 1
195 176 1
195 190 1
195 191 1
195 192 1
195 193 1
195 194 1
195 196 1
195 215 1
195 227 1
195 272 1
195 286 1
195 287 1
195 288 1
195 289 1
195 290 1
196 39 1
196 97 1
196 119 1
196 131 1
196 159 1
196 176 1
196 190 1
196 191 1
196 192 1
196 193 1
196 194 1
196 195 1
196 254 1
196 276 1
196 288 1
196 316 1
196 323 1
196 327 1
196 328 1
196 329 1
197 48 1
197 54 1
197 107 1
197 114 1
197 120 1
197 126 1
197 127 1
197 140 1
197 148 1
197 166 1
197 172 1
197 177 1
197 183 1
197 184 1
197 190 1
197 198 1
197 199 1
197 200 1
197 201 1
197 202 1
197 203 1
197 204 1
197 205 1
197 206 1
197 207 1
197 208 1
197 209 1
197 210 1
197 211 1
198 48 1
198 107 1
198 120 1
198 121 1
198 126 1
198 132 1
198 136 1
198 140 1
198 141 1
198 151 1
198 166 1
198 177 1
198 183 1
198 190 1
198 191 1
198 197 1
198 199 1
198 200 1
198 201 1
198 202 1
198 203 1
198 204 1
198 205 1
198 212 1
198 213 1
198 214 1
198 215 1
198 216 1
198 217 1
198 218 1
199 48 1
199 107 1
199 120 1
199 126 1
199 128 1
199 140 1
199 142 1
199 146 1
199 149 1
199 154 1
199 166 1
199 177 1
199 183 1
199 190 1
199 197 1
199 198 1
199 200 1
199 201 1
199 202 1
199 203 1
199 204 1
199 205 1
199 206 1
199 219 1
199 220 1
199 221 1
199 222 1
199 223 1
199 224 1
199 225 1
200 48 1
200 77 1
200 107 1
200 120 1
200 126 1
200 140 1
200 143 1
200 153 1
200 155 1
200 166 1
200 177 1
200 183 1
200 190 1
200 197 1
200 198 1
200 199 1
200 201 1
200 202 1
200 203 1
200 204 1
200 205 1
200 213 1
200 219 1
200 226 1
200 230 1
200 231 1
200 232 1
200 233 1
200 234 1
201 48 1
201 107 1
201 120 1
201 126 1
201 140 1
201 166 1
201 169 1
201 177 1
201 181 1
201 183 1
201 186 1
201 190 1
201 197 1
201 198 1
201 199 1
201 200 1
201 202 1
201 203 1
201 204 1
201 205 1
201 240 1
201 244 1
201 255 1
201 258 1
201 259 1
201 260 1
201 261 1
201 262 1
201 263 1
201 264 1
202 48 1
202 107 1
202 120 1
202 126 1
202 140 1
202 166 1
202 177 1
202 182 1
202 183 1
202 190 1
202 194 1
202 197 1
202 198 1
202 199 1
202 200 1
202 201 1
202 203 1
202 204 1
202 205 1
202 214 1
202 251 1
202 256 1
202 259 1
202 272 1
202 273 1
202 274 1
202 275 1
202 276 1
202 277 1
202 278 1
203 48 1
203 107 1
203 120 1
203 126 1
203 140 1
203 166 1
203 177 1
203 183 1
203 189 1
203 190 1
203 197 1
203 198 1
203 199 1
203 200 1
203 201 1
203 202 1
203 204 1
203 205 1
203 209 1
203 221 1
203 260 1
203 266 1
203 268 1
203 279 1
203 280 1
203 281 1
203 282 1
203 283 1
203 284 1
203 285 1
204 48 1
204 107 1
204 120 1
204 126 1
204 140 1
204 166 1
204 177 1
204 183 1
204 190 1
204 197 1
204 198 1
204 199 1
204 200 1
204 201 1
204 202 1
204 203 1
204 205 1
204 217 1
204 222 1
204 231 1
204 274 1
204 279 1
204 291 1
204 294 1
204 295 1
204 296 1
204 297 1
204 298 1
204 299 1
204 300 1
205 48 1
205 107 1
205 120 1
205 126 1
205 140 1
205 166 1
205 177 1
205 183 1
205 190 1
205 197 1
205 198 1
205 199 1
205 200 1
205 201 1
205 202 1
205 203 1
205 204 1
205 264 1
205 277 1
205 283 1
205 297 1
205 320 1
205 324 1
205 325 1
205 327 1
205 330 1
205 331 1
205 332 1
205 333 1
206 54 1
206 114 1
206 127 1
206 128 1
206 142 1
206 146 1
206 148 1
206 149 1
206 154 1
206 172 1
206 184 1
206 197 1
206 199 1
206 207 1
206 208 1
206 209 1
206 210 1
206 211 1
206 219 1
206 220 1
206 221 1
206 222 1
206 223 1
206 224 1
206 225 1
207 54 1
207 80 1
207 114 1
207 127 1
207 148 1
207 150 1
207 156 1
207 172 1
207 184 1
207 197 1
207 206 1
207 208 1
207 209 1
207 210 1
207 211 1
207 220 1
207 230 1
207 235 1
207 236 1
207 237 1
208 54 1
208 114 1
208 127 1
208 148 1
208 172 1
208 174 1
208 184 1
208 188 1
208 197 1
208 206 1
208 207 1
208 209 1
208 210 1
208 211 1
208 246 1
208 265 1
208 268 1
208 269 1
208 270 1
208 271 1
209 54 1
209 114 1
209 127 1
209 148 1
209 172 1
209 184 1
209 189 1
209 197 1
209 203 1
209 206 1
209 207 1
209 208 1
209 210 1
209 211 1
209 221 1
209 260 1
209 266 1
209 268 1
209 279 1
209 280 1
209 281 1
209 282 1
209 283 1
209 284 1
209 285 1
210 54 1
210 114 1
210 127 1
210 148 1
210 172 1
210 184 1
210 197 1
210 206 1
210 207 1
210 208 1
210 209 1
210 211 1
210 224 1
210 235 1
210 281 1
210 301 1
210 304 1
210 305 1
210 306 1
210 307 1
211 54 1
211 114 1
211 127 1
211 148 1
211 172 1
211 184 1
211 197 1
211 206 1
211 207 1
211 208 1
211 209 1
211 210 1
211 271 1
211 284 1
211 305 1
211 322 1
211 326 1
211 330 1
211 334 1
211 335 1
212 72 1
212 121 1
212 132 1
212 133 1
212 136 1
212 141 1
212 151 1
212 152 1
212 191 1
212 192 1
212 198 1
212 213 1
212 214 1
212 215 1
212 216 1
212 217 1
212 218 1
212 226 1
212 227 1
212 228 1
212 229 1
213 77 1
213 121 1
213 132 1
213 136 1
213 141 1
213 143 1
213 151 1
213 153 1
213 155 1
213 191 1
213 198 1
213 200 1
213 212 1
213 214 1
213 215 1
213 216 1
213 217 1
213 218 1
213 219 1
213 226 1
213 230 1
213 231 1
213 232 1
213 233 1
213 234 1
214 121 1
214 132 1
214 136 1
214 141 1
214 151 1
214 182 1
214 191 1
214 194 1
214 198 1
214 202 1
214 212 1
214 213 1
214 215 1
214 216 1
214 217 1
214 218 1
214 251 1
214 256 1
214 259 1
214 272 1
214 273 1
214 274 1
214 275 1
214 276 1
214 277 1
214 278 1
215 121 1
215 132 1
215 136 1
215 141 1
215 151 1
215 191 1
215 195 1
215 198 1
215 212 1
215 213 1
215 214 1
215 216 1
215 217 1
215 218 1
215 227 1
215 272 1
215 286 1
215 287 1
215 288 1
215 289 1
215 290 1
216 121 1
216 132 1
216 136 1
216 141 1
216 151 1
216 191 1
216 198 1
216 212 1
216 213 1
216 214 1
216 215 1
216 217 1
216 218 1
216 273 1
216 286 1
216 291 1
216 292 1
216 293 1
217 121 1
217 132 1
217 136 1
217 141 1
217 151 1
217 191 1
217 198 1
217 204 1
217 212 1
217 213 1
217 214 1
217 215 1
217 216 1
217 218 1
217 222 1
217 231 1
217 274 1
217 279 1
217 291 1
217 294 1
217 295 1
217 296 1
217 297 1
217 298 1
217 299 1
217 300 1
218 121 1
218 132 1
218 136 1
218 141 1
218 151 1
218 191 1
218 198 1
218 212 1
218 213 1
218 214 1
218 215 1
218 216 1
218 217 1
218 228 1
218 232 1
218 287 1
218 292 1
218 295 1
218 308 1
218 309 1
218 310 1
219 77 1
219 128 1
219 142 1
219 143 1
219 146 1
219 149 1
219 153 1
219 154 1
219 155 1
219 199 1
219 200 1
219 206 1
219 213 1
219 220 1
219 221 1
219 222 1
219 223 1
219 224 1
219 225 1
219 226 1
219 230 1
219 231 1
219 232 1
219 233 1
219 234 1
220 80 1
220 128 1
220 142 1
220 146 1
220 149 1
220 150 1
220 154 1
220 156 1
220 199 1
220 206 1
220 207 1
220 219 1
220 221 1
220 222 1
220 223 1
220 224 1
220 225 1
220 230 1
220 235 1
220 236 1
220 237 1
221 128 1
221 142 1
221 146 1
221 149 1
221 154 1
221 189 1
221 199 1
221 203 1
221 206 1
221 209 1
221 219 1
221 220 1
221 222 1
221 223 1
221 224 1
221 225 1
221 260 1
221 266 1
221 268 1
221 279 1
221 280 1
221 281 1
221 282 1
221 283 1
221 284 1
221 285 1
222 128 1
222 142 1
222 146 1
222 149 1
222 154 1
222 199 1
222 204 1
222 206 1
222 217 1
222 219 1
222 220 1
222 221 1
222 223 1
222 224 1
222 225 1
222 231 1
222 274 1
222 279 1
222 291 1
222 294 1
222 295 1
222 296 1
222 297 1
222 298 1
222 299 1
222 300 1
223 128 1
223 142 1
223 146 1
223 149 1
223 154 1
223 199 1
223 206 1
223 219 1
223 220 1
223 221 1
223 222 1
223 224 1
223 225 1
223 280 1
223 294 1
223 301 1
223 302 1
223 303 1
224 128 1
224 142 1
224 146 1
224 149 1
224 154 1
224 199 1
224 206 1
224 210 1
224 219 1
224 220 1
224 221 1
224 222 1
224 223 1
224 225 1
224 235 1
224 281 1
224 301 1
224 304 1
224 305 1
224 306 1
224 307 1
225 128 1
225 142 1
225 146 1
225 149 1
225 154 1
225 199 1
225 206 1
225 219 1
225 220 1
225 221 1
225 222 1
225 223 1
225 224 1
225 233 1
225 236 1
225 296 1
225 302 1
225 304 1
225 311 1
225 312 1
225 313 1
226 72 1
226 77 1
226 133 1
226 143 1
226 152 1
226 153 1
226 155 1
226 192 1
226 200 1
226 212 1
226 213 1
226 219 1
226 227 1
226 228 1
226 229 1
226 230 1
226 231 1
226 232 1
226 233 1
226 234 1
227 72 1
227 133 1
227 152 1
227 192 1
227 195 1
227 212 1
227 215 1
227 226 1
227 228 1
227 229 1
227 272 1
227 286 1
227 287 1
227 288 1
227 289 1
227 290 1
228 72 1
228 133 1
228 152 1
228 192 1
228 212 1
228 218 1
228 226 1
228 227 1
228 229 1
228 232 1
228 287 1
228 292 1
228 295 1
228 308 1
228 309 1
228 310 1
229 72 1
229 133 1
229 152 1
229 192 1
229 212 1
229 226 1
229 227 1
229 228 1
229 290 1
229 309 1
229 329 1
229 336 1
229 340 1
230 77 1
230 80 1
230 143 1
230 150 1
230 153 1
230 155 1
230 156 1
230 200 1
230 207 1
230 213 1
230 219 1
230 220 1
230 226 1
230 231 1
230 232 1
230 233 1
230 234 1
230 235 1
230 236 1
230 237 1
231 77 1
231 143 1
231 153 1
231 155 1
231 200 1
231 204 1
231 213 1
231 217 1
231 219 1
231 222 1
231 226 1
231 230 1
231 232 1
231 233 1
231 234 1
231 274 1
231 279 1
231 291 1
231 294 1
231 295 1
231 296 1
231 297 1
231 298 1
231 299 1
231 300 1
232 77 1
232 143 1
232 153 1
232 155 1
232 200 1
232 213 1
232 218 1
232 219 1
232 226 1
232 228 1
232 230 1
232 231 1
232 233 1
232 234 1
232 287 1
232 292 1
232 295 1
232 308 1
232 309 1
232 310 1
233 77 1
233 143 1
233 153 1
233 155 1
233 200 1
233 213 1
233 219 1
233 225 1
233 226 1
233 230 1
233 231 1
233 232 1
233 234 1
233 236 1
233 296 1
233 302 1
233 304 1
233 311 1
233 312 1
233 313 1
234 77 1
234 143 1
234 153 1
234 155 1
234 200 1
234 213 1
234 219 1
234 226 1
234 230 1
234 231 1
234 232 1
234 233 1
234 300 1
234 310 1
234 312 1
234 333 1
234 337 1
234 338 1
234 340 1
234 341 1
235 80 1
235 150 1
235 156 1
235 207 1
235 210 1
235 220 1
235 224 1
235 230 1
235 236 1
235 237 1
235 281 1
235 301 1
235 304 1
235 305 1
235 306 1
235 307 1
236 80 1
236 150 1
236 156 1
236 207 1
236 220 1
236 225 1
236 230 1
236 233 1
236 235 1
236 237 1
236 296 1
236 302 1
236 304 1
236 311 1
236 312 1
236 313 1
237 80 1
237 150 1
237 156 1
237 207 1
237 220 1
237 230 1
237 235 1
237 236 1
237 307 1
237 313 1
237 335 1
237 339 1
237 341 1
238 160 1
238 161 1
238 167 1
238 178 1
238 179 1
238 193 1
238 239 1
238 240 1
238 241 1
238 242 1
238 243 1
238 250 1
238 251 1
238 252 1
238 253 1
238 254 1
239 160 1
239 167 1
239 178 1
239 180 1
239 238 1
239 240 1
239 241 1
239 242 1
239 243 1
239 250 1
239 255 1
239 256 1
239 257 1
240 160 1
240 167 1
240 169 1
240 178 1
240 181 1
240 186 1
240 201 1
240 238 1
240 239 1
240 241 1
240 242 1
240 243 1
240 244 1
240 255 1
240 258 1
240 259 1
240 260 1
240 261 1
240 262 1
240 263 1
240 264 1
241 160 1
241 162 1
241 167 1
241 178 1
241 238 1
241 239 1
241 240 1
241 242 1
241 243 1
241 252 1
241 314 1
241 315 1
241 316 1
242 160 1
242 167 1
242 170 1
242 178 1
242 238 1
242 239 1
242 240 1
242 241 1
242 243 1
242 247 1
242 261 1
242 314 1
242 317 1
242 318 1
242 319 1
242 320 1
243 160 1
243 167 1
243 178 1
243 238 1
243 239 1
243 240 1
243 241 1
243 242 1
243 253 1
243 257 1
243 262 1
243 275 1
243 315 1
243 318 1
243 323 1
243 324 1
244 168 1
244 169 1
244 173 1
244 181 1
244 185 1
244 186 1
244 201 1
244 240 1
244 245 1
244 246 1
244 247 1
244 248 1
244 249 1
244 255 1
244 258 1
244 259 1
244 260 1
244 261 1
244 262 1
244 263 1
244 264 1
245 168 1
245 173 1
245 185 1
245 187 1
245 244 1
245 246 1
245 247 1
245 248 1
245 249 1
245 258 1
245 265 1
245 266 1
245 267 1
246 168 1
246 173 1
246 174 1
246 185 1
246 188 1
246 208 1
246 244 1
246 245 1
246 247 1
246 248 1
246 249 1
246 265 1
246 268 1
246 269 1
246 270 1
246 271 1
247 168 1
247 170 1
247 173 1
247 185 1
247 242 1
247 244 1
247 245 1
247 246 1
247 248 1
247 249 1
247 261 1
247 314 1
247 317 1
247 318 1
247 319 1
247 320 1
248 168 1
248 173 1
248 175 1
248 185 1
248 244 1
248 245 1
248 246 1
248 247 1
248 249 1
248 269 1
248 317 1
248 321 1
248 322 1
249 168 1
249 173 1
249 185 1
249 244 1
249 245 1
249 246 1
249 247 1
249 248 1
249 263 1
249 267 1
249 270 1
249 282 1
249 319 1
249 321 1
249 325 1
249 326 1
250 161 1
250 179 1
250 180 1
250 193 1
250 238 1
250 239 1
250 251 1
250 252 1
250 253 1
250 254 1
250 255 1
250 256 1
250 257 1
251 161 1
251 179 1
251 182 1
251 193 1
251 194 1
251 202 1
251 214 1
251 238 1
251 250 1
251 252 1
251 253 1
251 254 1
251 256 1
251 259 1
251 272 1
251 273 1
251 274 1
251 275 1
251 276 1
251 277 1
251 278 1
252 161 1
252 162 1
252 179 1
252 193 1
252 238 1
252 241 1
252 250 1
252 251 1
252 253 1
252 254 1
252 314 1
252 315 1
252 316 1
253 161 1
253 179 1
253 193 1
253 238 1
253 243 1
253 250 1
253 251 1
253 252 1
253 254 1
253 257 1
253 262 1
253 275 1
253 315 1
253 318 1
253 323 1
253 324 1
254 161 1
254 179 1
254 193 1
254 196 1
254 238 1
254 250 1
254 251 1
254 252 1
254 253 1
254 276 1
254 288 1
254 316 1
254 323 1
254 327 1
254 328 1
254 329 1
255 169 1
255 180 1
255 181 1
255 186 1
255 201 1
255 239 1
255 240 1
255 244 1
255 250 1
255 256 1
255 257 1
255 258 1
255 259 1
255 260 1
255 261 1
255 262 1
255 263 1
255 264 1
256 180 1
256 182 1
256 194 1
256 202 1
256 214 1
256 239 1
256 250 1
256 251 1
256 255 1
256 257 1
256 259 1
256 272 1
256 273 1
256 274 1
256 275 1
256 276 1
256 277 1
256 278 1
257 180 1
257 239 1
257 243 1
257 250 1
257 253 1
257 255 1
257 256 1
257 262 1
257 275 1
257 315 1
257 318 1
257 323 1
257 324 1
258 169 1
258 181 1
258 186 1
258 187 1
258 201 1
258 240 1
258 244 1
258 245 1
258 255 1
258 259 1
258 260 1
258 261 1
258 262 1
258 263 1
258 264 1
258 265 1
258 266 1
258 267 1
259 169 1
259 181 1
259 182 1
259 186 1
259 194 1
259 201 1
259 202 1
259 214 1
259 240 1
259 244 1
259 251 1
259 255 1
259 256 1
259 258 1
259 260 1
259 261 1
259 262 1
259 263 1
259 264 1
259 272 1
259 273 1
259 274 1
259 275 1
259 276 1
259 277 1
259 278 1
260 169 1
260 181 1
260 186 1
260 189 1
260 201 1
260 203 1
260 209 1
260 221 1
260 240 1
260 244 1
260 255 1
260 258 1
260 259 1
260 261 1
260 262 1
260 263 1
260 264 1
260 266 1
260 268 1
260 279 1
260 280 1
260 281 1
260 282 1
260 283 1
260 284 1
260 285 1
261 169 1
261 170 1
261 181 1
261 186 1
261 201 1
261 240 1
261 242 1
261 244 1
261 247 1
261 255 1
261 258 1
261 259 1
261 260 1
261 262 1
261 263 1
261 264 1
261 314 1
261 317 1
261 318 1
261 319 1
261 320 1
262 169 1
262 181 1
262 186 1
262 201 1
262 240 1
262 243 1
262 244 1
262 253 1
262 255 1
262 257 1
262 258 1
262 259 1
262 260 1
262 261 1
262 263 1
262 264 1
262 275 1
262 315 1
262 318 1
262 323 1
262 324 1
263 169 1
263 181 1
263 186 1
263 201 1
263 240 1
263 244 1
263 249 1
263 255 1
263 258 1
263 259 1
263 260 1
263 261 1
263 262 1
263 264 1
263 267 1
263 270 1
263 282 1
263 319 1
263 321 1
263 325 1
263 326 1
264 169 1
264 181 1
264 186 1
264 201 1
264 205 1
264 240 1
264 244 1
264 255 1
264 258 1
264 259 1
264 260 1
264 261 1
264 262 1
264 263 1
264 277 1
264 283 1
264 297 1
264 320 1
264 324 1
264 325 1
264 327 1
264 330 1
264 331 1
264 332 1
264 333 1
265 174 1
265 187 1
265 188 1
265 208 1
265 245 1
265 246 1
265 258 1
265 266 1
265 267 1
265 268 1
265 269 1
265 270 1
265 271 1
266 187 1
266 189 1
266 203 1
266 209 1
266 221 1
266 245 1
266 258 1
266 260 1
266 265 1
266 267 1
266 268 1
266 279 1
266 280 1
266 281 1
266 282 1
266 283 1
266 284 1
266 285 1
267 187 1
267 245 1
267 249 1
267 258 1
267 263 1
267 265 1
267 266 1
267 270 1
267 282 1
267 319 1
267 321 1
267 325 1
267 326 1
268 174 1
268 188 1
268 189 1
268 203 1
268 208 1
268 209 1
268 221 1
268 246 1
268 260 1
268 265 1
268 266 1
268 269 1
268 270 1
268 271 1
268 279 1
268 280 1
268 281 1
268 282 1
268 283 1
268 284 1
268 285 1
269 174 1
269 175 1
269 188 1
269 208 1
269 246 1
269 248 1
269 265 1
269 268 1
269 270 1
269 271 1
269 317 1
269 321 1
269 322 1
270 174 1
270 188 1
270 208 1
270 246 1
270 249 1
270 263 1
270 265 1
270 267 1
270 268 1
270 269 1
270 271 1
270 282 1
270 319 1
270 321 1
270 325 1
270 326 1
271 174 1
271 188 1
271 208 1
271 211 1
271 246 1
271 265 1
271 268 1
271 269 1
271 270 1
271 284 1
271 305 1
271 322 1
271 326 1
271 330 1
271 334 1
271 335 1
272 182 1
272 194 1
272 195 1
272 202 1
272 214 1
272 215 1
272 227 1
272 251 1
272 256 1
272 259 1
272 273 1
272 274 1
272 275 1
272 276 1
272 277 1
272 278 1
272 286 1
272 287 1
272 288 1
272 289 1
272 290 1
273 182 1
273 194 1
273 202 1
273 214 1
273 216 1
273 251 1
273 256 1
273 259 1
273 272 1
273 274 1
273 275 1
273 276 1
273 277 1
273 278 1
273 286 1
273 291 1
273 292 1
273 293 1
274 182 1
274 194 1
274 202 1
274 204 1
274 214 1
274 217 1
274 222 1
274 231 1
274 251 1
274 256 1
274 259 1
274 272 1
274 273 1
274 275 1
274 276 1
274 277 1
274 278 1
274 279 1
274 291 1
274 294 1
274 295 1
274 296 1
274 297 1
274 298 1
274 299 1
274 300 1
275 182 1
275 194 1
275 202 1
275 214 1
275 243 1
275 251 1
275 253 1
275 256 1
275 257 1
275 259 1
275 262 1
275 272 1
275 273 1
275 274 1
275 276 1
275 277 1
275 278 1
275 315 1
275 318 1
275 323 1
275 324 1
276 182 1
276 194 1
276 196 1
276 202 1
276 214 1
276 251 1
276 254 1
276 256 1
276 259 1
276 272 1
276 273 1
276 274 1
276 275 1
276 277 1
276 278 1
276 288 1
276 316 1
276 323 1
276 327 1
276 328 1
276 329 1
277 182 1
277 194 1
277 202 1
277 205 1
277 214 1
277 251 1
277 256 1
277 259 1
277 264 1
277 272 1
277 273 1
277 274 1
277 275 1
277 276 1
277 278 1
277 283 1
277 297 1
277 320 1
277 324 1
277 325 1
277 327 1
277 330 1
277 331 1
277 332 1
277 333 1
278 182 1
278 194 1
278 202 1
278 214 1
278 251 1
278 256 1
278 259 1
278 272 1
278 273 1
278 274 1
278 275 1
278 276 1
278 277 1
278 289 1
278 293 1
278 298 1
278 308 1
278 328 1
278 331 1
278 336 1
278 337 1
279 189 1
279 203 1
279 204 1
279 209 1
279 217 1
279 221 1
279 222 1
279 231 1
279 260 1
279 266 1
279 268 1
279 274 1
279 280 1
279 281 1
279 282 1
279 283 1
279 284 1
279 285 1
279 291 1
279 294 1
279 295 1
279 296 1
279 297 1
279 298 1
279 299 1
279 300 1
280 189 1
280 203 1
280 209 1
280 221 1
280 223 1
280 260 1
280 266 1
280 268 1
280 279 1
280 281 1
280 282 1
280 283 1
280 284 1
280 285 1
280 294 1
280 301 1
280 302 1
280 303 1
281 189 1
281 203 1
281 209 1
281 210 1
281 221 1
281 224 1
281 235 1
281 260 1
281 266 1
281 268 1
281 279 1
281 280 1
281 282 1
281 283 1
281 284 1
281 285 1
281 301 1
281 304 1
281 305 1
281 306 1
281 307 1
282 189 1
282 203 1
282 209 1
282 221 1
282 249 1
282 260 1
282 263 1
282 266 1
282 267 1
282 268 1
282 270 1
282 279 1
282 280 1
282 281 1
282 283 1
282 284 1
282 285 1
282 319 1
282 321 1
282 325 1
282 326 1
283 189 1
283 203 1
283 205 1
283 209 1
283 221 1
283 260 1
283 264 1
283 266 1
283 268 1
283 277 1
283 279 1
283 280 1
283 281 1
283 282 1
283 284 1
283 285 1
283 297 1
283 320 1
283 324 1
283 325 1
283 327 1
283 330 1
283 331 1
283 332 1
283 333 1
284 189 1
284 203 1
284 209 1
284 211 1
284 221 1
284 260 1
284 266 1
284 268 1
284 271 1
284 279 1
284 280 1
284 281 1
284 282 1
284 283 1
284 285 1
284 305 1
284 322 1
284 326 1
284 330 1
284 334 1
284 335 1
285 189 1
285 203 1
285 209 1
285 221 1
285 260 1
285 266 1
285 268 1
285 279 1
285 280 1
285 281 1
285 282 1
285 283 1
285 284 1
285 299 1
285 303 1
285 306 1
285 311 1
285 332 1
285 334 1
285 338 1
285 339 1
286 195 1
286 215 1
286 216 1
286 227 1
286 272 1
286 273 1
286 287 1
286 288 1
286 289 1
286 290 1
286 291 1
286 292 1
286 293 1
287 195 1
287 215 1
287 218 1
287 227 1
287 228 1
287 232 1
287 272 1
287 286 1
287 288 1
287 289 1
287 290 1
287 292 1
287 295 1
287 308 1
287 309 1
287 310 1
288 195 1
288 196 1
288 215 1
288 227 1
288 254 1
288 272 1
288 276 1
288 286 1
288 287 1
288 289 1
288 290 1
288 316 1
288 323 1
288 327 1
288 328 1
288 329 1
289 195 1
289 215 1
289 227 1
289 272 1
289 278 1
289 286 1
289 287 1
289 288 1
289 290 1
289 293 1
289 298 1
289 308 1
289 328 1
289 331 1
289 336 1
289 337 1
290 195 1
290 215 1
290 227 1
290 229 1
290 272 1
290 286 1
290 287 1
290 288 1
290 289 1
290 309 1
290 329 1
290 336 1
290 340 1
291 204 1
291 216 1
291 217 1
291 222 1
291 231 1
291 273 1
291 274 1
291 279 1
291 286 1
291 292 1
291 293 1
291 294 1
291 295 1
291 296 1
291 297 1
291 298 1
291 299 1
291 300 1
292 216 1
292 218 1
292 228 1
292 232 1
292 273 1
292 286 1
292 287 1
292 291 1
292 293 1
292 295 1
292 308 1
292 309 1
292 310 1
293 216 1
293 273 1
293 278 1
293 286 1
293 289 1
293 291 1
293 292 1
293 298 1
293 308 1
293 328 1
293 331 1
293 336 1
293 337 1
294 204 1
294 217 1
294 222 1
294 223 1
294 231 1
294 274 1
294 279 1
294 280 1
294 291 1
294 295 1
294 296 1
294 297 1
294 298 1
294 299 1
294 300 1
294 301 1
294 302 1
294 303 1
295 204 1
295 217 1
295 218 1
295 222 1
295 228 1
295 231 1
295 232 1
295 274 1
295 279 1
295 287 1
295 291 1
295 292 1
295 294 1
295 296 1
295 297 1
295 298 1
295 299 1
295 300 1
295 308 1
295 309 1
295 310 1
296 204 1
296 217 1
296 222 1
296 225 1
296 231 1
296 233 1
296 236 1
296 274 1
296 279 1
296 291 1
296 294 1
296 295 1
296 297 1
296 298 1
296 299 1
296 300 1
296 302 1
296 304 1
296 311 1
296 312 1
296 313 1
297 204 1
297 205 1
297 217 1
297 222 1
297 231 1
297 264 1
297 274 1
297 277 1
297 279 1
297 283 1
297 291 1
297 294 1
297 295 1
297 296 1
297 298 1
297 299 1
297 300 1
297 320 1
297 324 1
297 325 1
297 327 1
297 330 1
297 331 1
297 332 1
297 333 1
298 204 1
298 217 1
298 222 1
298 231 1
298 274 1
298 278 1
298 279 1
298 289 1
298 291 1
298 293 1
298 294 1
298 295 1
298 296 1
298 297 1
298 299 1
298 300 1
298 308 1
298 328 1
298 331 1
298 336 1
298 337 1
299 204 1
299 217 1
299 222 1
299 231 1
299 274 1
299 279 1
299 285 1
299 291 1
299 294 1
299 295 1
299 296 1
299 297 1
299 298 1
299 300 1
299 303 1
299 306 1
299 311 1
299 332 1
299 334 1
299 338 1
299 339 1
300 204 1
300 217 1
300 222 1
300 231 1
300 234 1
300 274 1
300 279 1
300 291 1
300 294 1
300 295 1
300 296 1
300 297 1
300 298 1
300 299 1
300 310 1
300 312 1
300 333 1
300 337 1
300 338 1
300 340 1
300 341 1
301 210 1
301 223 1
301 224 1
301 235 1
301 280 1
301 281 1
301 294 1
301 302 1
301 303 1
301 304 1
301 305 1
301 306 1
301 307 1
302 223 1
302 225 1
302 233 1
302 236 1
302 280 1
302 294 1
302 296 1
302 301 1
302 303 1
302 304 1
302 311 1
302 312 1
302 313 1
303 223 1
303 280 1
303 285 1
303 294 1
303 299 1
303 301 1
303 302 1
303 306 1
303 311 1
303 332 1
303 334 1
303 338 1
303 339 1
304 210 1
304 224 1
304 225 1
304 233 1
304 235 1
304 236 1
304 281 1
304 296 1
304 301 1
304 302 1
304 305 1
304 306 1
304 307 1
304 311 1
304 312 1
304 313 1
305 210 1
305 211 1
305 224 1
305 235 1
305 271 1
305 281 1
305 284 1
305 301 1
305 304 1
305 306 1
305 307 1
305 322 1
305 326 1
305 330 1
305 334 1
305 335 1
306 210 1
306 224 1
306 235 1
306 281 1
306 285 1
306 299 1
306 301 1
306 303 1
306 304 1
306 305 1
306 307 1
306 311 1
306 332 1
306 334 1
306 338 1
306 339 1
307 210 1
307 224 1
307 235 1
307 237 1
307 281 1
307 301 1
307 304 1
307 305 1
307 306 1
307 313 1
307 335 1
307 339 1
307 341 1
308 218 1
308 228 1
308 232 1
308 278 1
308 287 1
308 289 1
308 292 1
308 293 1
308 295 1
308 298 1
308 309 1
308 310 1
308 328 1
308 331 1
308 336 1
308 337 1
309 218 1
309 228 1
309 229 1
309 232 1
309 287 1
309 290 1
309 292 1
309 295 1
309 308 1
309 310 1
309 329 1
309 336 1
309 340 1
310 218 1
310 228 1
310 232 1
310 234 1
310 287 1
310 292 1
310 295 1
310 300 1
310 308 1
310 309 1
310 312 1
310 333 1
310 337 1
310 338 1
310 340 1
310 341 1
311 225 1
311 233 1
311 236 1
311 285 1
311 296 1
311 299 1
311 302 1
311 303 1
311 304 1
311 306 1
311 312 1
311 313 1
311 332 1
311 334 1
311 338 1
311 339 1
312 225 1
312 233 1
312 234 1
312 236 1
312 296 1
312 300 1
312 302 1
312 304 1
312 310 1
312 311 1
312 313 1
312 333 1
312 337 1
312 338 1
312 340 1
312 341 1
313 225 1
313 233 1
313 236 1
313 237 1
313 296 1
313 302 1
313 304 1
313 307 1
313 311 1
313 312 1
313 335 1
313 339 1
313 341 1
314 162 1
314 170 1
314 241 1
314 242 1
314 247 1
314 252 1
314 261 1
314 315 1
314 316 1
314 317 1
314 318 1
314 319 1
314 320 1
315 162 1
315 241 1
315 243 1
315 252 1
315 253 1
315 257 1
315 262 1
315 275 1
315 314 1
315 316 1
315 318 1
315 323 1
315 324 1
316 162 1
316 196 1
316 241 1
316 252 1
316 254 1
316 276 1
316 288 1
316 314 1
316 315 1
316 323 1
316 327 1
316 328 1
316 329 1
317 170 1
317 175 1
317 242 1
317 247 1
317 248 1
317 261 1
317 269 1
317 314 1
317 318 1
317 319 1
317 320 1
317 321 1
317 322 1
318 170 1
318 242 1
318 243 1
318 247 1
318 253 1
318 257 1
318 261 1
318 262 1
318 275 1
318 314 1
318 315 1
318 317 1
318 319 1
318 320 1
318 323 1
318 324 1
319 170 1
319 242 1
319 247 1
319 249 1
319 261 1
319 263 1
319 267 1
319 270 1
319 282 1
319 314 1
319 317 1
319 318 1
319 320 1
319 321 1
319 325 1
319 326 1
320 170 1
320 205 1
320 242 1
320 247 1
320 261 1
320 264 1
320 277 1
320 283 1
320 297 1
320 314 1
320 317 1
320 318 1
320 319 1
320 324 1
320 325 1
320 327 1
320 330 1
320 331 1
320 332 1
320 333 1
321 175 1
321 248 1
321 249 1
321 263 1
321 267 1
321 269 1
321 270 1
321 282 1
321 317 1
321 319 1
321 322 1
321 325 1
321 326 1
322 175 1
322 211 1
322 248 1
322 269 1
322 271 1
322 284 1
322 305 1
322 317 1
322 321 1
322 326 1
322 330 1
322 334 1
322 335 1
323 196 1
323 243 1
323 253 1
323 254 1
323 257 1
323 262 1
323 275 1
323 276 1
323 288 1
323 315 1
323 316 1
323 318 1
323 324 1
323 327 1
323 328 1
323 329 1
324 205 1
324 243 1
324 253 1
324 257 1
324 262 1
324 264 1
324 275 1
324 277 1
324 283 1
324 297 1
324 315 1
324 318 1
324 320 1
324 323 1
324 325 1
324 327 1
324 330 1
324 331 1
324 332 1
324 333 1
325 205 1
325 249 1
325 263 1
325 264 1
325 267 1
325 270 1
325 277 1
325 282 1
325 283 1
325 297 1
325 319 1
325 320 1
325 321 1
325 324 1
325 326 1
325 327 1
325 330 1
325 331 1
325 332 1
325 333 1
326 211 1
326 249 1
326 263 1
326 267 1
326 270 1
326 271 1
326 282 1
326 284 1
326 305 1
326 319 1
326 321 1
326 322 1
326 325 1
326 330 1
326 334 1
326 335 1
327 196 1
327 205 1
327 254 1
327 264 1
327 276 1
327 277 1
327 283 1
327 288 1
327 297 1
327 316 1
327 320 1
327 323 1
327 324 1
327 325 1
327 328 1
327 329 1
327 330 1
327 331 1
327 332 1
327 333 1
328 196 1
328 254 1
328 276 1
328 278 1
328 288 1
328 289 1
328 293 1
328 298 1
328 308 1
328 316 1
328 323 1
328 327 1
328 329 1
328 331 1
328 336 1
328 337 1
329 196 1
329 229 1
329 254 1
329 276 1
329 288 1
329 290 1
329 309 1
329 316 1
329 323 1
329 327 1
329 328 1
329 336 1
329 340 1
330 205 1
330 211 1
330 264 1
330 271 1
330 277 1
330 283 1
330 284 1
330 297 1
330 305 1
330 320 1
330 322 1
330 324 1
330 325 1
330 326 1
330 327 1
330 331 1
330 332 1
330 333 1
330 334 1
330 335 1
331 205 1
331 264 1
331 277 1
331 278 1
331 283 1
331 289 1
331 293 1
331 297 1
331 298 1
331 308 1
331 320 1
331 324 1
331 325 1
331 327 1
331 328 1
331 330 1
331 332 1
331 333 1
331 336 1
331 337 1
332 205 1
332 264 1
332 277 1
332 283 1
332 285 1
332 297 1
332 299 1
332 303 1
332 306 1
332 311 1
332 320 1
332 324 1
332 325 1
332 327 1
332 330 1
332 331 1
332 333 1
332 334 1
332 338 1
332 339 1
333 205 1
333 234 1
333 264 1
333 277 1
333 283 1
333 297 1
333 300 1
333 310 1
333 312 1
333 320 1
333 324 1
333 325 1
333 327 1
333 330 1
333 331 1
333 332 1
333 337 1
333 338 1
333 340 1
333 341 1
334 211 1
334 271 1
334 284 1
334 285 1
334 299 1
334 303 1
334 305 1
334 306 1
334 311 1
334 322 1
334 326 1
334 330 1
334 332 1
334 335 1
334 338 1
334 339 1
335 211 1
335 237 1
335 271 1
335 284 1
335 305 1
335 307 1
335 313 1
335 322 1
335 326 1
335 330 1
335 334 1
335 339 1
335 341 1
336 229 1
336 278 1
336 289 1
336 290 1
336 293 1
336 298 1
336 308 1
336 309 1
336 328 1
336 329 1
336 331 1
336 337 1
336 340 1
337 234 1
337 278 1
337 289 1
337 293 1
337 298 1
337 300 1
337 308 1
337 310 1
337 312 1
337 328 1
337 331 1
337 333 1
337 336 1
337 338 1
337 340 1
337 341 1
338 234 1
338 285 1
338 299 1
338 300 1
338 303 1
338 306 1
338 310 1
338 311 1
338 312 1
338 332 1
338 333 1
338 334 1
338 337 1
338 339 1
338 340 1
338 341 1
339 237 1
339 285 1
339 299 1
339 303 1
339 306 1
339 307 1
339 311 1
339 313 1
339 332 1
339 334 1
339 335 1
339 338 1
339 341 1
340 229 1
340 234 1
340 290 1
340 300 1
340 309 1
340 310 1
340 312 1
340 329 1
340 333 1
340 336 1
340 337 1
340 338 1
340 341 1
341 234 1
341 237 1
341 300 1
341 307 1
341 310 1
341 312 1
341 313 1
341 333 1
341 335 1
341 337 1
341 338 1
341 339 1
341 340 1
