0 1 1
0 11 1
0 12 1
0 13 1
1 0 1
1 3 1
1 18 1
1 19 1
2 3 1
2 4 1
2 30 1
2 31 1
2 32 1
3 1 1
3 2 1
3 4 1
3 12 1
3 35 1
3 36 1
3 37 1
4 2 1
4 3 1
4 5 1
4 6 1
4 38 1
4 39 1
5 4 1
5 6 1
5 31 1
5 62 1
5 63 1
6 4 1
6 5 1
6 7 1
6 35 1
6 132 1
6 133 1
6 134 1
7 6 1
7 8 1
7 139 1
7 140 1
8 7 1
8 133 1
8 156 1
8 157 1
9 10 1
9 23 1
9 24 1
9 25 1
10 9 1
10 15 1
10 27 1
10 28 1
11 0 1
11 12 1
11 13 1
11 14 1
11 33 1
11 34 1
12 0 1
12 3 1
12 11 1
12 13 1
12 35 1
12 36 1
12 37 1
13 0 1
13 11 1
13 12 1
13 16 1
13 17 1
13 18 1
13 20 1
13 42 1
14 11 1
14 15 1
14 16 1
14 43 1
14 44 1
14 45 1
15 10 1
15 14 1
15 16 1
15 24 1
15 48 1
15 49 1
15 50 1
16 13 1
16 14 1
16 15 1
16 17 1
16 18 1
16 20 1
16 51 1
16 52 1
17 13 1
17 16 1
17 18 1
17 20 1
17 33 1
17 44 1
17 76 1
17 77 1
17 78 1
18 1 1
18 13 1
18 16 1
18 17 1
18 19 1
18 20 1
18 37 1
18 137 1
18 138 1
19 1 1
19 18 1
19 21 1
19 22 1
19 141 1
20 13 1
20 16 1
20 17 1
20 18 1
20 21 1
20 48 1
20 142 1
20 143 1
20 144 1
21 19 1
21 20 1
21 22 1
21 149 1
21 150 1
22 19 1
22 21 1
22 137 1
22 143 1
22 168 1
22 169 1
22 170 1
23 9 1
23 24 1
23 25 1
23 46 1
23 47 1
24 9 1
24 15 1
24 23 1
24 25 1
24 48 1
24 49 1
24 50 1
25 9 1
25 23 1
25 24 1
25 26 1
25 27 1
25 55 1
26 25 1
26 27 1
26 46 1
26 88 1
26 89 1
27 10 1
27 25 1
27 26 1
27 28 1
27 50 1
27 147 1
27 148 1
28 10 1
28 27 1
28 29 1
28 151 1
29 28 1
29 147 1
29 178 1
29 179 1
30 2 1
30 31 1
30 32 1
30 56 1
30 57 1
31 2 1
31 5 1
31 30 1
31 32 1
31 35 1
31 62 1
31 63 1
32 2 1
32 30 1
32 31 1
32 34 1
32 39 1
32 41 1
32 42 1
32 64 1
32 65 1
33 11 1
33 17 1
33 34 1
33 37 1
33 40 1
33 44 1
33 76 1
33 77 1
33 78 1
34 11 1
34 32 1
34 33 1
34 39 1
34 41 1
34 42 1
34 57 1
34 79 1
34 80 1
35 3 1
35 6 1
35 12 1
35 31 1
35 36 1
35 37 1
35 132 1
35 133 1
35 134 1
36 3 1
36 12 1
36 35 1
36 37 1
36 38 1
36 135 1
36 136 1
37 3 1
37 12 1
37 18 1
37 33 1
37 35 1
37 36 1
37 40 1
37 137 1
37 138 1
38 4 1
38 36 1
38 39 1
38 132 1
38 152 1
38 153 1
39 4 1
39 32 1
39 34 1
39 38 1
39 41 1
39 42 1
39 62 1
39 154 1
39 155 1
40 33 1
40 37 1
40 41 1
40 135 1
40 159 1
40 160 1
41 32 1
41 34 1
41 39 1
41 40 1
41 42 1
41 152 1
41 161 1
42 13 1
42 32 1
42 34 1
42 39 1
42 41 1
42 76 1
42 159 1
42 164 1
42 165 1
43 14 1
43 44 1
43 45 1
43 67 1
43 68 1
44 14 1
44 17 1
44 33 1
44 43 1
44 45 1
44 48 1
44 76 1
44 77 1
44 78 1
45 14 1
45 43 1
45 44 1
45 47 1
45 52 1
45 54 1
45 55 1
45 81 1
45 82 1
46 23 1
46 26 1
46 47 1
46 50 1
46 53 1
46 88 1
46 89 1
47 23 1
47 45 1
47 46 1
47 52 1
47 54 1
47 55 1
47 68 1
47 90 1
47 91 1
48 15 1
48 20 1
48 24 1
48 44 1
48 49 1
48 50 1
48 142 1
48 143 1
48 144 1
49 15 1
49 24 1
49 48 1
49 50 1
49 51 1
49 145 1
49 146 1
50 15 1
50 24 1
50 27 1
50 46 1
50 48 1
50 49 1
50 53 1
50 147 1
50 148 1
51 16 1
51 49 1
51 52 1
51 142 1
51 162 1
51 163 1
52 16 1
52 45 1
52 47 1
52 51 1
52 54 1
52 55 1
52 77 1
52 166 1
52 167 1
53 46 1
53 50 1
53 54 1
53 145 1
53 173 1
53 174 1
54 45 1
54 47 1
54 52 1
54 53 1
54 55 1
54 162 1
54 175 1
55 25 1
55 45 1
55 47 1
55 52 1
55 54 1
55 88 1
55 173 1
55 176 1
55 177 1
56 30 1
56 57 1
56 69 1
56 70 1
56 71 1
57 30 1
57 34 1
57 56 1
57 59 1
57 62 1
57 79 1
57 80 1
58 59 1
58 60 1
58 93 1
58 94 1
58 95 1
59 57 1
59 58 1
59 60 1
59 62 1
59 70 1
59 98 1
59 99 1
59 100 1
60 58 1
60 59 1
60 61 1
60 64 1
60 101 1
60 102 1
61 60 1
61 64 1
61 94 1
61 120 1
61 121 1
62 5 1
62 31 1
62 39 1
62 57 1
62 59 1
62 63 1
62 154 1
62 155 1
63 5 1
63 31 1
63 62 1
63 65 1
63 66 1
64 32 1
64 60 1
64 61 1
64 65 1
64 98 1
64 181 1
64 182 1
64 183 1
65 32 1
65 63 1
65 64 1
65 66 1
65 155 1
65 190 1
65 191 1
66 63 1
66 65 1
66 182 1
66 209 1
66 210 1
67 43 1
67 68 1
67 84 1
67 85 1
67 86 1
68 43 1
68 47 1
68 67 1
68 73 1
68 77 1
68 90 1
68 91 1
69 56 1
69 70 1
69 71 1
69 72 1
69 96 1
69 97 1
70 56 1
70 59 1
70 69 1
70 71 1
70 76 1
70 98 1
70 99 1
70 100 1
71 56 1
71 69 1
71 70 1
71 74 1
71 75 1
71 79 1
71 81 1
71 105 1
72 69 1
72 73 1
72 74 1
72 106 1
72 107 1
72 108 1
73 68 1
73 72 1
73 74 1
73 77 1
73 85 1
73 111 1
73 112 1
73 113 1
74 71 1
74 72 1
74 73 1
74 75 1
74 79 1
74 81 1
74 114 1
74 115 1
75 71 1
75 74 1
75 79 1
75 81 1
75 96 1
75 107 1
75 124 1
75 125 1
75 126 1
76 17 1
76 33 1
76 42 1
76 44 1
76 70 1
76 77 1
76 78 1
76 159 1
76 164 1
76 165 1
77 17 1
77 33 1
77 44 1
77 52 1
77 68 1
77 73 1
77 76 1
77 78 1
77 166 1
77 167 1
78 17 1
78 33 1
78 44 1
78 76 1
78 77 1
78 80 1
78 82 1
78 83 1
79 34 1
79 57 1
79 71 1
79 74 1
79 75 1
79 80 1
79 81 1
79 100 1
79 186 1
79 187 1
80 34 1
80 57 1
80 78 1
80 79 1
80 82 1
80 83 1
80 165 1
80 192 1
81 45 1
81 71 1
81 74 1
81 75 1
81 79 1
81 82 1
81 111 1
81 193 1
81 194 1
81 195 1
82 45 1
82 78 1
82 80 1
82 81 1
82 83 1
82 167 1
82 202 1
82 203 1
83 78 1
83 80 1
83 82 1
83 186 1
83 194 1
83 221 1
83 222 1
83 223 1
84 67 1
84 85 1
84 86 1
84 109 1
84 110 1
85 67 1
85 73 1
85 84 1
85 86 1
85 88 1
85 111 1
85 112 1
85 113 1
86 67 1
86 84 1
86 85 1
86 87 1
86 90 1
86 118 1
87 86 1
87 90 1
87 109 1
87 129 1
87 130 1
88 26 1
88 46 1
88 55 1
88 85 1
88 89 1
88 173 1
88 176 1
88 177 1
89 26 1
89 46 1
89 88 1
89 91 1
89 92 1
90 47 1
90 68 1
90 86 1
90 87 1
90 91 1
90 113 1
90 198 1
90 199 1
91 47 1
91 68 1
91 89 1
91 90 1
91 92 1
91 177 1
91 204 1
92 89 1
92 91 1
92 198 1
92 231 1
92 232 1
93 58 1
93 94 1
93 95 1
93 119 1
94 58 1
94 61 1
94 93 1
94 95 1
94 98 1
94 120 1
94 121 1
95 58 1
95 93 1
95 94 1
95 97 1
95 102 1
95 104 1
95 105 1
95 122 1
96 69 1
96 75 1
96 97 1
96 100 1
96 103 1
96 107 1
96 124 1
96 125 1
96 126 1
97 69 1
97 95 1
97 96 1
97 102 1
97 104 1
97 105 1
97 119 1
97 127 1
98 59 1
98 64 1
98 70 1
98 94 1
98 99 1
98 100 1
98 181 1
98 182 1
98 183 1
99 59 1
99 70 1
99 98 1
99 100 1
99 101 1
99 184 1
99 185 1
100 59 1
100 70 1
100 79 1
100 96 1
100 98 1
100 99 1
100 103 1
100 186 1
100 187 1
101 60 1
101 99 1
101 102 1
101 181 1
101 205 1
101 206 1
102 60 1
102 95 1
102 97 1
102 101 1
102 104 1
102 105 1
102 120 1
102 207 1
102 208 1
103 96 1
103 100 1
103 104 1
103 184 1
103 212 1
103 213 1
104 95 1
104 97 1
104 102 1
104 103 1
104 105 1
104 205 1
104 214 1
105 71 1
105 95 1
105 97 1
105 102 1
105 104 1
105 124 1
105 212 1
105 217 1
105 218 1
106 72 1
106 107 1
106 108 1
106 123 1
107 72 1
107 75 1
107 96 1
107 106 1
107 108 1
107 111 1
107 124 1
107 125 1
107 126 1
108 72 1
108 106 1
108 107 1
108 110 1
108 115 1
108 117 1
108 118 1
108 128 1
109 84 1
109 87 1
109 110 1
109 113 1
109 116 1
109 129 1
109 130 1
110 84 1
110 108 1
110 109 1
110 115 1
110 117 1
110 118 1
110 123 1
110 131 1
111 73 1
111 81 1
111 85 1
111 107 1
111 112 1
111 113 1
111 193 1
111 194 1
111 195 1
112 73 1
112 85 1
112 111 1
112 113 1
112 114 1
112 196 1
112 197 1
113 73 1
113 85 1
113 90 1
113 109 1
113 111 1
113 112 1
113 116 1
113 198 1
113 199 1
114 74 1
114 112 1
114 115 1
114 193 1
114 215 1
114 216 1
115 74 1
115 108 1
115 110 1
115 114 1
115 117 1
115 118 1
115 125 1
115 219 1
115 220 1
116 109 1
116 113 1
116 117 1
116 196 1
116 226 1
116 227 1
117 108 1
117 110 1
117 115 1
117 116 1
117 118 1
117 215 1
117 228 1
118 86 1
118 108 1
118 110 1
118 115 1
118 117 1
118 129 1
118 226 1
118 229 1
118 230 1
119 93 1
119 97 1
119 120 1
119 127 1
120 61 1
120 94 1
120 102 1
120 119 1
120 121 1
120 207 1
120 208 1
121 61 1
121 94 1
121 120 1
121 122 1
122 95 1
122 121 1
122 208 1
122 236 1
123 106 1
123 110 1
123 125 1
123 131 1
124 75 1
124 96 1
124 105 1
124 107 1
124 125 1
124 126 1
124 212 1
124 217 1
124 218 1
125 75 1
125 96 1
125 107 1
125 115 1
125 123 1
125 124 1
125 126 1
125 219 1
125 220 1
126 75 1
126 96 1
126 107 1
126 124 1
126 125 1
126 127 1
126 128 1
127 97 1
127 119 1
127 126 1
127 128 1
127 218 1
128 108 1
128 126 1
128 127 1
128 220 1
128 239 1
129 87 1
129 109 1
129 118 1
129 130 1
129 226 1
129 229 1
129 230 1
130 87 1
130 109 1
130 129 1
130 131 1
131 110 1
131 123 1
131 130 1
131 230 1
132 6 1
132 35 1
132 38 1
132 133 1
132 134 1
132 152 1
132 153 1
133 6 1
133 8 1
133 35 1
133 132 1
133 134 1
133 156 1
133 157 1
134 6 1
134 35 1
134 132 1
134 133 1
134 136 1
134 138 1
134 140 1
134 141 1
134 158 1
135 36 1
135 40 1
135 136 1
135 159 1
135 160 1
136 36 1
136 134 1
136 135 1
136 138 1
136 140 1
136 141 1
136 153 1
137 18 1
137 22 1
137 37 1
137 138 1
137 139 1
137 143 1
137 168 1
137 169 1
137 170 1
138 18 1
138 37 1
138 134 1
138 136 1
138 137 1
138 140 1
138 141 1
138 160 1
138 171 1
139 7 1
139 137 1
139 140 1
139 240 1
139 241 1
140 7 1
140 134 1
140 136 1
140 138 1
140 139 1
140 141 1
140 156 1
140 242 1
140 243 1
140 244 1
141 19 1
141 134 1
141 136 1
141 138 1
141 140 1
141 168 1
141 240 1
141 251 1
141 252 1
141 253 1
142 20 1
142 48 1
142 51 1
142 143 1
142 144 1
142 162 1
142 163 1
143 20 1
143 22 1
143 48 1
143 137 1
143 142 1
143 144 1
143 168 1
143 169 1
143 170 1
144 20 1
144 48 1
144 142 1
144 143 1
144 146 1
144 148 1
144 150 1
144 151 1
144 172 1
145 49 1
145 53 1
145 146 1
145 173 1
145 174 1
146 49 1
146 144 1
146 145 1
146 148 1
146 150 1
146 151 1
146 163 1
147 27 1
147 29 1
147 50 1
147 148 1
147 149 1
147 178 1
147 179 1
148 27 1
148 50 1
148 144 1
148 146 1
148 147 1
148 150 1
148 151 1
148 174 1
148 180 1
149 21 1
149 147 1
149 150 1
149 249 1
149 250 1
150 21 1
150 144 1
150 146 1
150 148 1
150 149 1
150 151 1
150 169 1
150 254 1
150 255 1
150 256 1
151 28 1
151 144 1
151 146 1
151 148 1
151 150 1
151 178 1
151 249 1
151 263 1
151 264 1
151 265 1
152 38 1
152 41 1
152 132 1
152 153 1
152 161 1
153 38 1
153 132 1
153 136 1
153 152 1
153 154 1
153 156 1
154 39 1
154 62 1
154 153 1
154 155 1
154 156 1
154 161 1
154 164 1
154 188 1
154 189 1
155 39 1
155 62 1
155 65 1
155 154 1
155 157 1
155 158 1
155 190 1
155 191 1
156 8 1
156 133 1
156 140 1
156 153 1
156 154 1
156 157 1
156 242 1
156 243 1
156 244 1
157 8 1
157 133 1
157 155 1
157 156 1
157 158 1
157 245 1
158 134 1
158 155 1
158 157 1
158 188 1
158 242 1
158 270 1
158 271 1
158 272 1
159 40 1
159 42 1
159 76 1
159 135 1
159 160 1
159 164 1
159 165 1
160 40 1
160 135 1
160 138 1
160 159 1
160 161 1
160 171 1
161 41 1
161 152 1
161 154 1
161 160 1
161 164 1
161 188 1
161 189 1
162 51 1
162 54 1
162 142 1
162 163 1
162 175 1
163 51 1
163 142 1
163 146 1
163 162 1
163 166 1
163 169 1
164 42 1
164 76 1
164 154 1
164 159 1
164 161 1
164 165 1
164 168 1
164 188 1
164 189 1
165 42 1
165 76 1
165 80 1
165 159 1
165 164 1
165 167 1
165 170 1
165 171 1
165 172 1
165 192 1
166 52 1
166 77 1
166 163 1
166 167 1
166 169 1
166 175 1
166 176 1
166 200 1
166 201 1
167 52 1
167 77 1
167 82 1
167 165 1
167 166 1
167 170 1
167 171 1
167 172 1
167 202 1
167 203 1
168 22 1
168 137 1
168 141 1
168 143 1
168 164 1
168 169 1
168 170 1
168 240 1
168 251 1
168 252 1
168 253 1
169 22 1
169 137 1
169 143 1
169 150 1
169 163 1
169 166 1
169 168 1
169 170 1
169 254 1
169 255 1
169 256 1
170 22 1
170 137 1
170 143 1
170 165 1
170 167 1
170 168 1
170 169 1
170 171 1
170 172 1
170 257 1
171 138 1
171 160 1
171 165 1
171 167 1
171 170 1
171 172 1
171 189 1
171 251 1
171 273 1
171 274 1
172 144 1
172 165 1
172 167 1
172 170 1
172 171 1
172 200 1
172 254 1
172 283 1
172 284 1
172 285 1
173 53 1
173 55 1
173 88 1
173 145 1
173 174 1
173 176 1
173 177 1
174 53 1
174 145 1
174 148 1
174 173 1
174 175 1
174 180 1
175 54 1
175 162 1
175 166 1
175 174 1
175 176 1
175 200 1
175 201 1
176 55 1
176 88 1
176 166 1
176 173 1
176 175 1
176 177 1
176 178 1
176 200 1
176 201 1
177 55 1
177 88 1
177 91 1
177 173 1
177 176 1
177 179 1
177 180 1
177 204 1
178 29 1
178 147 1
178 151 1
178 176 1
178 179 1
178 249 1
178 263 1
178 264 1
178 265 1
179 29 1
179 147 1
179 177 1
179 178 1
179 180 1
179 266 1
180 148 1
180 174 1
180 177 1
180 179 1
180 201 1
180 263 1
180 286 1
180 287 1
181 64 1
181 98 1
181 101 1
181 182 1
181 183 1
181 205 1
181 206 1
182 64 1
182 66 1
182 98 1
182 181 1
182 183 1
182 188 1
182 209 1
182 210 1
183 64 1
183 98 1
183 181 1
183 182 1
183 185 1
183 187 1
183 191 1
183 192 1
183 211 1
184 99 1
184 103 1
184 185 1
184 212 1
184 213 1
185 99 1
185 183 1
185 184 1
185 187 1
185 191 1
185 192 1
185 206 1
186 79 1
186 83 1
186 100 1
186 187 1
186 189 1
186 190 1
186 194 1
186 221 1
186 222 1
186 223 1
187 79 1
187 100 1
187 183 1
187 185 1
187 186 1
187 191 1
187 192 1
187 213 1
187 224 1
188 154 1
188 158 1
188 161 1
188 164 1
188 182 1
188 189 1
188 242 1
188 270 1
188 271 1
188 272 1
189 154 1
189 161 1
189 164 1
189 171 1
189 186 1
189 188 1
189 190 1
189 251 1
189 273 1
189 274 1
190 65 1
190 155 1
190 186 1
190 189 1
190 191 1
190 270 1
190 296 1
190 297 1
191 65 1
191 155 1
191 183 1
191 185 1
191 187 1
191 190 1
191 192 1
191 209 1
191 298 1
191 299 1
191 300 1
192 80 1
192 165 1
192 183 1
192 185 1
192 187 1
192 191 1
192 221 1
192 296 1
192 309 1
192 310 1
192 311 1
193 81 1
193 111 1
193 114 1
193 194 1
193 195 1
193 215 1
193 216 1
194 81 1
194 83 1
194 111 1
194 186 1
194 193 1
194 195 1
194 200 1
194 221 1
194 222 1
194 223 1
195 81 1
195 111 1
195 193 1
195 194 1
195 197 1
195 199 1
195 203 1
195 204 1
195 225 1
196 112 1
196 116 1
196 197 1
196 226 1
196 227 1
197 112 1
197 195 1
197 196 1
197 199 1
197 203 1
197 204 1
197 216 1
198 90 1
198 92 1
198 113 1
198 199 1
198 201 1
198 202 1
198 231 1
198 232 1
199 90 1
199 113 1
199 195 1
199 197 1
199 198 1
199 203 1
199 204 1
199 227 1
199 233 1
200 166 1
200 172 1
200 175 1
200 176 1
200 194 1
200 201 1
200 254 1
200 283 1
200 284 1
200 285 1
201 166 1
201 175 1
201 176 1
201 180 1
201 198 1
201 200 1
201 202 1
201 263 1
201 286 1
201 287 1
202 82 1
202 167 1
202 198 1
202 201 1
202 203 1
202 283 1
202 307 1
202 308 1
203 82 1
203 167 1
203 195 1
203 197 1
203 199 1
203 202 1
203 204 1
203 222 1
203 312 1
203 313 1
203 314 1
204 91 1
204 177 1
204 195 1
204 197 1
204 199 1
204 203 1
204 231 1
204 307 1
204 324 1
204 325 1
204 326 1
205 101 1
205 104 1
205 181 1
205 206 1
205 214 1
206 101 1
206 181 1
206 185 1
206 205 1
206 207 1
206 209 1
207 102 1
207 120 1
207 206 1
207 208 1
207 209 1
207 214 1
207 217 1
207 234 1
207 235 1
208 102 1
208 120 1
208 122 1
208 207 1
208 210 1
208 211 1
208 236 1
209 66 1
209 182 1
209 191 1
209 206 1
209 207 1
209 210 1
209 298 1
209 299 1
209 300 1
210 66 1
210 182 1
210 208 1
210 209 1
210 211 1
210 301 1
211 183 1
211 208 1
211 210 1
211 234 1
211 298 1
211 333 1
211 334 1
211 335 1
212 103 1
212 105 1
212 124 1
212 184 1
212 213 1
212 217 1
212 218 1
213 103 1
213 184 1
213 187 1
213 212 1
213 214 1
213 224 1
214 104 1
214 205 1
214 207 1
214 213 1
214 217 1
214 234 1
214 235 1
215 114 1
215 117 1
215 193 1
215 216 1
215 228 1
216 114 1
216 193 1
216 197 1
216 215 1
216 219 1
216 222 1
217 105 1
217 124 1
217 207 1
217 212 1
217 214 1
217 218 1
217 221 1
217 234 1
217 235 1
218 105 1
218 124 1
218 127 1
218 212 1
218 217 1
218 220 1
218 223 1
218 224 1
218 225 1
219 115 1
219 125 1
219 216 1
219 220 1
219 222 1
219 228 1
219 229 1
219 237 1
219 238 1
220 115 1
220 125 1
220 128 1
220 218 1
220 219 1
220 223 1
220 224 1
220 225 1
220 239 1
221 83 1
221 186 1
221 192 1
221 194 1
221 217 1
221 222 1
221 223 1
221 296 1
221 309 1
221 310 1
221 311 1
222 83 1
222 186 1
222 194 1
222 203 1
222 216 1
222 219 1
222 221 1
222 223 1
222 312 1
222 313 1
222 314 1
223 83 1
223 186 1
223 194 1
223 218 1
223 220 1
223 221 1
223 222 1
223 224 1
223 225 1
223 315 1
224 187 1
224 213 1
224 218 1
224 220 1
224 223 1
224 225 1
224 235 1
224 309 1
224 336 1
224 337 1
225 195 1
225 218 1
225 220 1
225 223 1
225 224 1
225 237 1
225 312 1
225 346 1
225 347 1
225 348 1
226 116 1
226 118 1
226 129 1
226 196 1
226 227 1
226 229 1
226 230 1
227 116 1
227 196 1
227 199 1
227 226 1
227 228 1
227 233 1
228 117 1
228 215 1
228 219 1
228 227 1
228 229 1
228 237 1
228 238 1
229 118 1
229 129 1
229 219 1
229 226 1
229 228 1
229 230 1
229 231 1
229 237 1
229 238 1
230 118 1
230 129 1
230 131 1
230 226 1
230 229 1
230 232 1
230 233 1
231 92 1
231 198 1
231 204 1
231 229 1
231 232 1
231 307 1
231 324 1
231 325 1
231 326 1
232 92 1
232 198 1
232 230 1
232 231 1
232 233 1
232 327 1
233 199 1
233 227 1
233 230 1
233 232 1
233 238 1
233 324 1
233 349 1
233 350 1
234 207 1
234 211 1
234 214 1
234 217 1
234 235 1
234 298 1
234 333 1
234 334 1
234 335 1
235 207 1
235 214 1
235 217 1
235 224 1
235 234 1
235 236 1
235 309 1
235 336 1
235 337 1
236 122 1
236 208 1
236 235 1
236 333 1
236 359 1
237 219 1
237 225 1
237 228 1
237 229 1
237 238 1
237 312 1
237 346 1
237 347 1
237 348 1
238 219 1
238 228 1
238 229 1
238 233 1
238 237 1
238 239 1
238 324 1
238 349 1
238 350 1
239 128 1
239 220 1
239 238 1
239 346 1
239 363 1
240 139 1
240 141 1
240 168 1
240 241 1
240 251 1
240 252 1
240 253 1
241 139 1
241 240 1
241 243 1
241 258 1
241 259 1
242 140 1
242 156 1
242 158 1
242 188 1
242 243 1
242 244 1
242 270 1
242 271 1
242 272 1
243 140 1
243 156 1
243 241 1
243 242 1
243 244 1
243 252 1
243 275 1
243 276 1
243 277 1
244 140 1
244 156 1
244 242 1
244 243 1
244 245 1
244 246 1
244 278 1
244 279 1
245 157 1
245 244 1
245 246 1
245 271 1
245 302 1
245 303 1
246 244 1
246 245 1
246 247 1
246 275 1
246 372 1
246 373 1
246 374 1
247 246 1
247 248 1
247 379 1
247 380 1
248 247 1
248 373 1
248 396 1
248 397 1
249 149 1
249 151 1
249 178 1
249 250 1
249 263 1
249 264 1
249 265 1
250 149 1
250 249 1
250 255 1
250 267 1
250 268 1
251 141 1
251 168 1
251 171 1
251 189 1
251 240 1
251 252 1
251 253 1
251 254 1
251 273 1
251 274 1
252 141 1
252 168 1
252 240 1
252 243 1
252 251 1
252 253 1
252 275 1
252 276 1
252 277 1
253 141 1
253 168 1
253 240 1
253 251 1
253 252 1
253 256 1
253 257 1
253 258 1
253 260 1
253 282 1
254 150 1
254 169 1
254 172 1
254 200 1
254 251 1
254 255 1
254 256 1
254 283 1
254 284 1
254 285 1
255 150 1
255 169 1
255 250 1
255 254 1
255 256 1
255 264 1
255 288 1
255 289 1
255 290 1
256 150 1
256 169 1
256 253 1
256 254 1
256 255 1
256 257 1
256 258 1
256 260 1
256 291 1
256 292 1
257 170 1
257 253 1
257 256 1
257 258 1
257 260 1
257 273 1
257 284 1
257 316 1
257 317 1
257 318 1
258 241 1
258 253 1
258 256 1
258 257 1
258 259 1
258 260 1
258 277 1
258 377 1
258 378 1
259 241 1
259 258 1
259 261 1
259 262 1
259 381 1
260 253 1
260 256 1
260 257 1
260 258 1
260 261 1
260 288 1
260 382 1
260 383 1
260 384 1
261 259 1
261 260 1
261 262 1
261 389 1
261 390 1
262 259 1
262 261 1
262 377 1
262 383 1
262 408 1
262 409 1
262 410 1
263 151 1
263 178 1
263 180 1
263 201 1
263 249 1
263 264 1
263 265 1
263 286 1
263 287 1
264 151 1
264 178 1
264 249 1
264 255 1
264 263 1
264 265 1
264 288 1
264 289 1
264 290 1
265 151 1
265 178 1
265 249 1
265 263 1
265 264 1
265 266 1
265 267 1
265 295 1
266 179 1
266 265 1
266 267 1
266 286 1
266 328 1
266 329 1
267 250 1
267 265 1
267 266 1
267 268 1
267 290 1
267 387 1
267 388 1
268 250 1
268 267 1
268 269 1
268 391 1
269 268 1
269 387 1
269 418 1
269 419 1
270 158 1
270 188 1
270 190 1
270 242 1
270 271 1
270 272 1
270 296 1
270 297 1
271 158 1
271 188 1
271 242 1
271 245 1
271 270 1
271 272 1
271 275 1
271 302 1
271 303 1
272 158 1
272 188 1
272 242 1
272 270 1
272 271 1
272 274 1
272 279 1
272 281 1
272 282 1
272 304 1
272 305 1
273 171 1
273 189 1
273 251 1
273 257 1
273 274 1
273 277 1
273 280 1
273 284 1
273 316 1
273 317 1
273 318 1
274 171 1
274 189 1
274 251 1
274 272 1
274 273 1
274 279 1
274 281 1
274 282 1
274 297 1
274 319 1
274 320 1
275 243 1
275 246 1
275 252 1
275 271 1
275 276 1
275 277 1
275 372 1
275 373 1
275 374 1
276 243 1
276 252 1
276 275 1
276 277 1
276 278 1
276 375 1
276 376 1
277 243 1
277 252 1
277 258 1
277 273 1
277 275 1
277 276 1
277 280 1
277 377 1
277 378 1
278 244 1
278 276 1
278 279 1
278 372 1
278 392 1
278 393 1
279 244 1
279 272 1
279 274 1
279 278 1
279 281 1
279 282 1
279 302 1
279 394 1
279 395 1
280 273 1
280 277 1
280 281 1
280 375 1
280 399 1
280 400 1
281 272 1
281 274 1
281 279 1
281 280 1
281 282 1
281 392 1
281 401 1
282 253 1
282 272 1
282 274 1
282 279 1
282 281 1
282 316 1
282 399 1
282 404 1
282 405 1
283 172 1
283 200 1
283 202 1
283 254 1
283 284 1
283 285 1
283 307 1
283 308 1
284 172 1
284 200 1
284 254 1
284 257 1
284 273 1
284 283 1
284 285 1
284 288 1
284 316 1
284 317 1
284 318 1
285 172 1
285 200 1
285 254 1
285 283 1
285 284 1
285 287 1
285 292 1
285 294 1
285 295 1
285 321 1
285 322 1
286 180 1
286 201 1
286 263 1
286 266 1
286 287 1
286 290 1
286 293 1
286 328 1
286 329 1
287 180 1
287 201 1
287 263 1
287 285 1
287 286 1
287 292 1
287 294 1
287 295 1
287 308 1
287 330 1
287 331 1
288 255 1
288 260 1
288 264 1
288 284 1
288 289 1
288 290 1
288 382 1
288 383 1
288 384 1
289 255 1
289 264 1
289 288 1
289 290 1
289 291 1
289 385 1
289 386 1
290 255 1
290 264 1
290 267 1
290 286 1
290 288 1
290 289 1
290 293 1
290 387 1
290 388 1
291 256 1
291 289 1
291 292 1
291 382 1
291 402 1
291 403 1
292 256 1
292 285 1
292 287 1
292 291 1
292 294 1
292 295 1
292 317 1
292 406 1
292 407 1
293 286 1
293 290 1
293 294 1
293 385 1
293 413 1
293 414 1
294 285 1
294 287 1
294 292 1
294 293 1
294 295 1
294 402 1
294 415 1
295 265 1
295 285 1
295 287 1
295 292 1
295 294 1
295 328 1
295 413 1
295 416 1
295 417 1
296 190 1
296 192 1
296 221 1
296 270 1
296 297 1
296 309 1
296 310 1
296 311 1
297 190 1
297 270 1
297 274 1
297 296 1
297 299 1
297 302 1
297 319 1
297 320 1
298 191 1
298 209 1
298 211 1
298 234 1
298 299 1
298 300 1
298 333 1
298 334 1
298 335 1
299 191 1
299 209 1
299 297 1
299 298 1
299 300 1
299 302 1
299 310 1
299 338 1
299 339 1
299 340 1
300 191 1
300 209 1
300 298 1
300 299 1
300 301 1
300 304 1
300 341 1
300 342 1
301 210 1
301 300 1
301 304 1
301 334 1
301 360 1
301 361 1
302 245 1
302 271 1
302 279 1
302 297 1
302 299 1
302 303 1
302 394 1
302 395 1
303 245 1
303 271 1
303 302 1
303 305 1
303 306 1
304 272 1
304 300 1
304 301 1
304 305 1
304 338 1
304 421 1
304 422 1
304 423 1
305 272 1
305 303 1
305 304 1
305 306 1
305 395 1
305 430 1
305 431 1
306 303 1
306 305 1
306 422 1
306 449 1
306 450 1
307 202 1
307 204 1
307 231 1
307 283 1
307 308 1
307 324 1
307 325 1
307 326 1
308 202 1
308 283 1
308 287 1
308 307 1
308 313 1
308 317 1
308 330 1
308 331 1
309 192 1
309 221 1
309 224 1
309 235 1
309 296 1
309 310 1
309 311 1
309 312 1
309 336 1
309 337 1
310 192 1
310 221 1
310 296 1
310 299 1
310 309 1
310 311 1
310 316 1
310 338 1
310 339 1
310 340 1
311 192 1
311 221 1
311 296 1
311 309 1
311 310 1
311 314 1
311 315 1
311 319 1
311 321 1
311 345 1
312 203 1
312 222 1
312 225 1
312 237 1
312 309 1
312 313 1
312 314 1
312 346 1
312 347 1
312 348 1
313 203 1
313 222 1
313 308 1
313 312 1
313 314 1
313 317 1
313 325 1
313 351 1
313 352 1
313 353 1
314 203 1
314 222 1
314 311 1
314 312 1
314 313 1
314 315 1
314 319 1
314 321 1
314 354 1
314 355 1
315 223 1
315 311 1
315 314 1
315 319 1
315 321 1
315 336 1
315 347 1
315 364 1
315 365 1
315 366 1
316 257 1
316 273 1
316 282 1
316 284 1
316 310 1
316 317 1
316 318 1
316 399 1
316 404 1
316 405 1
317 257 1
317 273 1
317 284 1
317 292 1
317 308 1
317 313 1
317 316 1
317 318 1
317 406 1
317 407 1
318 257 1
318 273 1
318 284 1
318 316 1
318 317 1
318 320 1
318 322 1
318 323 1
319 274 1
319 297 1
319 311 1
319 314 1
319 315 1
319 320 1
319 321 1
319 340 1
319 426 1
319 427 1
320 274 1
320 297 1
320 318 1
320 319 1
320 322 1
320 323 1
320 405 1
320 432 1
321 285 1
321 311 1
321 314 1
321 315 1
321 319 1
321 322 1
321 351 1
321 433 1
321 434 1
321 435 1
322 285 1
322 318 1
322 320 1
322 321 1
322 323 1
322 407 1
322 442 1
322 443 1
323 318 1
323 320 1
323 322 1
323 426 1
323 434 1
323 461 1
323 462 1
323 463 1
324 204 1
324 231 1
324 233 1
324 238 1
324 307 1
324 325 1
324 326 1
324 349 1
324 350 1
325 204 1
325 231 1
325 307 1
325 313 1
325 324 1
325 326 1
325 328 1
325 351 1
325 352 1
325 353 1
326 204 1
326 231 1
326 307 1
326 324 1
326 325 1
326 327 1
326 330 1
326 358 1
327 232 1
327 326 1
327 330 1
327 349 1
327 369 1
327 370 1
328 266 1
328 286 1
328 295 1
328 325 1
328 329 1
328 413 1
328 416 1
328 417 1
329 266 1
329 286 1
329 328 1
329 331 1
329 332 1
330 287 1
330 308 1
330 326 1
330 327 1
330 331 1
330 353 1
330 438 1
330 439 1
331 287 1
331 308 1
331 329 1
331 330 1
331 332 1
331 417 1
331 444 1
332 329 1
332 331 1
332 438 1
332 471 1
332 472 1
333 211 1
333 234 1
333 236 1
333 298 1
333 334 1
333 335 1
333 359 1
334 211 1
334 234 1
334 298 1
334 301 1
334 333 1
334 335 1
334 338 1
334 360 1
334 361 1
335 211 1
335 234 1
335 298 1
335 333 1
335 334 1
335 337 1
335 342 1
335 344 1
335 345 1
335 362 1
336 224 1
336 235 1
336 309 1
336 315 1
336 337 1
336 340 1
336 343 1
336 347 1
336 364 1
336 365 1
336 366 1
337 224 1
337 235 1
337 309 1
337 335 1
337 336 1
337 342 1
337 344 1
337 345 1
337 359 1
337 367 1
338 299 1
338 304 1
338 310 1
338 334 1
338 339 1
338 340 1
338 421 1
338 422 1
338 423 1
339 299 1
339 310 1
339 338 1
339 340 1
339 341 1
339 424 1
339 425 1
340 299 1
340 310 1
340 319 1
340 336 1
340 338 1
340 339 1
340 343 1
340 426 1
340 427 1
341 300 1
341 339 1
341 342 1
341 421 1
341 445 1
341 446 1
342 300 1
342 335 1
342 337 1
342 341 1
342 344 1
342 345 1
342 360 1
342 447 1
342 448 1
343 336 1
343 340 1
343 344 1
343 424 1
343 452 1
343 453 1
344 335 1
344 337 1
344 342 1
344 343 1
344 345 1
344 445 1
344 454 1
345 311 1
345 335 1
345 337 1
345 342 1
345 344 1
345 364 1
345 452 1
345 457 1
345 458 1
346 225 1
346 237 1
346 239 1
346 312 1
346 347 1
346 348 1
346 363 1
347 225 1
347 237 1
347 312 1
347 315 1
347 336 1
347 346 1
347 348 1
347 351 1
347 364 1
347 365 1
347 366 1
348 225 1
348 237 1
348 312 1
348 346 1
348 347 1
348 350 1
348 355 1
348 357 1
348 358 1
348 368 1
349 233 1
349 238 1
349 324 1
349 327 1
349 350 1
349 353 1
349 356 1
349 369 1
349 370 1
350 233 1
350 238 1
350 324 1
350 348 1
350 349 1
350 355 1
350 357 1
350 358 1
350 363 1
350 371 1
351 313 1
351 321 1
351 325 1
351 347 1
351 352 1
351 353 1
351 433 1
351 434 1
351 435 1
352 313 1
352 325 1
352 351 1
352 353 1
352 354 1
352 436 1
352 437 1
353 313 1
353 325 1
353 330 1
353 349 1
353 351 1
353 352 1
353 356 1
353 438 1
353 439 1
354 314 1
354 352 1
354 355 1
354 433 1
354 455 1
354 456 1
355 314 1
355 348 1
355 350 1
355 354 1
355 357 1
355 358 1
355 365 1
355 459 1
355 460 1
356 349 1
356 353 1
356 357 1
356 436 1
356 466 1
356 467 1
357 348 1
357 350 1
357 355 1
357 356 1
357 358 1
357 455 1
357 468 1
358 326 1
358 348 1
358 350 1
358 355 1
358 357 1
358 369 1
358 466 1
358 469 1
358 470 1
359 236 1
359 333 1
359 337 1
359 360 1
359 367 1
360 301 1
360 334 1
360 342 1
360 359 1
360 361 1
360 447 1
360 448 1
361 301 1
361 334 1
361 360 1
361 362 1
362 335 1
362 361 1
362 448 1
362 476 1
363 239 1
363 346 1
363 350 1
363 365 1
363 371 1
364 315 1
364 336 1
364 345 1
364 347 1
364 365 1
364 366 1
364 452 1
364 457 1
364 458 1
365 315 1
365 336 1
365 347 1
365 355 1
365 363 1
365 364 1
365 366 1
365 459 1
365 460 1
366 315 1
366 336 1
366 347 1
366 364 1
366 365 1
366 367 1
366 368 1
367 337 1
367 359 1
367 366 1
367 368 1
367 458 1
368 348 1
368 366 1
368 367 1
368 460 1
368 479 1
369 327 1
369 349 1
369 358 1
369 370 1
369 466 1
369 469 1
369 470 1
370 327 1
370 349 1
370 369 1
370 371 1
371 350 1
371 363 1
371 370 1
371 470 1
372 246 1
372 275 1
372 278 1
372 373 1
372 374 1
372 392 1
372 393 1
373 246 1
373 248 1
373 275 1
373 372 1
373 374 1
373 396 1
373 397 1
374 246 1
374 275 1
374 372 1
374 373 1
374 376 1
374 378 1
374 380 1
374 381 1
374 398 1
375 276 1
375 280 1
375 376 1
375 399 1
375 400 1
376 276 1
376 374 1
376 375 1
376 378 1
376 380 1
376 381 1
376 393 1
377 258 1
377 262 1
377 277 1
377 378 1
377 379 1
377 383 1
377 408 1
377 409 1
377 410 1
378 258 1
378 277 1
378 374 1
378 376 1
378 377 1
378 380 1
378 381 1
378 400 1
378 411 1
379 247 1
379 377 1
379 380 1
379 480 1
380 247 1
380 374 1
380 376 1
380 378 1
380 379 1
380 381 1
380 396 1
380 481 1
381 259 1
381 374 1
381 376 1
381 378 1
381 380 1
381 408 1
381 480 1
381 483 1
382 260 1
382 288 1
382 291 1
382 383 1
382 384 1
382 402 1
382 403 1
383 260 1
383 262 1
383 288 1
383 377 1
383 382 1
383 384 1
383 408 1
383 409 1
383 410 1
384 260 1
384 288 1
384 382 1
384 383 1
384 386 1
384 388 1
384 390 1
384 391 1
384 412 1
385 289 1
385 293 1
385 386 1
385 413 1
385 414 1
386 289 1
386 384 1
386 385 1
386 388 1
386 390 1
386 391 1
386 403 1
387 267 1
387 269 1
387 290 1
387 388 1
387 389 1
387 418 1
387 419 1
388 267 1
388 290 1
388 384 1
388 386 1
388 387 1
388 390 1
388 391 1
388 414 1
388 420 1
389 261 1
389 387 1
389 390 1
389 482 1
390 261 1
390 384 1
390 386 1
390 388 1
390 389 1
390 391 1
390 409 1
390 484 1
391 268 1
391 384 1
391 386 1
391 388 1
391 390 1
391 418 1
391 482 1
391 485 1
392 278 1
392 281 1
392 372 1
392 393 1
392 401 1
393 278 1
393 372 1
393 376 1
393 392 1
393 394 1
393 396 1
394 279 1
394 302 1
394 393 1
394 395 1
394 396 1
394 401 1
394 404 1
394 428 1
394 429 1
395 279 1
395 302 1
395 305 1
395 394 1
395 397 1
395 398 1
395 430 1
395 431 1
396 248 1
396 373 1
396 380 1
396 393 1
396 394 1
396 397 1
396 481 1
397 248 1
397 373 1
397 395 1
397 396 1
397 398 1
398 374 1
398 395 1
398 397 1
398 428 1
398 481 1
398 486 1
399 280 1
399 282 1
399 316 1
399 375 1
399 400 1
399 404 1
399 405 1
400 280 1
400 375 1
400 378 1
400 399 1
400 401 1
400 411 1
401 281 1
401 392 1
401 394 1
401 400 1
401 404 1
401 428 1
401 429 1
402 291 1
402 294 1
402 382 1
402 403 1
402 415 1
403 291 1
403 382 1
403 386 1
403 402 1
403 406 1
403 409 1
404 282 1
404 316 1
404 394 1
404 399 1
404 401 1
404 405 1
404 408 1
404 428 1
404 429 1
405 282 1
405 316 1
405 320 1
405 399 1
405 404 1
405 407 1
405 410 1
405 411 1
405 412 1
405 432 1
406 292 1
406 317 1
406 403 1
406 407 1
406 409 1
406 415 1
406 416 1
406 440 1
406 441 1
407 292 1
407 317 1
407 322 1
407 405 1
407 406 1
407 410 1
407 411 1
407 412 1
407 442 1
407 443 1
408 262 1
408 377 1
408 381 1
408 383 1
408 404 1
408 409 1
408 410 1
408 480 1
408 483 1
409 262 1
409 377 1
409 383 1
409 390 1
409 403 1
409 406 1
409 408 1
409 410 1
409 484 1
410 262 1
410 377 1
410 383 1
410 405 1
410 407 1
410 408 1
410 409 1
410 411 1
410 412 1
411 378 1
411 400 1
411 405 1
411 407 1
411 410 1
411 412 1
411 429 1
411 483 1
412 384 1
412 405 1
412 407 1
412 410 1
412 411 1
412 440 1
412 484 1
412 487 1
413 293 1
413 295 1
413 328 1
413 385 1
413 414 1
413 416 1
413 417 1
414 293 1
414 385 1
414 388 1
414 413 1
414 415 1
414 420 1
415 294 1
415 402 1
415 406 1
415 414 1
415 416 1
415 440 1
415 441 1
416 295 1
416 328 1
416 406 1
416 413 1
416 415 1
416 417 1
416 418 1
416 440 1
416 441 1
417 295 1
417 328 1
417 331 1
417 413 1
417 416 1
417 419 1
417 420 1
417 444 1
418 269 1
418 387 1
418 391 1
418 416 1
418 419 1
418 482 1
418 485 1
419 269 1
419 387 1
419 417 1
419 418 1
419 420 1
420 388 1
420 414 1
420 417 1
420 419 1
420 441 1
420 485 1
421 304 1
421 338 1
421 341 1
421 422 1
421 423 1
421 445 1
421 446 1
422 304 1
422 306 1
422 338 1
422 421 1
422 423 1
422 428 1
422 449 1
422 450 1
423 304 1
423 338 1
423 421 1
423 422 1
423 425 1
423 427 1
423 431 1
423 432 1
423 451 1
424 339 1
424 343 1
424 425 1
424 452 1
424 453 1
425 339 1
425 423 1
425 424 1
425 427 1
425 431 1
425 432 1
425 446 1
426 319 1
426 323 1
426 340 1
426 427 1
426 429 1
426 430 1
426 434 1
426 461 1
426 462 1
426 463 1
427 319 1
427 340 1
427 423 1
427 425 1
427 426 1
427 431 1
427 432 1
427 453 1
427 464 1
428 394 1
428 398 1
428 401 1
428 404 1
428 422 1
428 429 1
428 481 1
428 486 1
429 394 1
429 401 1
429 404 1
429 411 1
429 426 1
429 428 1
429 430 1
429 483 1
430 305 1
430 395 1
430 426 1
430 429 1
430 431 1
430 486 1
430 488 1
431 305 1
431 395 1
431 423 1
431 425 1
431 427 1
431 430 1
431 432 1
431 449 1
431 489 1
432 320 1
432 405 1
432 423 1
432 425 1
432 427 1
432 431 1
432 461 1
432 488 1
432 491 1
433 321 1
433 351 1
433 354 1
433 434 1
433 435 1
433 455 1
433 456 1
434 321 1
434 323 1
434 351 1
434 426 1
434 433 1
434 435 1
434 440 1
434 461 1
434 462 1
434 463 1
435 321 1
435 351 1
435 433 1
435 434 1
435 437 1
435 439 1
435 443 1
435 444 1
435 465 1
436 352 1
436 356 1
436 437 1
436 466 1
436 467 1
437 352 1
437 435 1
437 436 1
437 439 1
437 443 1
437 444 1
437 456 1
438 330 1
438 332 1
438 353 1
438 439 1
438 441 1
438 442 1
438 471 1
438 472 1
439 330 1
439 353 1
439 435 1
439 437 1
439 438 1
439 443 1
439 444 1
439 467 1
439 473 1
440 406 1
440 412 1
440 415 1
440 416 1
440 434 1
440 441 1
440 484 1
440 487 1
441 406 1
441 415 1
441 416 1
441 420 1
441 438 1
441 440 1
441 442 1
441 485 1
442 322 1
442 407 1
442 438 1
442 441 1
442 443 1
442 487 1
442 490 1
443 322 1
443 407 1
443 435 1
443 437 1
443 439 1
443 442 1
443 444 1
443 462 1
443 492 1
444 331 1
444 417 1
444 435 1
444 437 1
444 439 1
444 443 1
444 471 1
444 490 1
444 493 1
445 341 1
445 344 1
445 421 1
445 446 1
445 454 1
446 341 1
446 421 1
446 425 1
446 445 1
446 447 1
446 449 1
447 342 1
447 360 1
447 446 1
447 448 1
447 449 1
447 454 1
447 457 1
447 474 1
447 475 1
448 342 1
448 360 1
448 362 1
448 447 1
448 450 1
448 451 1
448 476 1
449 306 1
449 422 1
449 431 1
449 446 1
449 447 1
449 450 1
449 489 1
450 306 1
450 422 1
450 448 1
450 449 1
450 451 1
451 423 1
451 448 1
451 450 1
451 474 1
451 489 1
451 494 1
452 343 1
452 345 1
452 364 1
452 424 1
452 453 1
452 457 1
452 458 1
453 343 1
453 424 1
453 427 1
453 452 1
453 454 1
453 464 1
454 344 1
454 445 1
454 447 1
454 453 1
454 457 1
454 474 1
454 475 1
455 354 1
455 357 1
455 433 1
455 456 1
455 468 1
456 354 1
456 433 1
456 437 1
456 455 1
456 459 1
456 462 1
457 345 1
457 364 1
457 447 1
457 452 1
457 454 1
457 458 1
457 461 1
457 474 1
457 475 1
458 345 1
458 364 1
458 367 1
458 452 1
458 457 1
458 460 1
458 463 1
458 464 1
458 465 1
459 355 1
459 365 1
459 456 1
459 460 1
459 462 1
459 468 1
459 469 1
459 477 1
459 478 1
460 355 1
460 365 1
460 368 1
460 458 1
460 459 1
460 463 1
460 464 1
460 465 1
460 479 1
461 323 1
461 426 1
461 432 1
461 434 1
461 457 1
461 462 1
461 463 1
461 488 1
461 491 1
462 323 1
462 426 1
462 434 1
462 443 1
462 456 1
462 459 1
462 461 1
462 463 1
462 492 1
463 323 1
463 426 1
463 434 1
463 458 1
463 460 1
463 461 1
463 462 1
463 464 1
463 465 1
464 427 1
464 453 1
464 458 1
464 460 1
464 463 1
464 465 1
464 475 1
464 491 1
465 435 1
465 458 1
465 460 1
465 463 1
465 464 1
465 477 1
465 492 1
465 495 1
466 356 1
466 358 1
466 369 1
466 436 1
466 467 1
466 469 1
466 470 1
467 356 1
467 436 1
467 439 1
467 466 1
467 468 1
467 473 1
468 357 1
468 455 1
468 459 1
468 467 1
468 469 1
468 477 1
468 478 1
469 358 1
469 369 1
469 459 1
469 466 1
469 468 1
469 470 1
469 471 1
469 477 1
469 478 1
470 358 1
470 369 1
470 371 1
470 466 1
470 469 1
470 472 1
470 473 1
471 332 1
471 438 1
471 444 1
471 469 1
471 472 1
471 490 1
471 493 1
472 332 1
472 438 1
472 470 1
472 471 1
472 473 1
473 439 1
473 467 1
473 470 1
473 472 1
473 478 1
473 493 1
474 447 1
474 451 1
474 454 1
474 457 1
474 475 1
474 489 1
474 494 1
475 447 1
475 454 1
475 457 1
475 464 1
475 474 1
475 476 1
475 491 1
476 362 1
476 448 1
476 475 1
476 494 1
477 459 1
477 465 1
477 468 1
477 469 1
477 478 1
477 492 1
477 495 1
478 459 1
478 468 1
478 469 1
478 473 1
478 477 1
478 479 1
478 493 1
479 368 1
479 460 1
479 478 1
479 495 1
480 379 1
480 381 1
480 408 1
480 483 1
481 380 1
481 396 1
481 398 1
481 428 1
481 486 1
482 389 1
482 391 1
482 418 1
482 485 1
483 381 1
483 408 1
483 411 1
483 429 1
483 480 1
483 484 1
484 390 1
484 409 1
484 412 1
484 440 1
484 483 1
484 487 1
485 391 1
485 418 1
485 420 1
485 441 1
485 482 1
486 398 1
486 428 1
486 430 1
486 481 1
486 488 1
487 412 1
487 440 1
487 442 1
487 484 1
487 490 1
488 430 1
488 432 1
488 461 1
488 486 1
488 491 1
489 431 1
489 449 1
489 451 1
489 474 1
489 494 1
490 442 1
490 444 1
490 471 1
490 487 1
490 493 1
491 432 1
491 461 1
491 464 1
491 475 1
491 488 1
491 492 1
492 443 1
492 462 1
492 465 1
492 477 1
492 491 1
492 495 1
493 444 1
493 471 1
493 473 1
493 478 1
493 490 1
494 451 1
494 474 1
494 476 1
494 489 1
495 465 1
495 477 1
495 479 1
495 492 1
