0 2 1
0 6 1
1 2 1
1 15 1
2 0 1
2 1 1
2 3 1
2 17 1
3 2 1
3 65 1
4 8 1
4 12 1
5 6 1
5 7 1
5 16 1
6 0 1
6 5 1
6 9 1
6 18 1
7 5 1
7 8 1
7 22 1
8 4 1
8 7 1
8 10 1
8 24 1
9 6 1
9 10 1
9 67 1
10 8 1
10 9 1
10 70 1
11 12 1
11 23 1
12 4 1
12 11 1
12 13 1
12 25 1
13 12 1
13 72 1
14 15 1
14 16 1
14 28 1
15 1 1
15 14 1
15 19 1
15 31 1
16 5 1
16 14 1
16 20 1
16 38 1
17 2 1
17 18 1
17 19 1
17 64 1
18 6 1
18 17 1
18 20 1
18 66 1
19 15 1
19 17 1
19 20 1
19 74 1
20 16 1
20 18 1
20 19 1
20 77 1
21 22 1
21 23 1
21 33 1
22 7 1
22 21 1
22 26 1
22 39 1
23 11 1
23 21 1
23 27 1
23 44 1
24 8 1
24 25 1
24 26 1
24 69 1
25 12 1
25 24 1
25 27 1
25 71 1
26 22 1
26 24 1
26 27 1
26 78 1
27 23 1
27 25 1
27 26 1
27 83 1
28 14 1
28 30 1
28 35 1
29 30 1
29 47 1
30 28 1
30 29 1
30 32 1
30 49 1
31 15 1
31 32 1
31 75 1
32 30 1
32 31 1
32 87 1
33 21 1
33 37 1
33 43 1
34 35 1
34 36 1
34 48 1
35 28 1
35 34 1
35 40 1
35 50 1
36 34 1
36 37 1
36 54 1
37 33 1
37 36 1
37 41 1
37 56 1
38 16 1
38 39 1
38 40 1
38 79 1
39 22 1
39 38 1
39 41 1
39 80 1
40 35 1
40 38 1
40 41 1
40 89 1
41 37 1
41 39 1
41 40 1
41 93 1
42 43 1
42 55 1
43 33 1
43 42 1
43 45 1
43 57 1
44 23 1
44 45 1
44 84 1
45 43 1
45 44 1
45 95 1
46 47 1
46 48 1
47 29 1
47 46 1
47 51 1
47 60 1
48 34 1
48 46 1
48 52 1
48 61 1
49 30 1
49 50 1
49 51 1
49 86 1
50 35 1
50 49 1
50 52 1
50 88 1
51 47 1
51 49 1
51 52 1
51 98 1
52 48 1
52 50 1
52 51 1
52 101 1
53 54 1
53 55 1
54 36 1
54 53 1
54 58 1
54 62 1
55 42 1
55 53 1
55 59 1
55 63 1
56 37 1
56 57 1
56 58 1
56 92 1
57 43 1
57 56 1
57 59 1
57 94 1
58 54 1
58 56 1
58 59 1
58 102 1
59 55 1
59 57 1
59 58 1
59 107 1
60 47 1
60 99 1
61 48 1
61 62 1
61 103 1
62 54 1
62 61 1
62 104 1
63 55 1
63 108 1
64 17 1
64 65 1
64 66 1
64 74 1
65 3 1
65 64 1
65 68 1
65 76 1
66 18 1
66 64 1
66 67 1
66 77 1
67 9 1
67 66 1
67 68 1
67 81 1
68 65 1
68 67 1
68 112 1
69 24 1
69 70 1
69 71 1
69 78 1
70 10 1
70 69 1
70 73 1
70 82 1
71 25 1
71 69 1
71 72 1
71 83 1
72 13 1
72 71 1
72 73 1
72 85 1
73 70 1
73 72 1
73 116 1
74 19 1
74 64 1
74 75 1
74 77 1
75 31 1
75 74 1
75 76 1
75 90 1
76 65 1
76 75 1
76 113 1
77 20 1
77 66 1
77 74 1
77 79 1
78 26 1
78 69 1
78 80 1
78 83 1
79 38 1
79 77 1
79 81 1
79 90 1
80 39 1
80 78 1
80 82 1
80 96 1
81 67 1
81 79 1
81 82 1
81 117 1
82 70 1
82 80 1
82 81 1
82 119 1
83 27 1
83 71 1
83 78 1
83 84 1
84 44 1
84 83 1
84 85 1
84 96 1
85 72 1
85 84 1
85 123 1
86 49 1
86 87 1
86 88 1
86 98 1
87 32 1
87 86 1
87 91 1
87 100 1
88 50 1
88 86 1
88 89 1
88 101 1
89 40 1
89 88 1
89 91 1
89 105 1
90 75 1
90 79 1
90 91 1
90 126 1
91 87 1
91 89 1
91 90 1
91 140 1
92 56 1
92 93 1
92 94 1
92 102 1
93 41 1
93 92 1
93 97 1
93 106 1
94 57 1
94 92 1
94 95 1
94 107 1
95 45 1
95 94 1
95 97 1
95 109 1
96 80 1
96 84 1
96 97 1
96 133 1
97 93 1
97 95 1
97 96 1
97 145 1
98 51 1
98 86 1
98 99 1
98 101 1
99 60 1
99 98 1
99 100 1
99 110 1
100 87 1
100 99 1
100 141 1
101 52 1
101 88 1
101 98 1
101 103 1
102 58 1
102 92 1
102 104 1
102 107 1
103 61 1
103 101 1
103 105 1
103 110 1
104 62 1
104 102 1
104 106 1
104 111 1
105 89 1
105 103 1
105 106 1
105 146 1
106 93 1
106 104 1
106 105 1
106 148 1
107 59 1
107 94 1
107 102 1
107 108 1
108 63 1
108 107 1
108 109 1
108 111 1
109 95 1
109 108 1
109 154 1
110 99 1
110 103 1
110 158 1
111 104 1
111 108 1
111 165 1
112 68 1
112 114 1
112 118 1
113 76 1
113 114 1
113 127 1
114 112 1
114 113 1
114 115 1
114 129 1
115 114 1
115 177 1
116 73 1
116 120 1
116 124 1
117 81 1
117 118 1
117 119 1
117 128 1
118 112 1
118 117 1
118 121 1
118 130 1
119 82 1
119 117 1
119 120 1
119 134 1
120 116 1
120 119 1
120 122 1
120 136 1
121 118 1
121 122 1
121 179 1
122 120 1
122 121 1
122 182 1
123 85 1
123 124 1
123 135 1
124 116 1
124 123 1
124 125 1
124 137 1
125 124 1
125 184 1
126 90 1
126 127 1
126 128 1
126 140 1
127 113 1
127 126 1
127 131 1
127 143 1
128 117 1
128 126 1
128 132 1
128 150 1
129 114 1
129 130 1
129 131 1
129 176 1
130 118 1
130 129 1
130 132 1
130 178 1
131 127 1
131 129 1
131 132 1
131 186 1
132 128 1
132 130 1
132 131 1
132 189 1
133 96 1
133 134 1
133 135 1
133 145 1
134 119 1
134 133 1
134 138 1
134 151 1
135 123 1
135 133 1
135 139 1
135 156 1
136 120 1
136 137 1
136 138 1
136 181 1
137 124 1
137 136 1
137 139 1
137 183 1
138 134 1
138 136 1
138 139 1
138 190 1
139 135 1
139 137 1
139 138 1
139 195 1
140 91 1
140 126 1
140 142 1
140 147 1
141 100 1
141 142 1
141 159 1
142 140 1
142 141 1
142 144 1
142 161 1
143 127 1
143 144 1
143 187 1
144 142 1
144 143 1
144 199 1
145 97 1
145 133 1
145 149 1
145 155 1
146 105 1
146 147 1
146 148 1
146 160 1
147 140 1
147 146 1
147 152 1
147 162 1
148 106 1
148 146 1
148 149 1
148 166 1
149 145 1
149 148 1
149 153 1
149 168 1
150 128 1
150 151 1
150 152 1
150 191 1
151 134 1
151 150 1
151 153 1
151 192 1
152 147 1
152 150 1
152 153 1
152 201 1
153 149 1
153 151 1
153 152 1
153 205 1
154 109 1
154 155 1
154 167 1
155 145 1
155 154 1
155 157 1
155 169 1
156 135 1
156 157 1
156 196 1
157 155 1
157 156 1
157 207 1
158 110 1
158 159 1
158 160 1
159 141 1
159 158 1
159 163 1
159 172 1
160 146 1
160 158 1
160 164 1
160 173 1
161 142 1
161 162 1
161 163 1
161 198 1
162 147 1
162 161 1
162 164 1
162 200 1
163 159 1
163 161 1
163 164 1
163 210 1
164 160 1
164 162 1
164 163 1
164 213 1
165 111 1
165 166 1
165 167 1
166 148 1
166 165 1
166 170 1
166 174 1
167 154 1
167 165 1
167 171 1
167 175 1
168 149 1
168 169 1
168 170 1
168 204 1
169 155 1
169 168 1
169 171 1
169 206 1
170 166 1
170 168 1
170 171 1
170 214 1
171 167 1
171 169 1
171 170 1
171 219 1
172 159 1
172 211 1
173 160 1
173 174 1
173 215 1
174 166 1
174 173 1
174 216 1
175 167 1
175 220 1
176 129 1
176 177 1
176 178 1
176 186 1
177 115 1
177 176 1
177 180 1
177 188 1
178 130 1
178 176 1
178 179 1
178 189 1
179 121 1
179 178 1
179 180 1
179 193 1
180 177 1
180 179 1
181 136 1
181 182 1
181 183 1
181 190 1
182 122 1
182 181 1
182 185 1
182 194 1
183 137 1
183 181 1
183 184 1
183 195 1
184 125 1
184 183 1
184 185 1
184 197 1
185 182 1
185 184 1
186 131 1
186 176 1
186 187 1
186 189 1
187 143 1
187 186 1
187 188 1
187 202 1
188 177 1
188 187 1
189 132 1
189 178 1
189 186 1
189 191 1
190 138 1
190 181 1
190 192 1
190 195 1
191 150 1
191 189 1
191 193 1
191 202 1
192 151 1
192 190 1
192 194 1
192 208 1
193 179 1
193 191 1
193 194 1
194 182 1
194 192 1
194 193 1
195 139 1
195 183 1
195 190 1
195 196 1
196 156 1
196 195 1
196 197 1
196 208 1
197 184 1
197 196 1
198 161 1
198 199 1
198 200 1
198 210 1
199 144 1
199 198 1
199 203 1
199 212 1
200 162 1
200 198 1
200 201 1
200 213 1
201 152 1
201 200 1
201 203 1
201 217 1
202 187 1
202 191 1
202 203 1
203 199 1
203 201 1
203 202 1
204 168 1
204 205 1
204 206 1
204 214 1
205 153 1
205 204 1
205 209 1
205 218 1
206 169 1
206 204 1
206 207 1
206 219 1
207 157 1
207 206 1
207 209 1
207 221 1
208 192 1
208 196 1
208 209 1
209 205 1
209 207 1
209 208 1
210 163 1
210 198 1
210 211 1
210 213 1
211 172 1
211 210 1
211 212 1
211 222 1
212 199 1
212 211 1
213 164 1
213 200 1
213 210 1
213 215 1
214 170 1
214 204 1
214 216 1
214 219 1
215 173 1
215 213 1
215 217 1
215 222 1
216 174 1
216 214 1
216 218 1
216 223 1
217 201 1
217 215 1
217 218 1
218 205 1
218 216 1
218 217 1
219 171 1
219 206 1
219 214 1
219 220 1
220 175 1
220 219 1
220 221 1
220 223 1
221 207 1
221 220 1
222 211 1
222 215 1
223 216 1
223 220 1
