0 0 1
0 1 1
0 2 1
0 3 1
0 4 1
0 5 1
1 0 -1
1 6 1
1 7 1
1 8 1
1 9 1
1 10 1
1 11 1
1 12 1
1 13 1
2 6 -1
2 14 1
2 15 1
2 16 1
2 17 1
2 18 1
3 1 -1
3 7 -1
3 19 1
3 20 1
3 21 1
3 22 1
3 23 1
3 24 1
3 25 1
4 8 -1
4 14 -1
4 26 1
4 27 1
4 28 1
4 29 1
4 30 1
4 31 1
4 32 1
5 2 -1
5 19 -1
5 33 1
5 34 1
5 35 1
5 36 1
5 37 1
5 38 1
5 39 1
6 9 -1
6 20 -1
6 26 -1
6 33 -1
6 40 1
6 41 1
6 42 1
6 43 1
6 44 1
6 45 1
6 46 1
6 47 1
6 48 1
7 15 -1
7 27 -1
7 40 -1
7 49 1
7 50 1
7 51 1
7 52 1
7 53 1
7 54 1
8 34 -1
8 41 -1
8 55 1
8 56 1
8 57 1
8 58 1
8 59 1
8 60 1
8 61 1
9 42 -1
9 49 -1
9 62 1
9 63 1
9 64 1
9 65 1
9 66 1
9 67 1
9 68 1
10 35 -1
10 55 -1
10 69 1
10 70 1
10 71 1
10 72 1
11 43 -1
11 56 -1
11 62 -1
11 69 -1
11 73 1
11 74 1
11 75 1
11 76 1
11 77 1
12 50 -1
12 63 -1
12 73 -1
12 78 1
12 79 1
12 80 1
13 3 -1
13 10 -1
13 21 -1
13 81 1
13 82 1
13 83 1
13 84 1
13 85 1
13 86 1
14 11 -1
14 16 -1
14 28 -1
14 87 1
14 88 1
14 89 1
14 90 1
14 91 1
14 92 1
15 4 -1
15 22 -1
15 36 -1
15 81 -1
15 93 1
15 94 1
15 95 1
15 96 1
15 97 1
16 23 -1
16 82 -1
16 93 -1
16 98 1
16 99 1
16 100 1
17 12 -1
17 24 -1
17 29 -1
17 44 -1
17 83 -1
17 87 -1
17 98 -1
17 101 1
17 102 1
17 103 1
17 104 1
17 105 1
17 106 1
17 107 1
18 30 -1
18 88 -1
18 101 -1
18 108 1
18 109 1
18 110 1
19 17 -1
19 31 -1
19 51 -1
19 89 -1
19 108 -1
19 111 1
19 112 1
19 113 1
19 114 1
20 25 -1
20 37 -1
20 45 -1
20 57 -1
20 94 -1
20 99 -1
20 102 -1
20 115 1
20 116 1
20 117 1
20 118 1
20 119 1
20 120 1
20 121 1
21 32 -1
21 46 -1
21 52 -1
21 64 -1
21 103 -1
21 109 -1
21 111 -1
21 122 1
21 123 1
21 124 1
21 125 1
21 126 1
21 127 1
21 128 1
22 38 -1
22 58 -1
22 70 -1
22 115 -1
22 129 1
22 130 1
22 131 1
22 132 1
22 133 1
23 59 -1
23 116 -1
23 129 -1
23 134 1
23 135 1
23 136 1
24 47 -1
24 60 -1
24 65 -1
24 74 -1
24 117 -1
24 122 -1
24 134 -1
24 137 1
24 138 1
24 139 1
24 140 1
24 141 1
24 142 1
24 143 1
25 66 -1
25 123 -1
25 137 -1
25 144 1
25 145 1
25 146 1
26 53 -1
26 67 -1
26 78 -1
26 124 -1
26 144 -1
26 147 1
26 148 1
26 149 1
26 150 1
27 61 -1
27 71 -1
27 75 -1
27 130 -1
27 135 -1
27 138 -1
27 151 1
27 152 1
27 153 1
28 68 -1
28 76 -1
28 79 -1
28 139 -1
28 145 -1
28 147 -1
28 154 1
28 155 1
28 156 1
29 5 -1
29 84 -1
29 95 -1
29 157 1
29 158 1
29 159 1
29 160 1
29 161 1
29 162 1
30 13 -1
30 85 -1
30 90 -1
30 104 -1
30 157 -1
30 163 1
30 164 1
30 165 1
30 166 1
30 167 1
30 168 1
30 169 1
30 170 1
31 18 -1
31 91 -1
31 112 -1
31 163 -1
31 171 1
31 172 1
31 173 1
31 174 1
31 175 1
32 86 -1
32 96 -1
32 100 -1
32 105 -1
32 118 -1
32 158 -1
32 164 -1
32 176 1
32 177 1
32 178 1
32 179 1
32 180 1
32 181 1
32 182 1
33 92 -1
33 106 -1
33 110 -1
33 113 -1
33 125 -1
33 165 -1
33 171 -1
33 183 1
33 184 1
33 185 1
33 186 1
33 187 1
33 188 1
33 189 1
34 39 -1
34 97 -1
34 119 -1
34 131 -1
34 159 -1
34 176 -1
34 190 1
34 191 1
34 192 1
34 193 1
34 194 1
34 195 1
34 196 1
35 48 -1
35 107 -1
35 120 -1
35 126 -1
35 140 -1
35 166 -1
35 177 -1
35 183 -1
35 190 -1
35 197 1
35 198 1
35 199 1
35 200 1
35 201 1
35 202 1
35 203 1
35 204 1
35 205 1
36 54 -1
36 114 -1
36 127 -1
36 148 -1
36 172 -1
36 184 -1
36 197 -1
36 206 1
36 207 1
36 208 1
36 209 1
36 210 1
36 211 1
37 121 -1
37 132 -1
37 136 -1
37 141 -1
37 151 -1
37 191 -1
37 198 -1
37 212 1
37 213 1
37 214 1
37 215 1
37 216 1
37 217 1
37 218 1
38 128 -1
38 142 -1
38 146 -1
38 149 -1
38 154 -1
38 199 -1
38 206 -1
38 219 1
38 220 1
38 221 1
38 222 1
38 223 1
38 224 1
38 225 1
39 72 -1
39 133 -1
39 152 -1
39 192 -1
39 212 -1
39 226 1
39 227 1
39 228 1
39 229 1
40 77 -1
40 143 -1
40 153 -1
40 155 -1
40 200 -1
40 213 -1
40 219 -1
40 226 -1
40 230 1
40 231 1
40 232 1
40 233 1
40 234 1
41 80 -1
41 150 -1
41 156 -1
41 207 -1
41 220 -1
41 230 -1
41 235 1
41 236 1
41 237 1
42 160 -1
42 167 -1
42 178 -1
42 238 1
42 239 1
42 240 1
42 241 1
42 242 1
42 243 1
43 168 -1
43 173 -1
43 185 -1
43 244 1
43 245 1
43 246 1
43 247 1
43 248 1
43 249 1
44 161 -1
44 179 -1
44 193 -1
44 238 -1
44 250 1
44 251 1
44 252 1
44 253 1
44 254 1
45 180 -1
45 239 -1
45 250 -1
45 255 1
45 256 1
45 257 1
46 169 -1
46 181 -1
46 186 -1
46 201 -1
46 240 -1
46 244 -1
46 255 -1
46 258 1
46 259 1
46 260 1
46 261 1
46 262 1
46 263 1
46 264 1
47 187 -1
47 245 -1
47 258 -1
47 265 1
47 266 1
47 267 1
48 174 -1
48 188 -1
48 208 -1
48 246 -1
48 265 -1
48 268 1
48 269 1
48 270 1
48 271 1
49 182 -1
49 194 -1
49 202 -1
49 214 -1
49 251 -1
49 256 -1
49 259 -1
49 272 1
49 273 1
49 274 1
49 275 1
49 276 1
49 277 1
49 278 1
50 189 -1
50 203 -1
50 209 -1
50 221 -1
50 260 -1
50 266 -1
50 268 -1
50 279 1
50 280 1
50 281 1
50 282 1
50 283 1
50 284 1
50 285 1
51 195 -1
51 215 -1
51 227 -1
51 272 -1
51 286 1
51 287 1
51 288 1
51 289 1
51 290 1
52 216 -1
52 273 -1
52 286 -1
52 291 1
52 292 1
52 293 1
53 204 -1
53 217 -1
53 222 -1
53 231 -1
53 274 -1
53 279 -1
53 291 -1
53 294 1
53 295 1
53 296 1
53 297 1
53 298 1
53 299 1
53 300 1
54 223 -1
54 280 -1
54 294 -1
54 301 1
54 302 1
54 303 1
55 210 -1
55 224 -1
55 235 -1
55 281 -1
55 301 -1
55 304 1
55 305 1
55 306 1
55 307 1
56 218 -1
56 228 -1
56 232 -1
56 287 -1
56 292 -1
56 295 -1
56 308 1
56 309 1
56 310 1
57 225 -1
57 233 -1
57 236 -1
57 296 -1
57 302 -1
57 304 -1
57 311 1
57 312 1
57 313 1
58 162 -1
58 241 -1
58 252 -1
58 314 1
58 315 1
58 316 1
59 170 -1
59 242 -1
59 247 -1
59 261 -1
59 314 -1
59 317 1
59 318 1
59 319 1
59 320 1
60 175 -1
60 248 -1
60 269 -1
60 317 -1
60 321 1
60 322 1
61 243 -1
61 253 -1
61 257 -1
61 262 -1
61 275 -1
61 315 -1
61 318 -1
61 323 1
61 324 1
62 249 -1
62 263 -1
62 267 -1
62 270 -1
62 282 -1
62 319 -1
62 321 -1
62 325 1
62 326 1
63 196 -1
63 254 -1
63 276 -1
63 288 -1
63 316 -1
63 323 -1
63 327 1
63 328 1
63 329 1
64 205 -1
64 264 -1
64 277 -1
64 283 -1
64 297 -1
64 320 -1
64 324 -1
64 325 -1
64 327 -1
64 330 1
64 331 1
64 332 1
64 333 1
65 211 -1
65 271 -1
65 284 -1
65 305 -1
65 322 -1
65 326 -1
65 330 -1
65 334 1
65 335 1
66 278 -1
66 289 -1
66 293 -1
66 298 -1
66 308 -1
66 328 -1
66 331 -1
66 336 1
66 337 1
67 285 -1
67 299 -1
67 303 -1
67 306 -1
67 311 -1
67 332 -1
67 334 -1
67 338 1
67 339 1
68 229 -1
68 290 -1
68 309 -1
68 329 -1
68 336 -1
68 340 1
69 234 -1
69 300 -1
69 310 -1
69 312 -1
69 333 -1
69 337 -1
69 338 -1
69 340 -1
69 341 1
70 237 -1
70 307 -1
70 313 -1
70 335 -1
70 339 -1
70 341 -1
