0 0 1
0 1 1
1 0 -1
1 2 1
1 3 1
1 4 1
2 2 -1
2 5 1
3 1 -1
3 3 -1
3 6 1
3 7 1
4 4 -1
4 5 -1
4 6 -1
4 8 1
5 7 -1
5 8 -1
6 9 1
6 10 1
7 0 1
7 11 1
7 12 1
7 13 1
8 9 -1
8 14 1
8 15 1
8 16 1
9 11 -1
9 14 -1
9 17 1
10 1 1
10 12 -1
10 18 1
10 19 1
11 10 -1
11 15 -1
11 20 1
11 21 1
12 13 -1
12 16 -1
12 17 -1
12 18 -1
12 20 -1
12 22 1
13 19 -1
13 21 -1
13 22 -1
14 9 1
14 23 1
14 24 1
14 25 1
15 23 -1
15 26 1
16 10 1
16 24 -1
16 27 1
16 28 1
17 25 -1
17 26 -1
17 27 -1
17 29 1
18 28 -1
18 29 -1
19 2 1
19 30 1
19 31 1
19 32 1
20 11 1
20 30 -1
20 33 1
20 34 1
21 3 1
21 12 1
21 35 1
21 36 1
21 37 1
22 4 1
22 31 -1
22 35 -1
22 38 1
22 39 1
23 36 -1
23 38 -1
23 40 1
23 41 1
24 13 1
24 33 -1
24 37 -1
24 40 -1
24 42 1
25 32 -1
25 34 -1
25 39 -1
25 41 -1
25 42 -1
26 14 1
26 43 1
26 44 1
26 45 1
27 23 1
27 43 -1
27 46 1
27 47 1
28 15 1
28 24 1
28 48 1
28 49 1
28 50 1
29 16 1
29 44 -1
29 48 -1
29 51 1
29 52 1
30 49 -1
30 51 -1
30 53 1
30 54 1
31 25 1
31 46 -1
31 50 -1
31 53 -1
31 55 1
32 45 -1
32 47 -1
32 52 -1
32 54 -1
32 55 -1
33 30 1
33 56 1
33 57 1
34 56 -1
34 58 1
34 59 1
34 60 1
35 58 -1
35 61 1
36 5 1
36 31 1
36 62 1
36 63 1
37 32 1
37 57 -1
37 59 -1
37 62 -1
37 64 1
37 65 1
38 60 -1
38 61 -1
38 64 -1
38 66 1
39 63 -1
39 65 -1
39 66 -1
40 43 1
40 67 1
40 68 1
41 56 1
41 69 1
41 70 1
41 71 1
42 67 -1
42 72 1
42 73 1
42 74 1
43 69 -1
43 72 -1
43 75 1
44 17 1
44 33 1
44 44 1
44 76 1
44 77 1
44 78 1
45 34 1
45 57 1
45 70 -1
45 76 -1
45 79 1
45 80 1
46 45 1
46 68 -1
46 73 -1
46 77 -1
46 81 1
46 82 1
47 71 -1
47 74 -1
47 75 -1
47 79 -1
47 81 -1
47 83 1
48 78 -1
48 80 -1
48 82 -1
48 83 -1
49 67 1
49 84 1
49 85 1
49 86 1
50 84 -1
50 87 1
51 26 1
51 46 1
51 88 1
51 89 1
52 47 1
52 68 1
52 85 -1
52 88 -1
52 90 1
52 91 1
53 86 -1
53 87 -1
53 90 -1
53 92 1
54 89 -1
54 91 -1
54 92 -1
55 58 1
55 93 1
55 94 1
55 95 1
56 69 1
56 93 -1
56 96 1
56 97 1
57 59 1
57 70 1
57 98 1
57 99 1
57 100 1
58 60 1
58 94 -1
58 98 -1
58 101 1
58 102 1
59 99 -1
59 101 -1
59 103 1
59 104 1
60 71 1
60 96 -1
60 100 -1
60 103 -1
60 105 1
61 95 -1
61 97 -1
61 102 -1
61 104 -1
61 105 -1
62 72 1
62 106 1
62 107 1
62 108 1
63 84 1
63 106 -1
63 109 1
63 110 1
64 73 1
64 85 1
64 111 1
64 112 1
64 113 1
65 74 1
65 107 -1
65 111 -1
65 114 1
65 115 1
66 112 -1
66 114 -1
66 116 1
66 117 1
67 86 1
67 109 -1
67 113 -1
67 116 -1
67 118 1
68 108 -1
68 110 -1
68 115 -1
68 117 -1
68 118 -1
69 93 1
69 119 1
70 61 1
70 94 1
70 120 1
70 121 1
71 95 1
71 119 -1
71 120 -1
71 122 1
72 121 -1
72 122 -1
73 106 1
73 123 1
74 75 1
74 96 1
74 107 1
74 124 1
74 125 1
74 126 1
75 97 1
75 119 1
75 124 -1
75 127 1
76 108 1
76 123 -1
76 125 -1
76 128 1
77 126 -1
77 127 -1
77 128 -1
78 87 1
78 109 1
78 129 1
78 130 1
79 110 1
79 123 1
79 129 -1
79 131 1
80 130 -1
80 131 -1
81 6 1
81 35 1
81 132 1
81 133 1
81 134 1
82 36 1
82 132 -1
82 135 1
82 136 1
83 18 1
83 37 1
83 135 -1
83 137 1
83 138 1
84 7 1
84 133 -1
84 139 1
84 140 1
85 19 1
85 137 -1
85 139 -1
85 141 1
86 134 -1
86 136 -1
86 138 -1
86 140 -1
86 141 -1
87 20 1
87 48 1
87 142 1
87 143 1
87 144 1
88 49 1
88 142 -1
88 145 1
88 146 1
89 27 1
89 50 1
89 145 -1
89 147 1
89 148 1
90 21 1
90 143 -1
90 149 1
90 150 1
91 28 1
91 147 -1
91 149 -1
91 151 1
92 144 -1
92 146 -1
92 148 -1
92 150 -1
92 151 -1
93 38 1
93 132 1
93 152 1
93 153 1
94 39 1
94 62 1
94 152 -1
94 154 1
94 155 1
95 8 1
95 133 1
95 156 1
95 157 1
96 134 1
96 153 -1
96 154 -1
96 156 -1
96 158 1
97 63 1
97 155 -1
97 157 -1
97 158 -1
98 40 1
98 135 1
98 159 1
98 160 1
99 41 1
99 152 1
99 159 -1
99 161 1
100 136 1
100 153 1
100 160 -1
100 161 -1
101 51 1
101 142 1
101 162 1
101 163 1
102 42 1
102 76 1
102 159 1
102 164 1
102 165 1
103 52 1
103 77 1
103 162 -1
103 166 1
103 167 1
104 22 1
104 137 1
104 143 1
104 168 1
104 169 1
104 170 1
105 138 1
105 160 1
105 164 -1
105 168 -1
105 171 1
106 144 1
106 163 -1
106 166 -1
106 169 -1
106 172 1
107 78 1
107 165 -1
107 167 -1
107 170 -1
107 171 -1
107 172 -1
108 53 1
108 145 1
108 173 1
108 174 1
109 54 1
109 162 1
109 173 -1
109 175 1
110 146 1
110 163 1
110 174 -1
110 175 -1
111 55 1
111 88 1
111 173 1
111 176 1
111 177 1
112 29 1
112 147 1
112 178 1
112 179 1
113 148 1
113 174 1
113 176 -1
113 178 -1
113 180 1
114 89 1
114 177 -1
114 179 -1
114 180 -1
115 64 1
115 98 1
115 181 1
115 182 1
115 183 1
116 99 1
116 181 -1
116 184 1
116 185 1
117 79 1
117 100 1
117 184 -1
117 186 1
117 187 1
118 154 1
118 161 1
118 164 1
118 188 1
118 189 1
119 65 1
119 155 1
119 182 -1
119 188 -1
119 190 1
119 191 1
120 80 1
120 165 1
120 186 -1
120 189 -1
120 190 -1
120 192 1
121 183 -1
121 185 -1
121 187 -1
121 191 -1
121 192 -1
122 81 1
122 111 1
122 193 1
122 194 1
122 195 1
123 112 1
123 193 -1
123 196 1
123 197 1
124 90 1
124 113 1
124 196 -1
124 198 1
124 199 1
125 166 1
125 175 1
125 176 1
125 200 1
125 201 1
126 82 1
126 167 1
126 194 -1
126 200 -1
126 202 1
126 203 1
127 91 1
127 177 1
127 198 -1
127 201 -1
127 202 -1
127 204 1
128 195 -1
128 197 -1
128 199 -1
128 203 -1
128 204 -1
129 101 1
129 181 1
129 205 1
129 206 1
130 102 1
130 120 1
130 205 -1
130 207 1
130 208 1
131 66 1
131 182 1
131 209 1
131 210 1
132 183 1
132 206 -1
132 207 -1
132 209 -1
132 211 1
133 121 1
133 208 -1
133 210 -1
133 211 -1
134 103 1
134 184 1
134 212 1
134 213 1
135 104 1
135 205 1
135 212 -1
135 214 1
136 185 1
136 206 1
136 213 -1
136 214 -1
137 114 1
137 193 1
137 215 1
137 216 1
138 105 1
138 124 1
138 212 1
138 217 1
138 218 1
139 115 1
139 125 1
139 215 -1
139 219 1
139 220 1
140 83 1
140 186 1
140 194 1
140 221 1
140 222 1
140 223 1
141 187 1
141 213 1
141 217 -1
141 221 -1
141 224 1
142 195 1
142 216 -1
142 219 -1
142 222 -1
142 225 1
143 126 1
143 218 -1
143 220 -1
143 223 -1
143 224 -1
143 225 -1
144 116 1
144 196 1
144 226 1
144 227 1
145 117 1
145 215 1
145 226 -1
145 228 1
146 197 1
146 216 1
146 227 -1
146 228 -1
147 118 1
147 129 1
147 226 1
147 229 1
147 230 1
148 92 1
148 198 1
148 231 1
148 232 1
149 199 1
149 227 1
149 229 -1
149 231 -1
149 233 1
150 130 1
150 230 -1
150 232 -1
150 233 -1
151 207 1
151 214 1
151 217 1
151 234 1
151 235 1
152 122 1
152 208 1
152 234 -1
152 236 1
153 127 1
153 218 1
153 235 -1
153 236 -1
154 219 1
154 228 1
154 229 1
154 237 1
154 238 1
155 128 1
155 220 1
155 237 -1
155 239 1
156 131 1
156 230 1
156 238 -1
156 239 -1
157 139 1
157 240 1
157 241 1
158 140 1
158 156 1
158 240 -1
158 242 1
158 243 1
158 244 1
159 157 1
159 242 -1
159 245 1
160 241 -1
160 243 -1
160 246 1
160 247 1
161 244 -1
161 245 -1
161 246 -1
161 248 1
162 247 -1
162 248 -1
163 149 1
163 249 1
163 250 1
164 141 1
164 168 1
164 240 1
164 251 1
164 252 1
164 253 1
165 150 1
165 169 1
165 249 -1
165 254 1
165 255 1
165 256 1
166 170 1
166 251 -1
166 254 -1
166 257 1
167 241 1
167 252 -1
167 258 1
167 259 1
168 250 -1
168 255 -1
168 260 1
168 261 1
169 253 -1
169 256 -1
169 257 -1
169 258 -1
169 260 -1
169 262 1
170 259 -1
170 261 -1
170 262 -1
171 151 1
171 178 1
171 249 1
171 263 1
171 264 1
171 265 1
172 179 1
172 263 -1
172 266 1
173 250 1
173 264 -1
173 267 1
173 268 1
174 265 -1
174 266 -1
174 267 -1
174 269 1
175 268 -1
175 269 -1
176 158 1
176 188 1
176 242 1
176 270 1
176 271 1
176 272 1
177 171 1
177 189 1
177 251 1
177 270 -1
177 273 1
177 274 1
178 243 1
178 252 1
178 275 1
178 276 1
178 277 1
179 244 1
179 271 -1
179 275 -1
179 278 1
179 279 1
180 276 -1
180 278 -1
180 280 1
180 281 1
181 253 1
181 273 -1
181 277 -1
181 280 -1
181 282 1
182 272 -1
182 274 -1
182 279 -1
182 281 -1
182 282 -1
183 172 1
183 200 1
183 254 1
183 283 1
183 284 1
183 285 1
184 180 1
184 201 1
184 263 1
184 283 -1
184 286 1
184 287 1
185 255 1
185 264 1
185 288 1
185 289 1
185 290 1
186 256 1
186 284 -1
186 288 -1
186 291 1
186 292 1
187 289 -1
187 291 -1
187 293 1
187 294 1
188 265 1
188 286 -1
188 290 -1
188 293 -1
188 295 1
189 285 -1
189 287 -1
189 292 -1
189 294 -1
189 295 -1
190 190 1
190 270 1
190 296 1
190 297 1
191 191 1
191 209 1
191 296 -1
191 298 1
191 299 1
191 300 1
192 210 1
192 298 -1
192 301 1
193 245 1
193 271 1
193 302 1
193 303 1
194 272 1
194 297 -1
194 299 -1
194 302 -1
194 304 1
194 305 1
195 300 -1
195 301 -1
195 304 -1
195 306 1
196 303 -1
196 305 -1
196 306 -1
197 202 1
197 283 1
197 307 1
197 308 1
198 192 1
198 221 1
198 296 1
198 309 1
198 310 1
198 311 1
199 203 1
199 222 1
199 307 -1
199 312 1
199 313 1
199 314 1
200 223 1
200 309 -1
200 312 -1
200 315 1
201 257 1
201 273 1
201 284 1
201 316 1
201 317 1
201 318 1
202 274 1
202 297 1
202 310 -1
202 316 -1
202 319 1
202 320 1
203 285 1
203 308 -1
203 313 -1
203 317 -1
203 321 1
203 322 1
204 311 -1
204 314 -1
204 315 -1
204 319 -1
204 321 -1
204 323 1
205 318 -1
205 320 -1
205 322 -1
205 323 -1
206 204 1
206 231 1
206 307 1
206 324 1
206 325 1
206 326 1
207 232 1
207 324 -1
207 327 1
208 266 1
208 286 1
208 328 1
208 329 1
209 287 1
209 308 1
209 325 -1
209 328 -1
209 330 1
209 331 1
210 326 -1
210 327 -1
210 330 -1
210 332 1
211 329 -1
211 331 -1
211 332 -1
212 211 1
212 234 1
212 298 1
212 333 1
212 334 1
212 335 1
213 224 1
213 235 1
213 309 1
213 333 -1
213 336 1
213 337 1
214 299 1
214 310 1
214 338 1
214 339 1
214 340 1
215 300 1
215 334 -1
215 338 -1
215 341 1
215 342 1
216 339 -1
216 341 -1
216 343 1
216 344 1
217 311 1
217 336 -1
217 340 -1
217 343 -1
217 345 1
218 335 -1
218 337 -1
218 342 -1
218 344 -1
218 345 -1
219 225 1
219 237 1
219 312 1
219 346 1
219 347 1
219 348 1
220 233 1
220 238 1
220 324 1
220 346 -1
220 349 1
220 350 1
221 313 1
221 325 1
221 351 1
221 352 1
221 353 1
222 314 1
222 347 -1
222 351 -1
222 354 1
222 355 1
223 352 -1
223 354 -1
223 356 1
223 357 1
224 326 1
224 349 -1
224 353 -1
224 356 -1
224 358 1
225 348 -1
225 350 -1
225 355 -1
225 357 -1
225 358 -1
226 236 1
226 333 1
226 359 1
227 301 1
227 334 1
227 360 1
227 361 1
228 335 1
228 359 -1
228 360 -1
228 362 1
229 361 -1
229 362 -1
230 239 1
230 346 1
230 363 1
231 315 1
231 336 1
231 347 1
231 364 1
231 365 1
231 366 1
232 337 1
232 359 1
232 364 -1
232 367 1
233 348 1
233 363 -1
233 365 -1
233 368 1
234 366 -1
234 367 -1
234 368 -1
235 327 1
235 349 1
235 369 1
235 370 1
236 350 1
236 363 1
236 369 -1
236 371 1
237 370 -1
237 371 -1
238 246 1
238 275 1
238 372 1
238 373 1
238 374 1
239 276 1
239 372 -1
239 375 1
239 376 1
240 258 1
240 277 1
240 375 -1
240 377 1
240 378 1
241 247 1
241 373 -1
241 379 1
241 380 1
242 259 1
242 377 -1
242 379 -1
242 381 1
243 374 -1
243 376 -1
243 378 -1
243 380 -1
243 381 -1
244 260 1
244 288 1
244 382 1
244 383 1
244 384 1
245 289 1
245 382 -1
245 385 1
245 386 1
246 267 1
246 290 1
246 385 -1
246 387 1
246 388 1
247 261 1
247 383 -1
247 389 1
247 390 1
248 268 1
248 387 -1
248 389 -1
248 391 1
249 384 -1
249 386 -1
249 388 -1
249 390 -1
249 391 -1
250 278 1
250 372 1
250 392 1
250 393 1
251 279 1
251 302 1
251 392 -1
251 394 1
251 395 1
252 248 1
252 373 1
252 396 1
252 397 1
253 374 1
253 393 -1
253 394 -1
253 396 -1
253 398 1
254 303 1
254 395 -1
254 397 -1
254 398 -1
255 280 1
255 375 1
255 399 1
255 400 1
256 281 1
256 392 1
256 399 -1
256 401 1
257 376 1
257 393 1
257 400 -1
257 401 -1
258 291 1
258 382 1
258 402 1
258 403 1
259 282 1
259 316 1
259 399 1
259 404 1
259 405 1
260 292 1
260 317 1
260 402 -1
260 406 1
260 407 1
261 262 1
261 377 1
261 383 1
261 408 1
261 409 1
261 410 1
262 378 1
262 400 1
262 404 -1
262 408 -1
262 411 1
263 384 1
263 403 -1
263 406 -1
263 409 -1
263 412 1
264 318 1
264 405 -1
264 407 -1
264 410 -1
264 411 -1
264 412 -1
265 293 1
265 385 1
265 413 1
265 414 1
266 294 1
266 402 1
266 413 -1
266 415 1
267 386 1
267 403 1
267 414 -1
267 415 -1
268 295 1
268 328 1
268 413 1
268 416 1
268 417 1
269 269 1
269 387 1
269 418 1
269 419 1
270 388 1
270 414 1
270 416 -1
270 418 -1
270 420 1
271 329 1
271 417 -1
271 419 -1
271 420 -1
272 304 1
272 338 1
272 421 1
272 422 1
272 423 1
273 339 1
273 421 -1
273 424 1
273 425 1
274 319 1
274 340 1
274 424 -1
274 426 1
274 427 1
275 394 1
275 401 1
275 404 1
275 428 1
275 429 1
276 305 1
276 395 1
276 422 -1
276 428 -1
276 430 1
276 431 1
277 320 1
277 405 1
277 426 -1
277 429 -1
277 430 -1
277 432 1
278 423 -1
278 425 -1
278 427 -1
278 431 -1
278 432 -1
279 321 1
279 351 1
279 433 1
279 434 1
279 435 1
280 352 1
280 433 -1
280 436 1
280 437 1
281 330 1
281 353 1
281 436 -1
281 438 1
281 439 1
282 406 1
282 415 1
282 416 1
282 440 1
282 441 1
283 322 1
283 407 1
283 434 -1
283 440 -1
283 442 1
283 443 1
284 331 1
284 417 1
284 438 -1
284 441 -1
284 442 -1
284 444 1
285 435 -1
285 437 -1
285 439 -1
285 443 -1
285 444 -1
286 341 1
286 421 1
286 445 1
286 446 1
287 342 1
287 360 1
287 445 -1
287 447 1
287 448 1
288 306 1
288 422 1
288 449 1
288 450 1
289 423 1
289 446 -1
289 447 -1
289 449 -1
289 451 1
290 361 1
290 448 -1
290 450 -1
290 451 -1
291 343 1
291 424 1
291 452 1
291 453 1
292 344 1
292 445 1
292 452 -1
292 454 1
293 425 1
293 446 1
293 453 -1
293 454 -1
294 354 1
294 433 1
294 455 1
294 456 1
295 345 1
295 364 1
295 452 1
295 457 1
295 458 1
296 355 1
296 365 1
296 455 -1
296 459 1
296 460 1
297 323 1
297 426 1
297 434 1
297 461 1
297 462 1
297 463 1
298 427 1
298 453 1
298 457 -1
298 461 -1
298 464 1
299 435 1
299 456 -1
299 459 -1
299 462 -1
299 465 1
300 366 1
300 458 -1
300 460 -1
300 463 -1
300 464 -1
300 465 -1
301 356 1
301 436 1
301 466 1
301 467 1
302 357 1
302 455 1
302 466 -1
302 468 1
303 437 1
303 456 1
303 467 -1
303 468 -1
304 358 1
304 369 1
304 466 1
304 469 1
304 470 1
305 332 1
305 438 1
305 471 1
305 472 1
306 439 1
306 467 1
306 469 -1
306 471 -1
306 473 1
307 370 1
307 470 -1
307 472 -1
307 473 -1
308 447 1
308 454 1
308 457 1
308 474 1
308 475 1
309 362 1
309 448 1
309 474 -1
309 476 1
310 367 1
310 458 1
310 475 -1
310 476 -1
311 459 1
311 468 1
311 469 1
311 477 1
311 478 1
312 368 1
312 460 1
312 477 -1
312 479 1
313 371 1
313 470 1
313 478 -1
313 479 -1
314 379 1
314 480 1
315 380 1
315 396 1
315 480 -1
315 481 1
316 397 1
316 481 -1
317 389 1
317 482 1
318 381 1
318 408 1
318 480 1
318 483 1
319 390 1
319 409 1
319 482 -1
319 484 1
320 410 1
320 483 -1
320 484 -1
321 391 1
321 418 1
321 482 1
321 485 1
322 419 1
322 485 -1
323 398 1
323 428 1
323 481 1
323 486 1
324 411 1
324 429 1
324 483 1
324 486 -1
325 412 1
325 440 1
325 484 1
325 487 1
326 420 1
326 441 1
326 485 1
326 487 -1
327 430 1
327 486 1
327 488 1
328 431 1
328 449 1
328 488 -1
328 489 1
329 450 1
329 489 -1
330 442 1
330 487 1
330 490 1
331 432 1
331 461 1
331 488 1
331 491 1
332 443 1
332 462 1
332 490 -1
332 492 1
333 463 1
333 491 -1
333 492 -1
334 444 1
334 471 1
334 490 1
334 493 1
335 472 1
335 493 -1
336 451 1
336 474 1
336 489 1
336 494 1
337 464 1
337 475 1
337 491 1
337 494 -1
338 465 1
338 477 1
338 492 1
338 495 1
339 473 1
339 478 1
339 493 1
339 495 -1
340 476 1
340 494 1
341 479 1
341 495 1
