0 0 1
1 0 1
2 1 -1
3 0 -1
3 2 1
4 1 1
4 2 -1
5 1 -1
6 2 1
6 3 -1
7 3 1
8 3 -1
9 4 -1
10 4 1
11 5 1
12 0 1
12 6 -1
13 5 -1
13 6 1
14 7 -1
15 4 -1
15 8 1
16 7 1
16 8 -1
17 5 1
17 7 -1
18 6 -1
18 9 1
19 9 -1
20 8 1
20 10 -1
21 10 1
22 9 1
22 10 -1
23 11 1
24 4 1
24 12 -1
25 11 -1
25 12 1
26 11 1
27 12 -1
27 13 1
28 13 -1
29 13 1
30 14 1
31 1 1
31 15 -1
32 14 -1
32 15 1
33 5 -1
33 16 1
34 14 1
34 16 -1
35 2 -1
35 17 1
36 17 -1
36 18 1
37 6 1
37 18 -1
38 17 1
38 19 -1
39 15 -1
39 19 1
40 18 1
40 20 -1
41 19 -1
41 20 1
42 16 1
42 20 -1
43 21 1
44 7 1
44 22 -1
45 21 -1
45 22 1
46 11 -1
46 23 1
47 21 1
47 23 -1
48 8 -1
48 24 1
49 24 -1
49 25 1
50 12 1
50 25 -1
51 24 1
51 26 -1
52 22 -1
52 26 1
53 25 1
53 27 -1
54 26 -1
54 27 1
55 23 1
55 27 -1
56 28 -1
57 14 -1
57 28 1
58 29 -1
59 28 -1
59 30 1
60 29 1
60 30 -1
61 29 -1
62 15 1
62 31 -1
63 31 1
64 30 1
64 32 -1
65 31 -1
65 32 1
66 32 -1
67 33 -1
68 21 -1
68 33 1
69 34 1
70 28 1
70 35 -1
71 34 -1
71 35 1
72 36 -1
73 33 -1
73 37 1
74 36 1
74 37 -1
75 34 1
75 36 -1
76 16 -1
76 38 1
77 22 1
77 39 -1
78 38 -1
78 39 1
79 35 -1
79 40 1
80 38 1
80 40 -1
81 37 1
81 41 -1
82 39 -1
82 41 1
83 40 1
83 41 -1
84 42 1
85 33 1
85 43 -1
86 42 -1
86 43 1
87 42 1
88 23 -1
88 44 1
89 44 -1
90 43 -1
90 45 1
91 44 1
91 45 -1
92 45 1
93 46 1
94 29 1
94 47 -1
95 46 -1
95 47 1
96 34 -1
96 48 1
97 46 1
97 48 -1
98 30 -1
98 49 1
99 49 -1
99 50 1
100 35 1
100 50 -1
101 49 1
101 51 -1
102 47 -1
102 51 1
103 50 1
103 52 -1
104 51 -1
104 52 1
105 48 1
105 52 -1
106 53 1
107 36 1
107 54 -1
108 53 -1
108 54 1
109 42 -1
109 55 1
110 53 1
110 55 -1
111 37 -1
111 56 1
112 56 -1
112 57 1
113 43 1
113 57 -1
114 56 1
114 58 -1
115 54 -1
115 58 1
116 57 1
116 59 -1
117 58 -1
117 59 1
118 55 1
118 59 -1
119 46 -1
120 47 1
120 60 -1
121 60 1
122 60 -1
123 53 -1
124 48 -1
124 61 1
125 54 1
125 62 -1
126 61 -1
126 62 1
127 61 1
128 62 -1
129 55 -1
129 63 1
130 63 -1
131 63 1
132 17 -1
132 64 1
133 3 1
133 65 -1
134 64 -1
134 65 1
135 18 -1
135 66 1
136 64 1
136 66 -1
137 9 -1
137 67 1
138 66 1
138 67 -1
139 68 -1
140 65 -1
140 68 1
141 67 1
141 68 -1
142 24 -1
142 69 1
143 10 1
143 70 -1
144 69 -1
144 70 1
145 25 -1
145 71 1
146 69 1
146 71 -1
147 13 -1
147 72 1
148 71 1
148 72 -1
149 73 -1
150 70 -1
150 73 1
151 72 1
151 73 -1
152 19 1
152 74 -1
153 64 -1
153 74 1
154 74 -1
154 75 1
155 31 1
155 75 -1
156 65 1
156 76 -1
157 76 1
158 75 1
158 76 -1
159 20 1
159 77 -1
160 66 -1
160 77 1
161 74 1
161 77 -1
162 26 1
162 78 -1
163 69 -1
163 78 1
164 77 1
164 79 -1
165 38 -1
165 79 1
166 78 -1
166 80 1
167 39 1
167 80 -1
168 67 -1
168 81 1
169 70 1
169 82 -1
170 81 -1
170 82 1
171 79 -1
171 81 1
172 80 1
172 82 -1
173 27 1
173 83 -1
174 71 -1
174 83 1
175 78 1
175 83 -1
176 83 1
176 84 -1
177 44 -1
177 84 1
178 72 -1
178 85 1
179 85 -1
180 84 -1
180 85 1
181 49 -1
181 86 1
182 32 1
182 87 -1
183 86 -1
183 87 1
184 50 -1
184 88 1
185 86 1
185 88 -1
186 40 -1
186 89 1
187 88 1
187 89 -1
188 75 -1
188 90 1
189 79 1
189 90 -1
190 90 1
190 91 -1
191 87 -1
191 91 1
192 89 1
192 91 -1
193 56 -1
193 92 1
194 41 1
194 93 -1
195 92 -1
195 93 1
196 57 -1
196 94 1
197 92 1
197 94 -1
198 45 -1
198 95 1
199 94 1
199 95 -1
200 80 -1
200 96 1
201 84 1
201 96 -1
202 96 1
202 97 -1
203 93 -1
203 97 1
204 95 1
204 97 -1
205 51 1
205 98 -1
206 86 -1
206 98 1
207 98 -1
207 99 1
208 60 1
208 99 -1
209 87 1
209 100 -1
210 100 1
211 99 1
211 100 -1
212 52 1
212 101 -1
213 88 -1
213 101 1
214 98 1
214 101 -1
215 58 1
215 102 -1
216 92 -1
216 102 1
217 101 1
217 103 -1
218 61 -1
218 103 1
219 102 -1
219 104 1
220 62 1
220 104 -1
221 89 -1
221 105 1
222 93 1
222 106 -1
223 105 -1
223 106 1
224 103 -1
224 105 1
225 104 1
225 106 -1
226 59 1
226 107 -1
227 94 -1
227 107 1
228 102 1
228 107 -1
229 107 1
229 108 -1
230 63 -1
230 108 1
231 95 -1
231 109 1
232 109 -1
233 108 -1
233 109 1
234 99 -1
234 110 1
235 103 1
235 110 -1
236 110 1
237 104 -1
237 111 1
238 108 1
238 111 -1
239 111 1
240 68 1
240 112 -1
241 112 1
242 76 1
242 113 -1
243 112 -1
243 114 1
244 113 1
244 114 -1
245 113 -1
246 114 1
246 115 -1
247 115 1
248 115 -1
249 73 1
249 116 -1
250 116 1
251 81 -1
251 117 1
252 112 1
252 118 -1
253 117 -1
253 118 1
254 82 1
254 119 -1
255 116 -1
255 120 1
256 119 1
256 120 -1
257 117 1
257 119 -1
258 118 -1
258 121 1
259 121 -1
260 120 1
260 122 -1
261 122 1
262 121 1
262 122 -1
263 85 -1
263 123 1
264 116 1
264 124 -1
265 123 -1
265 124 1
266 123 1
267 124 -1
267 125 1
268 125 -1
269 125 1
270 90 -1
270 126 1
271 113 1
271 127 -1
272 126 -1
272 127 1
273 117 -1
273 128 1
274 126 1
274 128 -1
275 114 -1
275 129 1
276 129 -1
276 130 1
277 118 1
277 130 -1
278 129 1
278 131 -1
279 127 -1
279 131 1
280 130 1
280 132 -1
281 131 -1
281 132 1
282 128 1
282 132 -1
283 96 -1
283 133 1
284 119 1
284 134 -1
285 133 -1
285 134 1
286 123 -1
286 135 1
287 133 1
287 135 -1
288 120 -1
288 136 1
289 136 -1
289 137 1
290 124 1
290 137 -1
291 136 1
291 138 -1
292 134 -1
292 138 1
293 137 1
293 139 -1
294 138 -1
294 139 1
295 135 1
295 139 -1
296 91 1
296 140 -1
297 126 -1
297 140 1
298 100 1
298 141 -1
299 140 -1
299 142 1
300 141 1
300 142 -1
301 141 -1
302 127 1
302 143 -1
303 143 1
304 142 1
304 144 -1
305 143 -1
305 144 1
306 144 -1
307 97 1
307 145 -1
308 133 -1
308 145 1
309 105 -1
309 146 1
310 140 1
310 147 -1
311 146 -1
311 147 1
312 106 1
312 148 -1
313 145 -1
313 149 1
314 148 1
314 149 -1
315 146 1
315 148 -1
316 128 -1
316 150 1
317 134 1
317 151 -1
318 150 -1
318 151 1
319 147 -1
319 152 1
320 150 1
320 152 -1
321 149 1
321 153 -1
322 151 -1
322 153 1
323 152 1
323 153 -1
324 109 -1
324 154 1
325 145 1
325 155 -1
326 154 -1
326 155 1
327 154 1
328 135 -1
328 156 1
329 156 -1
330 155 -1
330 157 1
331 156 1
331 157 -1
332 157 1
333 110 -1
333 158 1
334 141 1
334 159 -1
335 158 -1
335 159 1
336 146 -1
336 160 1
337 158 1
337 160 -1
338 142 -1
338 161 1
339 161 -1
339 162 1
340 147 1
340 162 -1
341 161 1
341 163 -1
342 159 -1
342 163 1
343 162 1
343 164 -1
344 163 -1
344 164 1
345 160 1
345 164 -1
346 111 -1
346 165 1
347 148 1
347 166 -1
348 165 -1
348 166 1
349 154 -1
349 167 1
350 165 1
350 167 -1
351 149 -1
351 168 1
352 168 -1
352 169 1
353 155 1
353 169 -1
354 168 1
354 170 -1
355 166 -1
355 170 1
356 169 1
356 171 -1
357 170 -1
357 171 1
358 167 1
358 171 -1
359 158 -1
360 159 1
360 172 -1
361 172 1
362 172 -1
363 165 -1
364 160 -1
364 173 1
365 166 1
365 174 -1
366 173 -1
366 174 1
367 173 1
368 174 -1
369 167 -1
369 175 1
370 175 -1
371 175 1
372 129 -1
372 176 1
373 115 1
373 177 -1
374 176 -1
374 177 1
375 130 -1
375 178 1
376 176 1
376 178 -1
377 121 -1
377 179 1
378 178 1
378 179 -1
379 180 -1
380 177 -1
380 180 1
381 179 1
381 180 -1
382 136 -1
382 181 1
383 122 1
383 182 -1
384 181 -1
384 182 1
385 137 -1
385 183 1
386 181 1
386 183 -1
387 125 -1
387 184 1
388 183 1
388 184 -1
389 185 -1
390 182 -1
390 185 1
391 184 1
391 185 -1
392 131 1
392 186 -1
393 176 -1
393 186 1
394 186 -1
394 187 1
395 143 1
395 187 -1
396 177 1
396 188 -1
397 188 1
398 187 1
398 188 -1
399 132 1
399 189 -1
400 178 -1
400 189 1
401 186 1
401 189 -1
402 138 1
402 190 -1
403 181 -1
403 190 1
404 189 1
404 191 -1
405 150 -1
405 191 1
406 190 -1
406 192 1
407 151 1
407 192 -1
408 179 -1
408 193 1
409 182 1
409 194 -1
410 193 -1
410 194 1
411 191 -1
411 193 1
412 192 1
412 194 -1
413 139 1
413 195 -1
414 183 -1
414 195 1
415 190 1
415 195 -1
416 195 1
416 196 -1
417 156 -1
417 196 1
418 184 -1
418 197 1
419 197 -1
420 196 -1
420 197 1
421 161 -1
421 198 1
422 144 1
422 199 -1
423 198 -1
423 199 1
424 162 -1
424 200 1
425 198 1
425 200 -1
426 152 -1
426 201 1
427 200 1
427 201 -1
428 187 -1
428 202 1
429 191 1
429 202 -1
430 202 1
430 203 -1
431 199 -1
431 203 1
432 201 1
432 203 -1
433 168 -1
433 204 1
434 153 1
434 205 -1
435 204 -1
435 205 1
436 169 -1
436 206 1
437 204 1
437 206 -1
438 157 -1
438 207 1
439 206 1
439 207 -1
440 192 -1
440 208 1
441 196 1
441 208 -1
442 208 1
442 209 -1
443 205 -1
443 209 1
444 207 1
444 209 -1
445 163 1
445 210 -1
446 198 -1
446 210 1
447 210 -1
447 211 1
448 172 1
448 211 -1
449 199 1
449 212 -1
450 212 1
451 211 1
451 212 -1
452 164 1
452 213 -1
453 200 -1
453 213 1
454 210 1
454 213 -1
455 170 1
455 214 -1
456 204 -1
456 214 1
457 213 1
457 215 -1
458 173 -1
458 215 1
459 214 -1
459 216 1
460 174 1
460 216 -1
461 201 -1
461 217 1
462 205 1
462 218 -1
463 217 -1
463 218 1
464 215 -1
464 217 1
465 216 1
465 218 -1
466 171 1
466 219 -1
467 206 -1
467 219 1
468 214 1
468 219 -1
469 219 1
469 220 -1
470 175 -1
470 220 1
471 207 -1
471 221 1
472 221 -1
473 220 -1
473 221 1
474 211 -1
474 222 1
475 215 1
475 222 -1
476 222 1
477 216 -1
477 223 1
478 220 1
478 223 -1
479 223 1
480 180 1
481 188 1
482 185 1
483 193 -1
484 194 1
485 197 -1
486 202 -1
487 208 -1
488 203 1
489 212 1
490 209 1
491 217 -1
492 218 1
493 221 -1
494 222 -1
495 223 -1
