3
4
6
12
13
15
16
18
20
24
25
27
31
32
33
34
35
37
39
42
44
45
46
47
48
50
52
55
59
60
62
64
70
71
73
74
76
77
79
81
85
86
88
90
94
95
96
97
98
100
102
105
107
108
109
110
111
113
115
118
120
124
125
129
133
134
137
138
140
141
143
144
147
148
150
151
154
155
156
158
164
165
166
167
168
169
171
172
176
177
178
180
182
183
186
187
188
189
191
192
194
195
198
199
200
201
203
204
207
208
209
211
217
218
219
220
221
222
224
225
229
230
231
233
234
235
237
238
243
244
246
252
253
255
256
258
260
264
265
267
271
272
273
274
275
277
279
282
284
285
286
287
288
290
292
295
299
300
302
304
310
311
313
314
316
317
319
321
325
326
328
330
334
335
336
337
338
340
342
345
347
348
349
350
351
353
355
358
360
364
365
369
373
374
377
378
380
381
383
384
387
388
390
391
394
395
396
398
404
405
406
407
408
409
411
412
416
417
418
420
422
423
426
427
428
429
431
432
434
435
438
439
440
441
443
444
447
448
449
451
457
458
459
460
461
462
464
465
469
470
471
473
474
475
477
478
