0 1 1
0 5 1
0 9 1
0 41 1
0 45 1
0 97 1
1 0 1
1 2 1
1 5 1
1 6 1
1 10 1
1 41 1
1 42 1
1 47 1
1 98 1
2 1 1
2 3 1
2 6 1
2 7 1
2 11 1
2 42 1
2 43 1
2 49 1
2 99 1
3 2 1
3 4 1
3 7 1
3 8 1
3 12 1
3 43 1
3 44 1
3 51 1
3 100 1
4 3 1
4 8 1
4 13 1
4 44 1
4 53 1
4 101 1
5 0 1
5 1 1
5 9 1
5 10 1
5 41 1
5 45 1
5 46 1
5 47 1
5 54 1
6 1 1
6 2 1
6 10 1
6 11 1
6 42 1
6 47 1
6 48 1
6 49 1
6 55 1
7 2 1
7 3 1
7 11 1
7 12 1
7 43 1
7 49 1
7 50 1
7 51 1
7 56 1
8 3 1
8 4 1
8 12 1
8 13 1
8 44 1
8 51 1
8 52 1
8 53 1
8 57 1
9 0 1
9 5 1
9 10 1
9 14 1
9 18 1
9 45 1
9 54 1
9 58 1
9 106 1
10 1 1
10 5 1
10 6 1
10 9 1
10 11 1
10 14 1
10 15 1
10 19 1
10 47 1
10 54 1
10 55 1
10 60 1
10 107 1
11 2 1
11 6 1
11 7 1
11 10 1
11 12 1
11 15 1
11 16 1
11 20 1
11 49 1
11 55 1
11 56 1
11 62 1
11 108 1
12 3 1
12 7 1
12 8 1
12 11 1
12 13 1
12 16 1
12 17 1
12 21 1
12 51 1
12 56 1
12 57 1
12 64 1
12 109 1
13 4 1
13 8 1
13 12 1
13 17 1
13 22 1
13 53 1
13 57 1
13 66 1
13 110 1
14 9 1
14 10 1
14 18 1
14 19 1
14 54 1
14 58 1
14 59 1
14 60 1
14 67 1
15 10 1
15 11 1
15 19 1
15 20 1
15 55 1
15 60 1
15 61 1
15 62 1
15 68 1
16 11 1
16 12 1
16 20 1
16 21 1
16 56 1
16 62 1
16 63 1
16 64 1
16 69 1
17 12 1
17 13 1
17 21 1
17 22 1
17 57 1
17 64 1
17 65 1
17 66 1
17 70 1
18 9 1
18 14 1
18 19 1
18 23 1
18 27 1
18 58 1
18 67 1
18 71 1
18 115 1
19 10 1
19 14 1
19 15 1
19 18 1
19 20 1
19 23 1
19 24 1
19 28 1
19 60 1
19 67 1
19 68 1
19 73 1
19 116 1
20 11 1
20 15 1
20 16 1
20 19 1
20 21 1
20 24 1
20 25 1
20 29 1
20 62 1
20 68 1
20 69 1
20 75 1
20 117 1
21 12 1
21 16 1
21 17 1
21 20 1
21 22 1
21 25 1
21 26 1
21 30 1
21 64 1
21 69 1
21 70 1
21 77 1
21 118 1
22 13 1
22 17 1
22 21 1
22 26 1
22 31 1
22 66 1
22 70 1
22 79 1
22 119 1
23 18 1
23 19 1
23 27 1
23 28 1
23 67 1
23 71 1
23 72 1
23 73 1
23 80 1
24 19 1
24 20 1
24 28 1
24 29 1
24 68 1
24 73 1
24 74 1
24 75 1
24 81 1
25 20 1
25 21 1
25 29 1
25 30 1
25 69 1
25 75 1
25 76 1
25 77 1
25 82 1
26 21 1
26 22 1
26 30 1
26 31 1
26 70 1
26 77 1
26 78 1
26 79 1
26 83 1
27 18 1
27 23 1
27 28 1
27 32 1
27 36 1
27 71 1
27 80 1
27 84 1
27 124 1
28 19 1
28 23 1
28 24 1
28 27 1
28 29 1
28 32 1
28 33 1
28 37 1
28 73 1
28 80 1
28 81 1
28 86 1
28 125 1
29 20 1
29 24 1
29 25 1
29 28 1
29 30 1
29 33 1
29 34 1
29 38 1
29 75 1
29 81 1
29 82 1
29 88 1
29 126 1
30 21 1
30 25 1
30 26 1
30 29 1
30 31 1
30 34 1
30 35 1
30 39 1
30 77 1
30 82 1
30 83 1
30 90 1
30 127 1
31 22 1
31 26 1
31 30 1
31 35 1
31 40 1
31 79 1
31 83 1
31 92 1
31 128 1
32 27 1
32 28 1
32 36 1
32 37 1
32 80 1
32 84 1
32 85 1
32 86 1
32 93 1
33 28 1
33 29 1
33 37 1
33 38 1
33 81 1
33 86 1
33 87 1
33 88 1
33 94 1
34 29 1
34 30 1
34 38 1
34 39 1
34 82 1
34 88 1
34 89 1
34 90 1
34 95 1
35 30 1
35 31 1
35 39 1
35 40 1
35 83 1
35 90 1
35 91 1
35 92 1
35 96 1
36 27 1
36 32 1
36 37 1
36 84 1
36 93 1
36 133 1
37 28 1
37 32 1
37 33 1
37 36 1
37 38 1
37 86 1
37 93 1
37 94 1
37 134 1
38 29 1
38 33 1
38 34 1
38 37 1
38 39 1
38 88 1
38 94 1
38 95 1
38 135 1
39 30 1
39 34 1
39 35 1
39 38 1
39 40 1
39 90 1
39 95 1
39 96 1
39 136 1
40 31 1
40 35 1
40 39 1
40 92 1
40 96 1
40 137 1
41 0 1
41 1 1
41 5 1
41 45 1
41 46 1
41 47 1
41 97 1
41 98 1
41 102 1
42 1 1
42 2 1
42 6 1
42 47 1
42 48 1
42 49 1
42 98 1
42 99 1
42 103 1
43 2 1
43 3 1
43 7 1
43 49 1
43 50 1
43 51 1
43 99 1
43 100 1
43 104 1
44 3 1
44 4 1
44 8 1
44 51 1
44 52 1
44 53 1
44 100 1
44 101 1
44 105 1
45 0 1
45 5 1
45 9 1
45 41 1
45 46 1
45 54 1
45 97 1
45 102 1
45 106 1
46 5 1
46 41 1
46 45 1
46 47 1
46 54 1
46 102 1
47 1 1
47 5 1
47 6 1
47 10 1
47 41 1
47 42 1
47 46 1
47 48 1
47 54 1
47 55 1
47 98 1
47 102 1
47 103 1
47 107 1
48 6 1
48 42 1
48 47 1
48 49 1
48 55 1
48 103 1
49 2 1
49 6 1
49 7 1
49 11 1
49 42 1
49 43 1
49 48 1
49 50 1
49 55 1
49 56 1
49 99 1
49 103 1
49 104 1
49 108 1
50 7 1
50 43 1
50 49 1
50 51 1
50 56 1
50 104 1
51 3 1
51 7 1
51 8 1
51 12 1
51 43 1
51 44 1
51 50 1
51 52 1
51 56 1
51 57 1
51 100 1
51 104 1
51 105 1
51 109 1
52 8 1
52 44 1
52 51 1
52 53 1
52 57 1
52 105 1
53 4 1
53 8 1
53 13 1
53 44 1
53 52 1
53 57 1
53 101 1
53 105 1
53 110 1
54 5 1
54 9 1
54 10 1
54 14 1
54 45 1
54 46 1
54 47 1
54 58 1
54 59 1
54 60 1
54 102 1
54 106 1
54 107 1
54 111 1
55 6 1
55 10 1
55 11 1
55 15 1
55 47 1
55 48 1
55 49 1
55 60 1
55 61 1
55 62 1
55 103 1
55 107 1
55 108 1
55 112 1
56 7 1
56 11 1
56 12 1
56 16 1
56 49 1
56 50 1
56 51 1
56 62 1
56 63 1
56 64 1
56 104 1
56 108 1
56 109 1
56 113 1
57 8 1
57 12 1
57 13 1
57 17 1
57 51 1
57 52 1
57 53 1
57 64 1
57 65 1
57 66 1
57 105 1
57 109 1
57 110 1
57 114 1
58 9 1
58 14 1
58 18 1
58 54 1
58 59 1
58 67 1
58 106 1
58 111 1
58 115 1
59 14 1
59 54 1
59 58 1
59 60 1
59 67 1
59 111 1
60 10 1
60 14 1
60 15 1
60 19 1
60 54 1
60 55 1
60 59 1
60 61 1
60 67 1
60 68 1
60 107 1
60 111 1
60 112 1
60 116 1
61 15 1
61 55 1
61 60 1
61 62 1
61 68 1
61 112 1
62 11 1
62 15 1
62 16 1
62 20 1
62 55 1
62 56 1
62 61 1
62 63 1
62 68 1
62 69 1
62 108 1
62 112 1
62 113 1
62 117 1
63 16 1
63 56 1
63 62 1
63 64 1
63 69 1
63 113 1
64 12 1
64 16 1
64 17 1
64 21 1
64 56 1
64 57 1
64 63 1
64 65 1
64 69 1
64 70 1
64 109 1
64 113 1
64 114 1
64 118 1
65 17 1
65 57 1
65 64 1
65 66 1
65 70 1
65 114 1
66 13 1
66 17 1
66 22 1
66 57 1
66 65 1
66 70 1
66 110 1
66 114 1
66 119 1
67 14 1
67 18 1
67 19 1
67 23 1
67 58 1
67 59 1
67 60 1
67 71 1
67 72 1
67 73 1
67 111 1
67 115 1
67 116 1
67 120 1
68 15 1
68 19 1
68 20 1
68 24 1
68 60 1
68 61 1
68 62 1
68 73 1
68 74 1
68 75 1
68 112 1
68 116 1
68 117 1
68 121 1
69 16 1
69 20 1
69 21 1
69 25 1
69 62 1
69 63 1
69 64 1
69 75 1
69 76 1
69 77 1
69 113 1
69 117 1
69 118 1
69 122 1
70 17 1
70 21 1
70 22 1
70 26 1
70 64 1
70 65 1
70 66 1
70 77 1
70 78 1
70 79 1
70 114 1
70 118 1
70 119 1
70 123 1
71 18 1
71 23 1
71 27 1
71 67 1
71 72 1
71 80 1
71 115 1
71 120 1
71 124 1
72 23 1
72 67 1
72 71 1
72 73 1
72 80 1
72 120 1
73 19 1
73 23 1
73 24 1
73 28 1
73 67 1
73 68 1
73 72 1
73 74 1
73 80 1
73 81 1
73 116 1
73 120 1
73 121 1
73 125 1
74 24 1
74 68 1
74 73 1
74 75 1
74 81 1
74 121 1
75 20 1
75 24 1
75 25 1
75 29 1
75 68 1
75 69 1
75 74 1
75 76 1
75 81 1
75 82 1
75 117 1
75 121 1
75 122 1
75 126 1
76 25 1
76 69 1
76 75 1
76 77 1
76 82 1
76 122 1
77 21 1
77 25 1
77 26 1
77 30 1
77 69 1
77 70 1
77 76 1
77 78 1
77 82 1
77 83 1
77 118 1
77 122 1
77 123 1
77 127 1
78 26 1
78 70 1
78 77 1
78 79 1
78 83 1
78 123 1
79 22 1
79 26 1
79 31 1
79 70 1
79 78 1
79 83 1
79 119 1
79 123 1
79 128 1
80 23 1
80 27 1
80 28 1
80 32 1
80 71 1
80 72 1
80 73 1
80 84 1
80 85 1
80 86 1
80 120 1
80 124 1
80 125 1
80 129 1
81 24 1
81 28 1
81 29 1
81 33 1
81 73 1
81 74 1
81 75 1
81 86 1
81 87 1
81 88 1
81 121 1
81 125 1
81 126 1
81 130 1
82 25 1
82 29 1
82 30 1
82 34 1
82 75 1
82 76 1
82 77 1
82 88 1
82 89 1
82 90 1
82 122 1
82 126 1
82 127 1
82 131 1
83 26 1
83 30 1
83 31 1
83 35 1
83 77 1
83 78 1
83 79 1
83 90 1
83 91 1
83 92 1
83 123 1
83 127 1
83 128 1
83 132 1
84 27 1
84 32 1
84 36 1
84 80 1
84 85 1
84 93 1
84 124 1
84 129 1
84 133 1
85 32 1
85 80 1
85 84 1
85 86 1
85 93 1
85 129 1
86 28 1
86 32 1
86 33 1
86 37 1
86 80 1
86 81 1
86 85 1
86 87 1
86 93 1
86 94 1
86 125 1
86 129 1
86 130 1
86 134 1
87 33 1
87 81 1
87 86 1
87 88 1
87 94 1
87 130 1
88 29 1
88 33 1
88 34 1
88 38 1
88 81 1
88 82 1
88 87 1
88 89 1
88 94 1
88 95 1
88 126 1
88 130 1
88 131 1
88 135 1
89 34 1
89 82 1
89 88 1
89 90 1
89 95 1
89 131 1
90 30 1
90 34 1
90 35 1
90 39 1
90 82 1
90 83 1
90 89 1
90 91 1
90 95 1
90 96 1
90 127 1
90 131 1
90 132 1
90 136 1
91 35 1
91 83 1
91 90 1
91 92 1
91 96 1
91 132 1
92 31 1
92 35 1
92 40 1
92 83 1
92 91 1
92 96 1
92 128 1
92 132 1
92 137 1
93 32 1
93 36 1
93 37 1
93 84 1
93 85 1
93 86 1
93 129 1
93 133 1
93 134 1
94 33 1
94 37 1
94 38 1
94 86 1
94 87 1
94 88 1
94 130 1
94 134 1
94 135 1
95 34 1
95 38 1
95 39 1
95 88 1
95 89 1
95 90 1
95 131 1
95 135 1
95 136 1
96 35 1
96 39 1
96 40 1
96 90 1
96 91 1
96 92 1
96 132 1
96 136 1
96 137 1
97 0 1
97 41 1
97 45 1
97 98 1
97 102 1
97 106 1
97 138 1
97 142 1
97 194 1
98 1 1
98 41 1
98 42 1
98 47 1
98 97 1
98 99 1
98 102 1
98 103 1
98 107 1
98 138 1
98 139 1
98 144 1
98 195 1
99 2 1
99 42 1
99 43 1
99 49 1
99 98 1
99 100 1
99 103 1
99 104 1
99 108 1
99 139 1
99 140 1
99 146 1
99 196 1
100 3 1
100 43 1
100 44 1
100 51 1
100 99 1
100 101 1
100 104 1
100 105 1
100 109 1
100 140 1
100 141 1
100 148 1
100 197 1
101 4 1
101 44 1
101 53 1
101 100 1
101 105 1
101 110 1
101 141 1
101 150 1
101 198 1
102 41 1
102 45 1
102 46 1
102 47 1
102 54 1
102 97 1
102 98 1
102 106 1
102 107 1
102 138 1
102 142 1
102 143 1
102 144 1
102 151 1
103 42 1
103 47 1
103 48 1
103 49 1
103 55 1
103 98 1
103 99 1
103 107 1
103 108 1
103 139 1
103 144 1
103 145 1
103 146 1
103 152 1
104 43 1
104 49 1
104 50 1
104 51 1
104 56 1
104 99 1
104 100 1
104 108 1
104 109 1
104 140 1
104 146 1
104 147 1
104 148 1
104 153 1
105 44 1
105 51 1
105 52 1
105 53 1
105 57 1
105 100 1
105 101 1
105 109 1
105 110 1
105 141 1
105 148 1
105 149 1
105 150 1
105 154 1
106 9 1
106 45 1
106 54 1
106 58 1
106 97 1
106 102 1
106 107 1
106 111 1
106 115 1
106 142 1
106 151 1
106 155 1
106 203 1
107 10 1
107 47 1
107 54 1
107 55 1
107 60 1
107 98 1
107 102 1
107 103 1
107 106 1
107 108 1
107 111 1
107 112 1
107 116 1
107 144 1
107 151 1
107 152 1
107 157 1
107 204 1
108 11 1
108 49 1
108 55 1
108 56 1
108 62 1
108 99 1
108 103 1
108 104 1
108 107 1
108 109 1
108 112 1
108 113 1
108 117 1
108 146 1
108 152 1
108 153 1
108 159 1
108 205 1
109 12 1
109 51 1
109 56 1
109 57 1
109 64 1
109 100 1
109 104 1
109 105 1
109 108 1
109 110 1
109 113 1
109 114 1
109 118 1
109 148 1
109 153 1
109 154 1
109 161 1
109 206 1
110 13 1
110 53 1
110 57 1
110 66 1
110 101 1
110 105 1
110 109 1
110 114 1
110 119 1
110 150 1
110 154 1
110 163 1
110 207 1
111 54 1
111 58 1
111 59 1
111 60 1
111 67 1
111 106 1
111 107 1
111 115 1
111 116 1
111 151 1
111 155 1
111 156 1
111 157 1
111 164 1
112 55 1
112 60 1
112 61 1
112 62 1
112 68 1
112 107 1
112 108 1
112 116 1
112 117 1
112 152 1
112 157 1
112 158 1
112 159 1
112 165 1
113 56 1
113 62 1
113 63 1
113 64 1
113 69 1
113 108 1
113 109 1
113 117 1
113 118 1
113 153 1
113 159 1
113 160 1
113 161 1
113 166 1
114 57 1
114 64 1
114 65 1
114 66 1
114 70 1
114 109 1
114 110 1
114 118 1
114 119 1
114 154 1
114 161 1
114 162 1
114 163 1
114 167 1
115 18 1
115 58 1
115 67 1
115 71 1
115 106 1
115 111 1
115 116 1
115 120 1
115 124 1
115 155 1
115 164 1
115 168 1
115 212 1
116 19 1
116 60 1
116 67 1
116 68 1
116 73 1
116 107 1
116 111 1
116 112 1
116 115 1
116 117 1
116 120 1
116 121 1
116 125 1
116 157 1
116 164 1
116 165 1
116 170 1
116 213 1
117 20 1
117 62 1
117 68 1
117 69 1
117 75 1
117 108 1
117 112 1
117 113 1
117 116 1
117 118 1
117 121 1
117 122 1
117 126 1
117 159 1
117 165 1
117 166 1
117 172 1
117 214 1
118 21 1
118 64 1
118 69 1
118 70 1
118 77 1
118 109 1
118 113 1
118 114 1
118 117 1
118 119 1
118 122 1
118 123 1
118 127 1
118 161 1
118 166 1
118 167 1
118 174 1
118 215 1
119 22 1
119 66 1
119 70 1
119 79 1
119 110 1
119 114 1
119 118 1
119 123 1
119 128 1
119 163 1
119 167 1
119 176 1
119 216 1
120 67 1
120 71 1
120 72 1
120 73 1
120 80 1
120 115 1
120 116 1
120 124 1
120 125 1
120 164 1
120 168 1
120 169 1
120 170 1
120 177 1
121 68 1
121 73 1
121 74 1
121 75 1
121 81 1
121 116 1
121 117 1
121 125 1
121 126 1
121 165 1
121 170 1
121 171 1
121 172 1
121 178 1
122 69 1
122 75 1
122 76 1
122 77 1
122 82 1
122 117 1
122 118 1
122 126 1
122 127 1
122 166 1
122 172 1
122 173 1
122 174 1
122 179 1
123 70 1
123 77 1
123 78 1
123 79 1
123 83 1
123 118 1
123 119 1
123 127 1
123 128 1
123 167 1
123 174 1
123 175 1
123 176 1
123 180 1
124 27 1
124 71 1
124 80 1
124 84 1
124 115 1
124 120 1
124 125 1
124 129 1
124 133 1
124 168 1
124 177 1
124 181 1
124 221 1
125 28 1
125 73 1
125 80 1
125 81 1
125 86 1
125 116 1
125 120 1
125 121 1
125 124 1
125 126 1
125 129 1
125 130 1
125 134 1
125 170 1
125 177 1
125 178 1
125 183 1
125 222 1
126 29 1
126 75 1
126 81 1
126 82 1
126 88 1
126 117 1
126 121 1
126 122 1
126 125 1
126 127 1
126 130 1
126 131 1
126 135 1
126 172 1
126 178 1
126 179 1
126 185 1
126 223 1
127 30 1
127 77 1
127 82 1
127 83 1
127 90 1
127 118 1
127 122 1
127 123 1
127 126 1
127 128 1
127 131 1
127 132 1
127 136 1
127 174 1
127 179 1
127 180 1
127 187 1
127 224 1
128 31 1
128 79 1
128 83 1
128 92 1
128 119 1
128 123 1
128 127 1
128 132 1
128 137 1
128 176 1
128 180 1
128 189 1
128 225 1
129 80 1
129 84 1
129 85 1
129 86 1
129 93 1
129 124 1
129 125 1
129 133 1
129 134 1
129 177 1
129 181 1
129 182 1
129 183 1
129 190 1
130 81 1
130 86 1
130 87 1
130 88 1
130 94 1
130 125 1
130 126 1
130 134 1
130 135 1
130 178 1
130 183 1
130 184 1
130 185 1
130 191 1
131 82 1
131 88 1
131 89 1
131 90 1
131 95 1
131 126 1
131 127 1
131 135 1
131 136 1
131 179 1
131 185 1
131 186 1
131 187 1
131 192 1
132 83 1
132 90 1
132 91 1
132 92 1
132 96 1
132 127 1
132 128 1
132 136 1
132 137 1
132 180 1
132 187 1
132 188 1
132 189 1
132 193 1
133 36 1
133 84 1
133 93 1
133 124 1
133 129 1
133 134 1
133 181 1
133 190 1
133 230 1
134 37 1
134 86 1
134 93 1
134 94 1
134 125 1
134 129 1
134 130 1
134 133 1
134 135 1
134 183 1
134 190 1
134 191 1
134 231 1
135 38 1
135 88 1
135 94 1
135 95 1
135 126 1
135 130 1
135 131 1
135 134 1
135 136 1
135 185 1
135 191 1
135 192 1
135 232 1
136 39 1
136 90 1
136 95 1
136 96 1
136 127 1
136 131 1
136 132 1
136 135 1
136 137 1
136 187 1
136 192 1
136 193 1
136 233 1
137 40 1
137 92 1
137 96 1
137 128 1
137 132 1
137 136 1
137 189 1
137 193 1
137 234 1
138 97 1
138 98 1
138 102 1
138 142 1
138 143 1
138 144 1
138 194 1
138 195 1
138 199 1
139 98 1
139 99 1
139 103 1
139 144 1
139 145 1
139 146 1
139 195 1
139 196 1
139 200 1
140 99 1
140 100 1
140 104 1
140 146 1
140 147 1
140 148 1
140 196 1
140 197 1
140 201 1
141 100 1
141 101 1
141 105 1
141 148 1
141 149 1
141 150 1
141 197 1
141 198 1
141 202 1
142 97 1
142 102 1
142 106 1
142 138 1
142 143 1
142 151 1
142 194 1
142 199 1
142 203 1
143 102 1
143 138 1
143 142 1
143 144 1
143 151 1
143 199 1
144 98 1
144 102 1
144 103 1
144 107 1
144 138 1
144 139 1
144 143 1
144 145 1
144 151 1
144 152 1
144 195 1
144 199 1
144 200 1
144 204 1
145 103 1
145 139 1
145 144 1
145 146 1
145 152 1
145 200 1
146 99 1
146 103 1
146 104 1
146 108 1
146 139 1
146 140 1
146 145 1
146 147 1
146 152 1
146 153 1
146 196 1
146 200 1
146 201 1
146 205 1
147 104 1
147 140 1
147 146 1
147 148 1
147 153 1
147 201 1
148 100 1
148 104 1
148 105 1
148 109 1
148 140 1
148 141 1
148 147 1
148 149 1
148 153 1
148 154 1
148 197 1
148 201 1
148 202 1
148 206 1
149 105 1
149 141 1
149 148 1
149 150 1
149 154 1
149 202 1
150 101 1
150 105 1
150 110 1
150 141 1
150 149 1
150 154 1
150 198 1
150 202 1
150 207 1
151 102 1
151 106 1
151 107 1
151 111 1
151 142 1
151 143 1
151 144 1
151 155 1
151 156 1
151 157 1
151 199 1
151 203 1
151 204 1
151 208 1
152 103 1
152 107 1
152 108 1
152 112 1
152 144 1
152 145 1
152 146 1
152 157 1
152 158 1
152 159 1
152 200 1
152 204 1
152 205 1
152 209 1
153 104 1
153 108 1
153 109 1
153 113 1
153 146 1
153 147 1
153 148 1
153 159 1
153 160 1
153 161 1
153 201 1
153 205 1
153 206 1
153 210 1
154 105 1
154 109 1
154 110 1
154 114 1
154 148 1
154 149 1
154 150 1
154 161 1
154 162 1
154 163 1
154 202 1
154 206 1
154 207 1
154 211 1
155 106 1
155 111 1
155 115 1
155 151 1
155 156 1
155 164 1
155 203 1
155 208 1
155 212 1
156 111 1
156 151 1
156 155 1
156 157 1
156 164 1
156 208 1
157 107 1
157 111 1
157 112 1
157 116 1
157 151 1
157 152 1
157 156 1
157 158 1
157 164 1
157 165 1
157 204 1
157 208 1
157 209 1
157 213 1
158 112 1
158 152 1
158 157 1
158 159 1
158 165 1
158 209 1
159 108 1
159 112 1
159 113 1
159 117 1
159 152 1
159 153 1
159 158 1
159 160 1
159 165 1
159 166 1
159 205 1
159 209 1
159 210 1
159 214 1
160 113 1
160 153 1
160 159 1
160 161 1
160 166 1
160 210 1
161 109 1
161 113 1
161 114 1
161 118 1
161 153 1
161 154 1
161 160 1
161 162 1
161 166 1
161 167 1
161 206 1
161 210 1
161 211 1
161 215 1
162 114 1
162 154 1
162 161 1
162 163 1
162 167 1
162 211 1
163 110 1
163 114 1
163 119 1
163 154 1
163 162 1
163 167 1
163 207 1
163 211 1
163 216 1
164 111 1
164 115 1
164 116 1
164 120 1
164 155 1
164 156 1
164 157 1
164 168 1
164 169 1
164 170 1
164 208 1
164 212 1
164 213 1
164 217 1
165 112 1
165 116 1
165 117 1
165 121 1
165 157 1
165 158 1
165 159 1
165 170 1
165 171 1
165 172 1
165 209 1
165 213 1
165 214 1
165 218 1
166 113 1
166 117 1
166 118 1
166 122 1
166 159 1
166 160 1
166 161 1
166 172 1
166 173 1
166 174 1
166 210 1
166 214 1
166 215 1
166 219 1
167 114 1
167 118 1
167 119 1
167 123 1
167 161 1
167 162 1
167 163 1
167 174 1
167 175 1
167 176 1
167 211 1
167 215 1
167 216 1
167 220 1
168 115 1
168 120 1
168 124 1
168 164 1
168 169 1
168 177 1
168 212 1
168 217 1
168 221 1
169 120 1
169 164 1
169 168 1
169 170 1
169 177 1
169 217 1
170 116 1
170 120 1
170 121 1
170 125 1
170 164 1
170 165 1
170 169 1
170 171 1
170 177 1
170 178 1
170 213 1
170 217 1
170 218 1
170 222 1
171 121 1
171 165 1
171 170 1
171 172 1
171 178 1
171 218 1
172 117 1
172 121 1
172 122 1
172 126 1
172 165 1
172 166 1
172 171 1
172 173 1
172 178 1
172 179 1
172 214 1
172 218 1
172 219 1
172 223 1
173 122 1
173 166 1
173 172 1
173 174 1
173 179 1
173 219 1
174 118 1
174 122 1
174 123 1
174 127 1
174 166 1
174 167 1
174 173 1
174 175 1
174 179 1
174 180 1
174 215 1
174 219 1
174 220 1
174 224 1
175 123 1
175 167 1
175 174 1
175 176 1
175 180 1
175 220 1
176 119 1
176 123 1
176 128 1
176 167 1
176 175 1
176 180 1
176 216 1
176 220 1
176 225 1
177 120 1
177 124 1
177 125 1
177 129 1
177 168 1
177 169 1
177 170 1
177 181 1
177 182 1
177 183 1
177 217 1
177 221 1
177 222 1
177 226 1
178 121 1
178 125 1
178 126 1
178 130 1
178 170 1
178 171 1
178 172 1
178 183 1
178 184 1
178 185 1
178 218 1
178 222 1
178 223 1
178 227 1
179 122 1
179 126 1
179 127 1
179 131 1
179 172 1
179 173 1
179 174 1
179 185 1
179 186 1
179 187 1
179 219 1
179 223 1
179 224 1
179 228 1
180 123 1
180 127 1
180 128 1
180 132 1
180 174 1
180 175 1
180 176 1
180 187 1
180 188 1
180 189 1
180 220 1
180 224 1
180 225 1
180 229 1
181 124 1
181 129 1
181 133 1
181 177 1
181 182 1
181 190 1
181 221 1
181 226 1
181 230 1
182 129 1
182 177 1
182 181 1
182 183 1
182 190 1
182 226 1
183 125 1
183 129 1
183 130 1
183 134 1
183 177 1
183 178 1
183 182 1
183 184 1
183 190 1
183 191 1
183 222 1
183 226 1
183 227 1
183 231 1
184 130 1
184 178 1
184 183 1
184 185 1
184 191 1
184 227 1
185 126 1
185 130 1
185 131 1
185 135 1
185 178 1
185 179 1
185 184 1
185 186 1
185 191 1
185 192 1
185 223 1
185 227 1
185 228 1
185 232 1
186 131 1
186 179 1
186 185 1
186 187 1
186 192 1
186 228 1
187 127 1
187 131 1
187 132 1
187 136 1
187 179 1
187 180 1
187 186 1
187 188 1
187 192 1
187 193 1
187 224 1
187 228 1
187 229 1
187 233 1
188 132 1
188 180 1
188 187 1
188 189 1
188 193 1
188 229 1
189 128 1
189 132 1
189 137 1
189 180 1
189 188 1
189 193 1
189 225 1
189 229 1
189 234 1
190 129 1
190 133 1
190 134 1
190 181 1
190 182 1
190 183 1
190 226 1
190 230 1
190 231 1
191 130 1
191 134 1
191 135 1
191 183 1
191 184 1
191 185 1
191 227 1
191 231 1
191 232 1
192 131 1
192 135 1
192 136 1
192 185 1
192 186 1
192 187 1
192 228 1
192 232 1
192 233 1
193 132 1
193 136 1
193 137 1
193 187 1
193 188 1
193 189 1
193 229 1
193 233 1
193 234 1
194 97 1
194 138 1
194 142 1
194 195 1
194 199 1
194 203 1
194 235 1
194 239 1
194 291 1
195 98 1
195 138 1
195 139 1
195 144 1
195 194 1
195 196 1
195 199 1
195 200 1
195 204 1
195 235 1
195 236 1
195 241 1
195 292 1
196 99 1
196 139 1
196 140 1
196 146 1
196 195 1
196 197 1
196 200 1
196 201 1
196 205 1
196 236 1
196 237 1
196 243 1
196 293 1
197 100 1
197 140 1
197 141 1
197 148 1
197 196 1
197 198 1
197 201 1
197 202 1
197 206 1
197 237 1
197 238 1
197 245 1
197 294 1
198 101 1
198 141 1
198 150 1
198 197 1
198 202 1
198 207 1
198 238 1
198 247 1
198 295 1
199 138 1
199 142 1
199 143 1
199 144 1
199 151 1
199 194 1
199 195 1
199 203 1
199 204 1
199 235 1
199 239 1
199 240 1
199 241 1
199 248 1
200 139 1
200 144 1
200 145 1
200 146 1
200 152 1
200 195 1
200 196 1
200 204 1
200 205 1
200 236 1
200 241 1
200 242 1
200 243 1
200 249 1
201 140 1
201 146 1
201 147 1
201 148 1
201 153 1
201 196 1
201 197 1
201 205 1
201 206 1
201 237 1
201 243 1
201 244 1
201 245 1
201 250 1
202 141 1
202 148 1
202 149 1
202 150 1
202 154 1
202 197 1
202 198 1
202 206 1
202 207 1
202 238 1
202 245 1
202 246 1
202 247 1
202 251 1
203 106 1
203 142 1
203 151 1
203 155 1
203 194 1
203 199 1
203 204 1
203 208 1
203 212 1
203 239 1
203 248 1
203 252 1
203 300 1
204 107 1
204 144 1
204 151 1
204 152 1
204 157 1
204 195 1
204 199 1
204 200 1
204 203 1
204 205 1
204 208 1
204 209 1
204 213 1
204 241 1
204 248 1
204 249 1
204 254 1
204 301 1
205 108 1
205 146 1
205 152 1
205 153 1
205 159 1
205 196 1
205 200 1
205 201 1
205 204 1
205 206 1
205 209 1
205 210 1
205 214 1
205 243 1
205 249 1
205 250 1
205 256 1
205 302 1
206 109 1
206 148 1
206 153 1
206 154 1
206 161 1
206 197 1
206 201 1
206 202 1
206 205 1
206 207 1
206 210 1
206 211 1
206 215 1
206 245 1
206 250 1
206 251 1
206 258 1
206 303 1
207 110 1
207 150 1
207 154 1
207 163 1
207 198 1
207 202 1
207 206 1
207 211 1
207 216 1
207 247 1
207 251 1
207 260 1
207 304 1
208 151 1
208 155 1
208 156 1
208 157 1
208 164 1
208 203 1
208 204 1
208 212 1
208 213 1
208 248 1
208 252 1
208 253 1
208 254 1
208 261 1
209 152 1
209 157 1
209 158 1
209 159 1
209 165 1
209 204 1
209 205 1
209 213 1
209 214 1
209 249 1
209 254 1
209 255 1
209 256 1
209 262 1
210 153 1
210 159 1
210 160 1
210 161 1
210 166 1
210 205 1
210 206 1
210 214 1
210 215 1
210 250 1
210 256 1
210 257 1
210 258 1
210 263 1
211 154 1
211 161 1
211 162 1
211 163 1
211 167 1
211 206 1
211 207 1
211 215 1
211 216 1
211 251 1
211 258 1
211 259 1
211 260 1
211 264 1
212 115 1
212 155 1
212 164 1
212 168 1
212 203 1
212 208 1
212 213 1
212 217 1
212 221 1
212 252 1
212 261 1
212 265 1
212 309 1
213 116 1
213 157 1
213 164 1
213 165 1
213 170 1
213 204 1
213 208 1
213 209 1
213 212 1
213 214 1
213 217 1
213 218 1
213 222 1
213 254 1
213 261 1
213 262 1
213 267 1
213 310 1
214 117 1
214 159 1
214 165 1
214 166 1
214 172 1
214 205 1
214 209 1
214 210 1
214 213 1
214 215 1
214 218 1
214 219 1
214 223 1
214 256 1
214 262 1
214 263 1
214 269 1
214 311 1
215 118 1
215 161 1
215 166 1
215 167 1
215 174 1
215 206 1
215 210 1
215 211 1
215 214 1
215 216 1
215 219 1
215 220 1
215 224 1
215 258 1
215 263 1
215 264 1
215 271 1
215 312 1
216 119 1
216 163 1
216 167 1
216 176 1
216 207 1
216 211 1
216 215 1
216 220 1
216 225 1
216 260 1
216 264 1
216 273 1
216 313 1
217 164 1
217 168 1
217 169 1
217 170 1
217 177 1
217 212 1
217 213 1
217 221 1
217 222 1
217 261 1
217 265 1
217 266 1
217 267 1
217 274 1
218 165 1
218 170 1
218 171 1
218 172 1
218 178 1
218 213 1
218 214 1
218 222 1
218 223 1
218 262 1
218 267 1
218 268 1
218 269 1
218 275 1
219 166 1
219 172 1
219 173 1
219 174 1
219 179 1
219 214 1
219 215 1
219 223 1
219 224 1
219 263 1
219 269 1
219 270 1
219 271 1
219 276 1
220 167 1
220 174 1
220 175 1
220 176 1
220 180 1
220 215 1
220 216 1
220 224 1
220 225 1
220 264 1
220 271 1
220 272 1
220 273 1
220 277 1
221 124 1
221 168 1
221 177 1
221 181 1
221 212 1
221 217 1
221 222 1
221 226 1
221 230 1
221 265 1
221 274 1
221 278 1
221 318 1
222 125 1
222 170 1
222 177 1
222 178 1
222 183 1
222 213 1
222 217 1
222 218 1
222 221 1
222 223 1
222 226 1
222 227 1
222 231 1
222 267 1
222 274 1
222 275 1
222 280 1
222 319 1
223 126 1
223 172 1
223 178 1
223 179 1
223 185 1
223 214 1
223 218 1
223 219 1
223 222 1
223 224 1
223 227 1
223 228 1
223 232 1
223 269 1
223 275 1
223 276 1
223 282 1
223 320 1
224 127 1
224 174 1
224 179 1
224 180 1
224 187 1
224 215 1
224 219 1
224 220 1
224 223 1
224 225 1
224 228 1
224 229 1
224 233 1
224 271 1
224 276 1
224 277 1
224 284 1
224 321 1
225 128 1
225 176 1
225 180 1
225 189 1
225 216 1
225 220 1
225 224 1
225 229 1
225 234 1
225 273 1
225 277 1
225 286 1
225 322 1
226 177 1
226 181 1
226 182 1
226 183 1
226 190 1
226 221 1
226 222 1
226 230 1
226 231 1
226 274 1
226 278 1
226 279 1
226 280 1
226 287 1
227 178 1
227 183 1
227 184 1
227 185 1
227 191 1
227 222 1
227 223 1
227 231 1
227 232 1
227 275 1
227 280 1
227 281 1
227 282 1
227 288 1
228 179 1
228 185 1
228 186 1
228 187 1
228 192 1
228 223 1
228 224 1
228 232 1
228 233 1
228 276 1
228 282 1
228 283 1
228 284 1
228 289 1
229 180 1
229 187 1
229 188 1
229 189 1
229 193 1
229 224 1
229 225 1
229 233 1
229 234 1
229 277 1
229 284 1
229 285 1
229 286 1
229 290 1
230 133 1
230 181 1
230 190 1
230 221 1
230 226 1
230 231 1
230 278 1
230 287 1
230 327 1
231 134 1
231 183 1
231 190 1
231 191 1
231 222 1
231 226 1
231 227 1
231 230 1
231 232 1
231 280 1
231 287 1
231 288 1
231 328 1
232 135 1
232 185 1
232 191 1
232 192 1
232 223 1
232 227 1
232 228 1
232 231 1
232 233 1
232 282 1
232 288 1
232 289 1
232 329 1
233 136 1
233 187 1
233 192 1
233 193 1
233 224 1
233 228 1
233 229 1
233 232 1
233 234 1
233 284 1
233 289 1
233 290 1
233 330 1
234 137 1
234 189 1
234 193 1
234 225 1
234 229 1
234 233 1
234 286 1
234 290 1
234 331 1
235 194 1
235 195 1
235 199 1
235 239 1
235 240 1
235 241 1
235 291 1
235 292 1
235 296 1
236 195 1
236 196 1
236 200 1
236 241 1
236 242 1
236 243 1
236 292 1
236 293 1
236 297 1
237 196 1
237 197 1
237 201 1
237 243 1
237 244 1
237 245 1
237 293 1
237 294 1
237 298 1
238 197 1
238 198 1
238 202 1
238 245 1
238 246 1
238 247 1
238 294 1
238 295 1
238 299 1
239 194 1
239 199 1
239 203 1
239 235 1
239 240 1
239 248 1
239 291 1
239 296 1
239 300 1
240 199 1
240 235 1
240 239 1
240 241 1
240 248 1
240 296 1
241 195 1
241 199 1
241 200 1
241 204 1
241 235 1
241 236 1
241 240 1
241 242 1
241 248 1
241 249 1
241 292 1
241 296 1
241 297 1
241 301 1
242 200 1
242 236 1
242 241 1
242 243 1
242 249 1
242 297 1
243 196 1
243 200 1
243 201 1
243 205 1
243 236 1
243 237 1
243 242 1
243 244 1
243 249 1
243 250 1
243 293 1
243 297 1
243 298 1
243 302 1
244 201 1
244 237 1
244 243 1
244 245 1
244 250 1
244 298 1
245 197 1
245 201 1
245 202 1
245 206 1
245 237 1
245 238 1
245 244 1
245 246 1
245 250 1
245 251 1
245 294 1
245 298 1
245 299 1
245 303 1
246 202 1
246 238 1
246 245 1
246 247 1
246 251 1
246 299 1
247 198 1
247 202 1
247 207 1
247 238 1
247 246 1
247 251 1
247 295 1
247 299 1
247 304 1
248 199 1
248 203 1
248 204 1
248 208 1
248 239 1
248 240 1
248 241 1
248 252 1
248 253 1
248 254 1
248 296 1
248 300 1
248 301 1
248 305 1
249 200 1
249 204 1
249 205 1
249 209 1
249 241 1
249 242 1
249 243 1
249 254 1
249 255 1
249 256 1
249 297 1
249 301 1
249 302 1
249 306 1
250 201 1
250 205 1
250 206 1
250 210 1
250 243 1
250 244 1
250 245 1
250 256 1
250 257 1
250 258 1
250 298 1
250 302 1
250 303 1
250 307 1
251 202 1
251 206 1
251 207 1
251 211 1
251 245 1
251 246 1
251 247 1
251 258 1
251 259 1
251 260 1
251 299 1
251 303 1
251 304 1
251 308 1
252 203 1
252 208 1
252 212 1
252 248 1
252 253 1
252 261 1
252 300 1
252 305 1
252 309 1
253 208 1
253 248 1
253 252 1
253 254 1
253 261 1
253 305 1
254 204 1
254 208 1
254 209 1
254 213 1
254 248 1
254 249 1
254 253 1
254 255 1
254 261 1
254 262 1
254 301 1
254 305 1
254 306 1
254 310 1
255 209 1
255 249 1
255 254 1
255 256 1
255 262 1
255 306 1
256 205 1
256 209 1
256 210 1
256 214 1
256 249 1
256 250 1
256 255 1
256 257 1
256 262 1
256 263 1
256 302 1
256 306 1
256 307 1
256 311 1
257 210 1
257 250 1
257 256 1
257 258 1
257 263 1
257 307 1
258 206 1
258 210 1
258 211 1
258 215 1
258 250 1
258 251 1
258 257 1
258 259 1
258 263 1
258 264 1
258 303 1
258 307 1
258 308 1
258 312 1
259 211 1
259 251 1
259 258 1
259 260 1
259 264 1
259 308 1
260 207 1
260 211 1
260 216 1
260 251 1
260 259 1
260 264 1
260 304 1
260 308 1
260 313 1
261 208 1
261 212 1
261 213 1
261 217 1
261 252 1
261 253 1
261 254 1
261 265 1
261 266 1
261 267 1
261 305 1
261 309 1
261 310 1
261 314 1
262 209 1
262 213 1
262 214 1
262 218 1
262 254 1
262 255 1
262 256 1
262 267 1
262 268 1
262 269 1
262 306 1
262 310 1
262 311 1
262 315 1
263 210 1
263 214 1
263 215 1
263 219 1
263 256 1
263 257 1
263 258 1
263 269 1
263 270 1
263 271 1
263 307 1
263 311 1
263 312 1
263 316 1
264 211 1
264 215 1
264 216 1
264 220 1
264 258 1
264 259 1
264 260 1
264 271 1
264 272 1
264 273 1
264 308 1
264 312 1
264 313 1
264 317 1
265 212 1
265 217 1
265 221 1
265 261 1
265 266 1
265 274 1
265 309 1
265 314 1
265 318 1
266 217 1
266 261 1
266 265 1
266 267 1
266 274 1
266 314 1
267 213 1
267 217 1
267 218 1
267 222 1
267 261 1
267 262 1
267 266 1
267 268 1
267 274 1
267 275 1
267 310 1
267 314 1
267 315 1
267 319 1
268 218 1
268 262 1
268 267 1
268 269 1
268 275 1
268 315 1
269 214 1
269 218 1
269 219 1
269 223 1
269 262 1
269 263 1
269 268 1
269 270 1
269 275 1
269 276 1
269 311 1
269 315 1
269 316 1
269 320 1
270 219 1
270 263 1
270 269 1
270 271 1
270 276 1
270 316 1
271 215 1
271 219 1
271 220 1
271 224 1
271 263 1
271 264 1
271 270 1
271 272 1
271 276 1
271 277 1
271 312 1
271 316 1
271 317 1
271 321 1
272 220 1
272 264 1
272 271 1
272 273 1
272 277 1
272 317 1
273 216 1
273 220 1
273 225 1
273 264 1
273 272 1
273 277 1
273 313 1
273 317 1
273 322 1
274 217 1
274 221 1
274 222 1
274 226 1
274 265 1
274 266 1
274 267 1
274 278 1
274 279 1
274 280 1
274 314 1
274 318 1
274 319 1
274 323 1
275 218 1
275 222 1
275 223 1
275 227 1
275 267 1
275 268 1
275 269 1
275 280 1
275 281 1
275 282 1
275 315 1
275 319 1
275 320 1
275 324 1
276 219 1
276 223 1
276 224 1
276 228 1
276 269 1
276 270 1
276 271 1
276 282 1
276 283 1
276 284 1
276 316 1
276 320 1
276 321 1
276 325 1
277 220 1
277 224 1
277 225 1
277 229 1
277 271 1
277 272 1
277 273 1
277 284 1
277 285 1
277 286 1
277 317 1
277 321 1
277 322 1
277 326 1
278 221 1
278 226 1
278 230 1
278 274 1
278 279 1
278 287 1
278 318 1
278 323 1
278 327 1
279 226 1
279 274 1
279 278 1
279 280 1
279 287 1
279 323 1
280 222 1
280 226 1
280 227 1
280 231 1
280 274 1
280 275 1
280 279 1
280 281 1
280 287 1
280 288 1
280 319 1
280 323 1
280 324 1
280 328 1
281 227 1
281 275 1
281 280 1
281 282 1
281 288 1
281 324 1
282 223 1
282 227 1
282 228 1
282 232 1
282 275 1
282 276 1
282 281 1
282 283 1
282 288 1
282 289 1
282 320 1
282 324 1
282 325 1
282 329 1
283 228 1
283 276 1
283 282 1
283 284 1
283 289 1
283 325 1
284 224 1
284 228 1
284 229 1
284 233 1
284 276 1
284 277 1
284 283 1
284 285 1
284 289 1
284 290 1
284 321 1
284 325 1
284 326 1
284 330 1
285 229 1
285 277 1
285 284 1
285 286 1
285 290 1
285 326 1
286 225 1
286 229 1
286 234 1
286 277 1
286 285 1
286 290 1
286 322 1
286 326 1
286 331 1
287 226 1
287 230 1
287 231 1
287 278 1
287 279 1
287 280 1
287 323 1
287 327 1
287 328 1
288 227 1
288 231 1
288 232 1
288 280 1
288 281 1
288 282 1
288 324 1
288 328 1
288 329 1
289 228 1
289 232 1
289 233 1
289 282 1
289 283 1
289 284 1
289 325 1
289 329 1
289 330 1
290 229 1
290 233 1
290 234 1
290 284 1
290 285 1
290 286 1
290 326 1
290 330 1
290 331 1
291 194 1
291 235 1
291 239 1
291 292 1
291 296 1
291 300 1
291 332 1
291 336 1
291 388 1
292 195 1
292 235 1
292 236 1
292 241 1
292 291 1
292 293 1
292 296 1
292 297 1
292 301 1
292 332 1
292 333 1
292 338 1
292 389 1
293 196 1
293 236 1
293 237 1
293 243 1
293 292 1
293 294 1
293 297 1
293 298 1
293 302 1
293 333 1
293 334 1
293 340 1
293 390 1
294 197 1
294 237 1
294 238 1
294 245 1
294 293 1
294 295 1
294 298 1
294 299 1
294 303 1
294 334 1
294 335 1
294 342 1
294 391 1
295 198 1
295 238 1
295 247 1
295 294 1
295 299 1
295 304 1
295 335 1
295 344 1
295 392 1
296 235 1
296 239 1
296 240 1
296 241 1
296 248 1
296 291 1
296 292 1
296 300 1
296 301 1
296 332 1
296 336 1
296 337 1
296 338 1
296 345 1
297 236 1
297 241 1
297 242 1
297 243 1
297 249 1
297 292 1
297 293 1
297 301 1
297 302 1
297 333 1
297 338 1
297 339 1
297 340 1
297 346 1
298 237 1
298 243 1
298 244 1
298 245 1
298 250 1
298 293 1
298 294 1
298 302 1
298 303 1
298 334 1
298 340 1
298 341 1
298 342 1
298 347 1
299 238 1
299 245 1
299 246 1
299 247 1
299 251 1
299 294 1
299 295 1
299 303 1
299 304 1
299 335 1
299 342 1
299 343 1
299 344 1
299 348 1
300 203 1
300 239 1
300 248 1
300 252 1
300 291 1
300 296 1
300 301 1
300 305 1
300 309 1
300 336 1
300 345 1
300 349 1
300 397 1
301 204 1
301 241 1
301 248 1
301 249 1
301 254 1
301 292 1
301 296 1
301 297 1
301 300 1
301 302 1
301 305 1
301 306 1
301 310 1
301 338 1
301 345 1
301 346 1
301 351 1
301 398 1
302 205 1
302 243 1
302 249 1
302 250 1
302 256 1
302 293 1
302 297 1
302 298 1
302 301 1
302 303 1
302 306 1
302 307 1
302 311 1
302 340 1
302 346 1
302 347 1
302 353 1
302 399 1
303 206 1
303 245 1
303 250 1
303 251 1
303 258 1
303 294 1
303 298 1
303 299 1
303 302 1
303 304 1
303 307 1
303 308 1
303 312 1
303 342 1
303 347 1
303 348 1
303 355 1
303 400 1
304 207 1
304 247 1
304 251 1
304 260 1
304 295 1
304 299 1
304 303 1
304 308 1
304 313 1
304 344 1
304 348 1
304 357 1
304 401 1
305 248 1
305 252 1
305 253 1
305 254 1
305 261 1
305 300 1
305 301 1
305 309 1
305 310 1
305 345 1
305 349 1
305 350 1
305 351 1
305 358 1
306 249 1
306 254 1
306 255 1
306 256 1
306 262 1
306 301 1
306 302 1
306 310 1
306 311 1
306 346 1
306 351 1
306 352 1
306 353 1
306 359 1
307 250 1
307 256 1
307 257 1
307 258 1
307 263 1
307 302 1
307 303 1
307 311 1
307 312 1
307 347 1
307 353 1
307 354 1
307 355 1
307 360 1
308 251 1
308 258 1
308 259 1
308 260 1
308 264 1
308 303 1
308 304 1
308 312 1
308 313 1
308 348 1
308 355 1
308 356 1
308 357 1
308 361 1
309 212 1
309 252 1
309 261 1
309 265 1
309 300 1
309 305 1
309 310 1
309 314 1
309 318 1
309 349 1
309 358 1
309 362 1
309 406 1
310 213 1
310 254 1
310 261 1
310 262 1
310 267 1
310 301 1
310 305 1
310 306 1
310 309 1
310 311 1
310 314 1
310 315 1
310 319 1
310 351 1
310 358 1
310 359 1
310 364 1
310 407 1
311 214 1
311 256 1
311 262 1
311 263 1
311 269 1
311 302 1
311 306 1
311 307 1
311 310 1
311 312 1
311 315 1
311 316 1
311 320 1
311 353 1
311 359 1
311 360 1
311 366 1
311 408 1
312 215 1
312 258 1
312 263 1
312 264 1
312 271 1
312 303 1
312 307 1
312 308 1
312 311 1
312 313 1
312 316 1
312 317 1
312 321 1
312 355 1
312 360 1
312 361 1
312 368 1
312 409 1
313 216 1
313 260 1
313 264 1
313 273 1
313 304 1
313 308 1
313 312 1
313 317 1
313 322 1
313 357 1
313 361 1
313 370 1
313 410 1
314 261 1
314 265 1
314 266 1
314 267 1
314 274 1
314 309 1
314 310 1
314 318 1
314 319 1
314 358 1
314 362 1
314 363 1
314 364 1
314 371 1
315 262 1
315 267 1
315 268 1
315 269 1
315 275 1
315 310 1
315 311 1
315 319 1
315 320 1
315 359 1
315 364 1
315 365 1
315 366 1
315 372 1
316 263 1
316 269 1
316 270 1
316 271 1
316 276 1
316 311 1
316 312 1
316 320 1
316 321 1
316 360 1
316 366 1
316 367 1
316 368 1
316 373 1
317 264 1
317 271 1
317 272 1
317 273 1
317 277 1
317 312 1
317 313 1
317 321 1
317 322 1
317 361 1
317 368 1
317 369 1
317 370 1
317 374 1
318 221 1
318 265 1
318 274 1
318 278 1
318 309 1
318 314 1
318 319 1
318 323 1
318 327 1
318 362 1
318 371 1
318 375 1
318 415 1
319 222 1
319 267 1
319 274 1
319 275 1
319 280 1
319 310 1
319 314 1
319 315 1
319 318 1
319 320 1
319 323 1
319 324 1
319 328 1
319 364 1
319 371 1
319 372 1
319 377 1
319 416 1
320 223 1
320 269 1
320 275 1
320 276 1
320 282 1
320 311 1
320 315 1
320 316 1
320 319 1
320 321 1
320 324 1
320 325 1
320 329 1
320 366 1
320 372 1
320 373 1
320 379 1
320 417 1
321 224 1
321 271 1
321 276 1
321 277 1
321 284 1
321 312 1
321 316 1
321 317 1
321 320 1
321 322 1
321 325 1
321 326 1
321 330 1
321 368 1
321 373 1
321 374 1
321 381 1
321 418 1
322 225 1
322 273 1
322 277 1
322 286 1
322 313 1
322 317 1
322 321 1
322 326 1
322 331 1
322 370 1
322 374 1
322 383 1
322 419 1
323 274 1
323 278 1
323 279 1
323 280 1
323 287 1
323 318 1
323 319 1
323 327 1
323 328 1
323 371 1
323 375 1
323 376 1
323 377 1
323 384 1
324 275 1
324 280 1
324 281 1
324 282 1
324 288 1
324 319 1
324 320 1
324 328 1
324 329 1
324 372 1
324 377 1
324 378 1
324 379 1
324 385 1
325 276 1
325 282 1
325 283 1
325 284 1
325 289 1
325 320 1
325 321 1
325 329 1
325 330 1
325 373 1
325 379 1
325 380 1
325 381 1
325 386 1
326 277 1
326 284 1
326 285 1
326 286 1
326 290 1
326 321 1
326 322 1
326 330 1
326 331 1
326 374 1
326 381 1
326 382 1
326 383 1
326 387 1
327 230 1
327 278 1
327 287 1
327 318 1
327 323 1
327 328 1
327 375 1
327 384 1
327 424 1
328 231 1
328 280 1
328 287 1
328 288 1
328 319 1
328 323 1
328 324 1
328 327 1
328 329 1
328 377 1
328 384 1
328 385 1
328 425 1
329 232 1
329 282 1
329 288 1
329 289 1
329 320 1
329 324 1
329 325 1
329 328 1
329 330 1
329 379 1
329 385 1
329 386 1
329 426 1
330 233 1
330 284 1
330 289 1
330 290 1
330 321 1
330 325 1
330 326 1
330 329 1
330 331 1
330 381 1
330 386 1
330 387 1
330 427 1
331 234 1
331 286 1
331 290 1
331 322 1
331 326 1
331 330 1
331 383 1
331 387 1
331 428 1
332 291 1
332 292 1
332 296 1
332 336 1
332 337 1
332 338 1
332 388 1
332 389 1
332 393 1
333 292 1
333 293 1
333 297 1
333 338 1
333 339 1
333 340 1
333 389 1
333 390 1
333 394 1
334 293 1
334 294 1
334 298 1
334 340 1
334 341 1
334 342 1
334 390 1
334 391 1
334 395 1
335 294 1
335 295 1
335 299 1
335 342 1
335 343 1
335 344 1
335 391 1
335 392 1
335 396 1
336 291 1
336 296 1
336 300 1
336 332 1
336 337 1
336 345 1
336 388 1
336 393 1
336 397 1
337 296 1
337 332 1
337 336 1
337 338 1
337 345 1
337 393 1
338 292 1
338 296 1
338 297 1
338 301 1
338 332 1
338 333 1
338 337 1
338 339 1
338 345 1
338 346 1
338 389 1
338 393 1
338 394 1
338 398 1
339 297 1
339 333 1
339 338 1
339 340 1
339 346 1
339 394 1
340 293 1
340 297 1
340 298 1
340 302 1
340 333 1
340 334 1
340 339 1
340 341 1
340 346 1
340 347 1
340 390 1
340 394 1
340 395 1
340 399 1
341 298 1
341 334 1
341 340 1
341 342 1
341 347 1
341 395 1
342 294 1
342 298 1
342 299 1
342 303 1
342 334 1
342 335 1
342 341 1
342 343 1
342 347 1
342 348 1
342 391 1
342 395 1
342 396 1
342 400 1
343 299 1
343 335 1
343 342 1
343 344 1
343 348 1
343 396 1
344 295 1
344 299 1
344 304 1
344 335 1
344 343 1
344 348 1
344 392 1
344 396 1
344 401 1
345 296 1
345 300 1
345 301 1
345 305 1
345 336 1
345 337 1
345 338 1
345 349 1
345 350 1
345 351 1
345 393 1
345 397 1
345 398 1
345 402 1
346 297 1
346 301 1
346 302 1
346 306 1
346 338 1
346 339 1
346 340 1
346 351 1
346 352 1
346 353 1
346 394 1
346 398 1
346 399 1
346 403 1
347 298 1
347 302 1
347 303 1
347 307 1
347 340 1
347 341 1
347 342 1
347 353 1
347 354 1
347 355 1
347 395 1
347 399 1
347 400 1
347 404 1
348 299 1
348 303 1
348 304 1
348 308 1
348 342 1
348 343 1
348 344 1
348 355 1
348 356 1
348 357 1
348 396 1
348 400 1
348 401 1
348 405 1
349 300 1
349 305 1
349 309 1
349 345 1
349 350 1
349 358 1
349 397 1
349 402 1
349 406 1
350 305 1
350 345 1
350 349 1
350 351 1
350 358 1
350 402 1
351 301 1
351 305 1
351 306 1
351 310 1
351 345 1
351 346 1
351 350 1
351 352 1
351 358 1
351 359 1
351 398 1
351 402 1
351 403 1
351 407 1
352 306 1
352 346 1
352 351 1
352 353 1
352 359 1
352 403 1
353 302 1
353 306 1
353 307 1
353 311 1
353 346 1
353 347 1
353 352 1
353 354 1
353 359 1
353 360 1
353 399 1
353 403 1
353 404 1
353 408 1
354 307 1
354 347 1
354 353 1
354 355 1
354 360 1
354 404 1
355 303 1
355 307 1
355 308 1
355 312 1
355 347 1
355 348 1
355 354 1
355 356 1
355 360 1
355 361 1
355 400 1
355 404 1
355 405 1
355 409 1
356 308 1
356 348 1
356 355 1
356 357 1
356 361 1
356 405 1
357 304 1
357 308 1
357 313 1
357 348 1
357 356 1
357 361 1
357 401 1
357 405 1
357 410 1
358 305 1
358 309 1
358 310 1
358 314 1
358 349 1
358 350 1
358 351 1
358 362 1
358 363 1
358 364 1
358 402 1
358 406 1
358 407 1
358 411 1
359 306 1
359 310 1
359 311 1
359 315 1
359 351 1
359 352 1
359 353 1
359 364 1
359 365 1
359 366 1
359 403 1
359 407 1
359 408 1
359 412 1
360 307 1
360 311 1
360 312 1
360 316 1
360 353 1
360 354 1
360 355 1
360 366 1
360 367 1
360 368 1
360 404 1
360 408 1
360 409 1
360 413 1
361 308 1
361 312 1
361 313 1
361 317 1
361 355 1
361 356 1
361 357 1
361 368 1
361 369 1
361 370 1
361 405 1
361 409 1
361 410 1
361 414 1
362 309 1
362 314 1
362 318 1
362 358 1
362 363 1
362 371 1
362 406 1
362 411 1
362 415 1
363 314 1
363 358 1
363 362 1
363 364 1
363 371 1
363 411 1
364 310 1
364 314 1
364 315 1
364 319 1
364 358 1
364 359 1
364 363 1
364 365 1
364 371 1
364 372 1
364 407 1
364 411 1
364 412 1
364 416 1
365 315 1
365 359 1
365 364 1
365 366 1
365 372 1
365 412 1
366 311 1
366 315 1
366 316 1
366 320 1
366 359 1
366 360 1
366 365 1
366 367 1
366 372 1
366 373 1
366 408 1
366 412 1
366 413 1
366 417 1
367 316 1
367 360 1
367 366 1
367 368 1
367 373 1
367 413 1
368 312 1
368 316 1
368 317 1
368 321 1
368 360 1
368 361 1
368 367 1
368 369 1
368 373 1
368 374 1
368 409 1
368 413 1
368 414 1
368 418 1
369 317 1
369 361 1
369 368 1
369 370 1
369 374 1
369 414 1
370 313 1
370 317 1
370 322 1
370 361 1
370 369 1
370 374 1
370 410 1
370 414 1
370 419 1
371 314 1
371 318 1
371 319 1
371 323 1
371 362 1
371 363 1
371 364 1
371 375 1
371 376 1
371 377 1
371 411 1
371 415 1
371 416 1
371 420 1
372 315 1
372 319 1
372 320 1
372 324 1
372 364 1
372 365 1
372 366 1
372 377 1
372 378 1
372 379 1
372 412 1
372 416 1
372 417 1
372 421 1
373 316 1
373 320 1
373 321 1
373 325 1
373 366 1
373 367 1
373 368 1
373 379 1
373 380 1
373 381 1
373 413 1
373 417 1
373 418 1
373 422 1
374 317 1
374 321 1
374 322 1
374 326 1
374 368 1
374 369 1
374 370 1
374 381 1
374 382 1
374 383 1
374 414 1
374 418 1
374 419 1
374 423 1
375 318 1
375 323 1
375 327 1
375 371 1
375 376 1
375 384 1
375 415 1
375 420 1
375 424 1
376 323 1
376 371 1
376 375 1
376 377 1
376 384 1
376 420 1
377 319 1
377 323 1
377 324 1
377 328 1
377 371 1
377 372 1
377 376 1
377 378 1
377 384 1
377 385 1
377 416 1
377 420 1
377 421 1
377 425 1
378 324 1
378 372 1
378 377 1
378 379 1
378 385 1
378 421 1
379 320 1
379 324 1
379 325 1
379 329 1
379 372 1
379 373 1
379 378 1
379 380 1
379 385 1
379 386 1
379 417 1
379 421 1
379 422 1
379 426 1
380 325 1
380 373 1
380 379 1
380 381 1
380 386 1
380 422 1
381 321 1
381 325 1
381 326 1
381 330 1
381 373 1
381 374 1
381 380 1
381 382 1
381 386 1
381 387 1
381 418 1
381 422 1
381 423 1
381 427 1
382 326 1
382 374 1
382 381 1
382 383 1
382 387 1
382 423 1
383 322 1
383 326 1
383 331 1
383 374 1
383 382 1
383 387 1
383 419 1
383 423 1
383 428 1
384 323 1
384 327 1
384 328 1
384 375 1
384 376 1
384 377 1
384 420 1
384 424 1
384 425 1
385 324 1
385 328 1
385 329 1
385 377 1
385 378 1
385 379 1
385 421 1
385 425 1
385 426 1
386 325 1
386 329 1
386 330 1
386 379 1
386 380 1
386 381 1
386 422 1
386 426 1
386 427 1
387 326 1
387 330 1
387 331 1
387 381 1
387 382 1
387 383 1
387 423 1
387 427 1
387 428 1
388 291 1
388 332 1
388 336 1
388 389 1
388 393 1
388 397 1
389 292 1
389 332 1
389 333 1
389 338 1
389 388 1
389 390 1
389 393 1
389 394 1
389 398 1
390 293 1
390 333 1
390 334 1
390 340 1
390 389 1
390 391 1
390 394 1
390 395 1
390 399 1
391 294 1
391 334 1
391 335 1
391 342 1
391 390 1
391 392 1
391 395 1
391 396 1
391 400 1
392 295 1
392 335 1
392 344 1
392 391 1
392 396 1
392 401 1
393 332 1
393 336 1
393 337 1
393 338 1
393 345 1
393 388 1
393 389 1
393 397 1
393 398 1
394 333 1
394 338 1
394 339 1
394 340 1
394 346 1
394 389 1
394 390 1
394 398 1
394 399 1
395 334 1
395 340 1
395 341 1
395 342 1
395 347 1
395 390 1
395 391 1
395 399 1
395 400 1
396 335 1
396 342 1
396 343 1
396 344 1
396 348 1
396 391 1
396 392 1
396 400 1
396 401 1
397 300 1
397 336 1
397 345 1
397 349 1
397 388 1
397 393 1
397 398 1
397 402 1
397 406 1
398 301 1
398 338 1
398 345 1
398 346 1
398 351 1
398 389 1
398 393 1
398 394 1
398 397 1
398 399 1
398 402 1
398 403 1
398 407 1
399 302 1
399 340 1
399 346 1
399 347 1
399 353 1
399 390 1
399 394 1
399 395 1
399 398 1
399 400 1
399 403 1
399 404 1
399 408 1
400 303 1
400 342 1
400 347 1
400 348 1
400 355 1
400 391 1
400 395 1
400 396 1
400 399 1
400 401 1
400 404 1
400 405 1
400 409 1
401 304 1
401 344 1
401 348 1
401 357 1
401 392 1
401 396 1
401 400 1
401 405 1
401 410 1
402 345 1
402 349 1
402 350 1
402 351 1
402 358 1
402 397 1
402 398 1
402 406 1
402 407 1
403 346 1
403 351 1
403 352 1
403 353 1
403 359 1
403 398 1
403 399 1
403 407 1
403 408 1
404 347 1
404 353 1
404 354 1
404 355 1
404 360 1
404 399 1
404 400 1
404 408 1
404 409 1
405 348 1
405 355 1
405 356 1
405 357 1
405 361 1
405 400 1
405 401 1
405 409 1
405 410 1
406 309 1
406 349 1
406 358 1
406 362 1
406 397 1
406 402 1
406 407 1
406 411 1
406 415 1
407 310 1
407 351 1
407 358 1
407 359 1
407 364 1
407 398 1
407 402 1
407 403 1
407 406 1
407 408 1
407 411 1
407 412 1
407 416 1
408 311 1
408 353 1
408 359 1
408 360 1
408 366 1
408 399 1
408 403 1
408 404 1
408 407 1
408 409 1
408 412 1
408 413 1
408 417 1
409 312 1
409 355 1
409 360 1
409 361 1
409 368 1
409 400 1
409 404 1
409 405 1
409 408 1
409 410 1
409 413 1
409 414 1
409 418 1
410 313 1
410 357 1
410 361 1
410 370 1
410 401 1
410 405 1
410 409 1
410 414 1
410 419 1
411 358 1
411 362 1
411 363 1
411 364 1
411 371 1
411 406 1
411 407 1
411 415 1
411 416 1
412 359 1
412 364 1
412 365 1
412 366 1
412 372 1
412 407 1
412 408 1
412 416 1
412 417 1
413 360 1
413 366 1
413 367 1
413 368 1
413 373 1
413 408 1
413 409 1
413 417 1
413 418 1
414 361 1
414 368 1
414 369 1
414 370 1
414 374 1
414 409 1
414 410 1
414 418 1
414 419 1
415 318 1
415 362 1
415 371 1
415 375 1
415 406 1
415 411 1
415 416 1
415 420 1
415 424 1
416 319 1
416 364 1
416 371 1
416 372 1
416 377 1
416 407 1
416 411 1
416 412 1
416 415 1
416 417 1
416 420 1
416 421 1
416 425 1
417 320 1
417 366 1
417 372 1
417 373 1
417 379 1
417 408 1
417 412 1
417 413 1
417 416 1
417 418 1
417 421 1
417 422 1
417 426 1
418 321 1
418 368 1
418 373 1
418 374 1
418 381 1
418 409 1
418 413 1
418 414 1
418 417 1
418 419 1
418 422 1
418 423 1
418 427 1
419 322 1
419 370 1
419 374 1
419 383 1
419 410 1
419 414 1
419 418 1
419 423 1
419 428 1
420 371 1
420 375 1
420 376 1
420 377 1
420 384 1
420 415 1
420 416 1
420 424 1
420 425 1
421 372 1
421 377 1
421 378 1
421 379 1
421 385 1
421 416 1
421 417 1
421 425 1
421 426 1
422 373 1
422 379 1
422 380 1
422 381 1
422 386 1
422 417 1
422 418 1
422 426 1
422 427 1
423 374 1
423 381 1
423 382 1
423 383 1
423 387 1
423 418 1
423 419 1
423 427 1
423 428 1
424 327 1
424 375 1
424 384 1
424 415 1
424 420 1
424 425 1
425 328 1
425 377 1
425 384 1
425 385 1
425 416 1
425 420 1
425 421 1
425 424 1
425 426 1
426 329 1
426 379 1
426 385 1
426 386 1
426 417 1
426 421 1
426 422 1
426 425 1
426 427 1
427 330 1
427 381 1
427 386 1
427 387 1
427 418 1
427 422 1
427 423 1
427 426 1
427 428 1
428 331 1
428 383 1
428 387 1
428 419 1
428 423 1
428 427 1
