# B10
0 0 1
0 1 1
0 2 1
0 3 1
0 4 1
0 5 1
1 0 -1
1 6 1
1 7 1
1 8 1
1 9 1
1 10 1
1 11 1
1 12 1
1 13 1
2 6 -1
2 14 1
2 15 1
2 16 1
2 17 1
2 18 1
2 19 1
2 20 1
2 21 1
3 14 -1
3 22 1
3 23 1
3 24 1
3 25 1
3 26 1
4 1 -1
4 7 -1
4 27 1
4 28 1
4 29 1
4 30 1
4 31 1
4 32 1
4 33 1
5 8 -1
5 15 -1
5 34 1
5 35 1
5 36 1
5 37 1
5 38 1
5 39 1
5 40 1
6 16 -1
6 22 -1
6 41 1
6 42 1
6 43 1
6 44 1
6 45 1
6 46 1
6 47 1
7 2 -1
7 27 -1
7 48 1
7 49 1
7 50 1
7 51 1
7 52 1
7 53 1
7 54 1
8 9 -1
8 28 -1
8 34 -1
8 48 -1
8 55 1
8 56 1
8 57 1
8 58 1
8 59 1
8 60 1
8 61 1
8 62 1
8 63 1
9 17 -1
9 35 -1
9 41 -1
9 55 -1
9 64 1
9 65 1
9 66 1
9 67 1
9 68 1
9 69 1
9 70 1
9 71 1
9 72 1
10 23 -1
10 42 -1
10 64 -1
10 73 1
10 74 1
10 75 1
10 76 1
10 77 1
10 78 1
11 49 -1
11 56 -1
11 79 1
11 80 1
11 81 1
11 82 1
11 83 1
11 84 1
11 85 1
12 57 -1
12 65 -1
12 86 1
12 87 1
12 88 1
12 89 1
12 90 1
12 91 1
12 92 1
13 66 -1
13 73 -1
13 93 1
13 94 1
13 95 1
13 96 1
13 97 1
13 98 1
13 99 1
14 50 -1
14 79 -1
14 100 1
14 101 1
14 102 1
14 103 1
14 104 1
14 105 1
14 106 1
15 58 -1
15 80 -1
15 86 -1
15 100 -1
15 107 1
15 108 1
15 109 1
15 110 1
15 111 1
15 112 1
15 113 1
15 114 1
15 115 1
16 67 -1
16 87 -1
16 93 -1
16 107 -1
16 116 1
16 117 1
16 118 1
16 119 1
16 120 1
16 121 1
16 122 1
16 123 1
16 124 1
17 74 -1
17 94 -1
17 116 -1
17 125 1
17 126 1
17 127 1
17 128 1
17 129 1
17 130 1
18 101 -1
18 108 -1
18 131 1
18 132 1
18 133 1
18 134 1
18 135 1
18 136 1
18 137 1
19 109 -1
19 117 -1
19 138 1
19 139 1
19 140 1
19 141 1
19 142 1
19 143 1
19 144 1
20 118 -1
20 125 -1
20 145 1
20 146 1
20 147 1
20 148 1
20 149 1
20 150 1
20 151 1
21 102 -1
21 131 -1
21 152 1
21 153 1
21 154 1
21 155 1
22 110 -1
22 132 -1
22 138 -1
22 152 -1
22 156 1
22 157 1
22 158 1
22 159 1
22 160 1
23 119 -1
23 139 -1
23 145 -1
23 156 -1
23 161 1
23 162 1
23 163 1
23 164 1
23 165 1
24 126 -1
24 146 -1
24 161 -1
24 166 1
24 167 1
24 168 1
25 3 -1
25 10 -1
25 29 -1
25 169 1
25 170 1
25 171 1
25 172 1
25 173 1
25 174 1
26 11 -1
26 18 -1
26 36 -1
26 175 1
26 176 1
26 177 1
26 178 1
26 179 1
26 180 1
27 19 -1
27 24 -1
27 43 -1
27 181 1
27 182 1
27 183 1
27 184 1
27 185 1
27 186 1
28 4 -1
28 30 -1
28 51 -1
28 169 -1
28 187 1
28 188 1
28 189 1
28 190 1
28 191 1
29 31 -1
29 170 -1
29 187 -1
29 192 1
29 193 1
29 194 1
30 12 -1
30 32 -1
30 37 -1
30 59 -1
30 171 -1
30 175 -1
30 192 -1
30 195 1
30 196 1
30 197 1
30 198 1
30 199 1
30 200 1
30 201 1
31 38 -1
31 176 -1
31 195 -1
31 202 1
31 203 1
31 204 1
32 20 -1
32 39 -1
32 44 -1
32 68 -1
32 177 -1
32 181 -1
32 202 -1
32 205 1
32 206 1
32 207 1
32 208 1
32 209 1
32 210 1
32 211 1
33 45 -1
33 182 -1
33 205 -1
33 212 1
33 213 1
33 214 1
34 25 -1
34 46 -1
34 75 -1
34 183 -1
34 212 -1
34 215 1
34 216 1
34 217 1
34 218 1
35 33 -1
35 52 -1
35 60 -1
35 81 -1
35 188 -1
35 193 -1
35 196 -1
35 219 1
35 220 1
35 221 1
35 222 1
35 223 1
35 224 1
35 225 1
36 40 -1
36 61 -1
36 69 -1
36 88 -1
36 197 -1
36 203 -1
36 206 -1
36 226 1
36 227 1
36 228 1
36 229 1
36 230 1
36 231 1
36 232 1
37 47 -1
37 70 -1
37 76 -1
37 95 -1
37 207 -1
37 213 -1
37 215 -1
37 233 1
37 234 1
37 235 1
37 236 1
37 237 1
37 238 1
37 239 1
38 53 -1
38 82 -1
38 103 -1
38 219 -1
38 240 1
38 241 1
38 242 1
38 243 1
38 244 1
39 83 -1
39 220 -1
39 240 -1
39 245 1
39 246 1
39 247 1
40 62 -1
40 84 -1
40 89 -1
40 111 -1
40 221 -1
40 226 -1
40 245 -1
40 248 1
40 249 1
40 250 1
40 251 1
40 252 1
40 253 1
40 254 1
41 90 -1
41 227 -1
41 248 -1
41 255 1
41 256 1
41 257 1
42 71 -1
42 91 -1
42 96 -1
42 120 -1
42 228 -1
42 233 -1
42 255 -1
42 258 1
42 259 1
42 260 1
42 261 1
42 262 1
42 263 1
42 264 1
43 97 -1
43 234 -1
43 258 -1
43 265 1
43 266 1
43 267 1
44 77 -1
44 98 -1
44 127 -1
44 235 -1
44 265 -1
44 268 1
44 269 1
44 270 1
44 271 1
45 85 -1
45 104 -1
45 112 -1
45 133 -1
45 241 -1
45 246 -1
45 249 -1
45 272 1
45 273 1
45 274 1
45 275 1
45 276 1
45 277 1
45 278 1
46 92 -1
46 113 -1
46 121 -1
46 140 -1
46 250 -1
46 256 -1
46 259 -1
46 279 1
46 280 1
46 281 1
46 282 1
46 283 1
46 284 1
46 285 1
47 99 -1
47 122 -1
47 128 -1
47 147 -1
47 260 -1
47 266 -1
47 268 -1
47 286 1
47 287 1
47 288 1
47 289 1
47 290 1
47 291 1
47 292 1
48 105 -1
48 134 -1
48 153 -1
48 272 -1
48 293 1
48 294 1
48 295 1
48 296 1
48 297 1
49 135 -1
49 273 -1
49 293 -1
49 298 1
49 299 1
49 300 1
50 114 -1
50 136 -1
50 141 -1
50 157 -1
50 274 -1
50 279 -1
50 298 -1
50 301 1
50 302 1
50 303 1
50 304 1
50 305 1
50 306 1
50 307 1
51 142 -1
51 280 -1
51 301 -1
51 308 1
51 309 1
51 310 1
52 123 -1
52 143 -1
52 148 -1
52 162 -1
52 281 -1
52 286 -1
52 308 -1
52 311 1
52 312 1
52 313 1
52 314 1
52 315 1
52 316 1
52 317 1
53 149 -1
53 287 -1
53 311 -1
53 318 1
53 319 1
53 320 1
54 129 -1
54 150 -1
54 166 -1
54 288 -1
54 318 -1
54 321 1
54 322 1
54 323 1
54 324 1
55 137 -1
55 154 -1
55 158 -1
55 294 -1
55 299 -1
55 302 -1
55 325 1
55 326 1
55 327 1
56 144 -1
56 159 -1
56 163 -1
56 303 -1
56 309 -1
56 312 -1
56 328 1
56 329 1
56 330 1
57 151 -1
57 164 -1
57 167 -1
57 313 -1
57 319 -1
57 321 -1
57 331 1
57 332 1
57 333 1
58 5 -1
58 172 -1
58 189 -1
58 334 1
58 335 1
58 336 1
58 337 1
58 338 1
58 339 1
59 13 -1
59 173 -1
59 178 -1
59 198 -1
59 334 -1
59 340 1
59 341 1
59 342 1
59 343 1
59 344 1
59 345 1
59 346 1
59 347 1
60 21 -1
60 179 -1
60 184 -1
60 208 -1
60 340 -1
60 348 1
60 349 1
60 350 1
60 351 1
60 352 1
60 353 1
60 354 1
60 355 1
61 26 -1
61 185 -1
61 216 -1
61 348 -1
61 356 1
61 357 1
61 358 1
61 359 1
61 360 1
62 174 -1
62 190 -1
62 194 -1
62 199 -1
62 222 -1
62 335 -1
62 341 -1
62 361 1
62 362 1
62 363 1
62 364 1
62 365 1
62 366 1
62 367 1
63 180 -1
63 200 -1
63 204 -1
63 209 -1
63 229 -1
63 342 -1
63 349 -1
63 368 1
63 369 1
63 370 1
63 371 1
63 372 1
63 373 1
63 374 1
64 186 -1
64 210 -1
64 214 -1
64 217 -1
64 236 -1
64 350 -1
64 356 -1
64 375 1
64 376 1
64 377 1
64 378 1
64 379 1
64 380 1
64 381 1
65 54 -1
65 191 -1
65 223 -1
65 242 -1
65 336 -1
65 361 -1
65 382 1
65 383 1
65 384 1
65 385 1
65 386 1
65 387 1
65 388 1
66 63 -1
66 201 -1
66 224 -1
66 230 -1
66 251 -1
66 343 -1
66 362 -1
66 368 -1
66 382 -1
66 389 1
66 390 1
66 391 1
66 392 1
66 393 1
66 394 1
66 395 1
66 396 1
66 397 1
67 72 -1
67 211 -1
67 231 -1
67 237 -1
67 261 -1
67 351 -1
67 369 -1
67 375 -1
67 389 -1
67 398 1
67 399 1
67 400 1
67 401 1
67 402 1
67 403 1
67 404 1
67 405 1
67 406 1
68 78 -1
68 218 -1
68 238 -1
68 269 -1
68 357 -1
68 376 -1
68 398 -1
68 407 1
68 408 1
68 409 1
68 410 1
68 411 1
68 412 1
69 225 -1
69 243 -1
69 247 -1
69 252 -1
69 275 -1
69 383 -1
69 390 -1
69 413 1
69 414 1
69 415 1
69 416 1
69 417 1
69 418 1
69 419 1
70 232 -1
70 253 -1
70 257 -1
70 262 -1
70 282 -1
70 391 -1
70 399 -1
70 420 1
70 421 1
70 422 1
70 423 1
70 424 1
70 425 1
70 426 1
71 239 -1
71 263 -1
71 267 -1
71 270 -1
71 289 -1
71 400 -1
71 407 -1
71 427 1
71 428 1
71 429 1
71 430 1
71 431 1
71 432 1
71 433 1
72 106 -1
72 244 -1
72 276 -1
72 295 -1
72 384 -1
72 413 -1
72 434 1
72 435 1
72 436 1
72 437 1
72 438 1
72 439 1
72 440 1
73 115 -1
73 254 -1
73 277 -1
73 283 -1
73 304 -1
73 392 -1
73 414 -1
73 420 -1
73 434 -1
73 441 1
73 442 1
73 443 1
73 444 1
73 445 1
73 446 1
73 447 1
73 448 1
73 449 1
74 124 -1
74 264 -1
74 284 -1
74 290 -1
74 314 -1
74 401 -1
74 421 -1
74 427 -1
74 441 -1
74 450 1
74 451 1
74 452 1
74 453 1
74 454 1
74 455 1
74 456 1
74 457 1
74 458 1
75 130 -1
75 271 -1
75 291 -1
75 322 -1
75 408 -1
75 428 -1
75 450 -1
75 459 1
75 460 1
75 461 1
75 462 1
75 463 1
75 464 1
76 278 -1
76 296 -1
76 300 -1
76 305 -1
76 325 -1
76 435 -1
76 442 -1
76 465 1
76 466 1
76 467 1
76 468 1
76 469 1
76 470 1
76 471 1
77 285 -1
77 306 -1
77 310 -1
77 315 -1
77 328 -1
77 443 -1
77 451 -1
77 472 1
77 473 1
77 474 1
77 475 1
77 476 1
77 477 1
77 478 1
78 292 -1
78 316 -1
78 320 -1
78 323 -1
78 331 -1
78 452 -1
78 459 -1
78 479 1
78 480 1
78 481 1
78 482 1
78 483 1
78 484 1
78 485 1
79 155 -1
79 297 -1
79 326 -1
79 436 -1
79 465 -1
79 486 1
79 487 1
79 488 1
79 489 1
80 160 -1
80 307 -1
80 327 -1
80 329 -1
80 444 -1
80 466 -1
80 472 -1
80 486 -1
80 490 1
80 491 1
80 492 1
80 493 1
80 494 1
81 165 -1
81 317 -1
81 330 -1
81 332 -1
81 453 -1
81 473 -1
81 479 -1
81 490 -1
81 495 1
81 496 1
81 497 1
81 498 1
81 499 1
82 168 -1
82 324 -1
82 333 -1
82 460 -1
82 480 -1
82 495 -1
82 500 1
82 501 1
82 502 1
83 337 -1
83 344 -1
83 363 -1
83 503 1
83 504 1
83 505 1
83 506 1
83 507 1
83 508 1
84 345 -1
84 352 -1
84 370 -1
84 509 1
84 510 1
84 511 1
84 512 1
84 513 1
84 514 1
85 353 -1
85 358 -1
85 377 -1
85 515 1
85 516 1
85 517 1
85 518 1
85 519 1
85 520 1
86 338 -1
86 364 -1
86 385 -1
86 503 -1
86 521 1
86 522 1
86 523 1
86 524 1
86 525 1
87 365 -1
87 504 -1
87 521 -1
87 526 1
87 527 1
87 528 1
88 346 -1
88 366 -1
88 371 -1
88 393 -1
88 505 -1
88 509 -1
88 526 -1
88 529 1
88 530 1
88 531 1
88 532 1
88 533 1
88 534 1
88 535 1
89 372 -1
89 510 -1
89 529 -1
89 536 1
89 537 1
89 538 1
90 354 -1
90 373 -1
90 378 -1
90 402 -1
90 511 -1
90 515 -1
90 536 -1
90 539 1
90 540 1
90 541 1
90 542 1
90 543 1
90 544 1
90 545 1
91 379 -1
91 516 -1
91 539 -1
91 546 1
91 547 1
91 548 1
92 359 -1
92 380 -1
92 409 -1
92 517 -1
92 546 -1
92 549 1
92 550 1
92 551 1
92 552 1
93 367 -1
93 386 -1
93 394 -1
93 415 -1
93 522 -1
93 527 -1
93 530 -1
93 553 1
93 554 1
93 555 1
93 556 1
93 557 1
93 558 1
93 559 1
94 374 -1
94 395 -1
94 403 -1
94 422 -1
94 531 -1
94 537 -1
94 540 -1
94 560 1
94 561 1
94 562 1
94 563 1
94 564 1
94 565 1
94 566 1
95 381 -1
95 404 -1
95 410 -1
95 429 -1
95 541 -1
95 547 -1
95 549 -1
95 567 1
95 568 1
95 569 1
95 570 1
95 571 1
95 572 1
95 573 1
96 387 -1
96 416 -1
96 437 -1
96 553 -1
96 574 1
96 575 1
96 576 1
96 577 1
96 578 1
97 417 -1
97 554 -1
97 574 -1
97 579 1
97 580 1
97 581 1
98 396 -1
98 418 -1
98 423 -1
98 445 -1
98 555 -1
98 560 -1
98 579 -1
98 582 1
98 583 1
98 584 1
98 585 1
98 586 1
98 587 1
98 588 1
99 424 -1
99 561 -1
99 582 -1
99 589 1
99 590 1
99 591 1
100 405 -1
100 425 -1
100 430 -1
100 454 -1
100 562 -1
100 567 -1
100 589 -1
100 592 1
100 593 1
100 594 1
100 595 1
100 596 1
100 597 1
100 598 1
101 431 -1
101 568 -1
101 592 -1
101 599 1
101 600 1
101 601 1
102 411 -1
102 432 -1
102 461 -1
102 569 -1
102 599 -1
102 602 1
102 603 1
102 604 1
102 605 1
103 419 -1
103 438 -1
103 446 -1
103 467 -1
103 575 -1
103 580 -1
103 583 -1
103 606 1
103 607 1
103 608 1
103 609 1
103 610 1
103 611 1
103 612 1
104 426 -1
104 447 -1
104 455 -1
104 474 -1
104 584 -1
104 590 -1
104 593 -1
104 613 1
104 614 1
104 615 1
104 616 1
104 617 1
104 618 1
104 619 1
105 433 -1
105 456 -1
105 462 -1
105 481 -1
105 594 -1
105 600 -1
105 602 -1
105 620 1
105 621 1
105 622 1
105 623 1
105 624 1
105 625 1
105 626 1
106 439 -1
106 468 -1
106 487 -1
106 606 -1
106 627 1
106 628 1
106 629 1
106 630 1
106 631 1
107 469 -1
107 607 -1
107 627 -1
107 632 1
107 633 1
107 634 1
108 448 -1
108 470 -1
108 475 -1
108 491 -1
108 608 -1
108 613 -1
108 632 -1
108 635 1
108 636 1
108 637 1
108 638 1
108 639 1
108 640 1
108 641 1
109 476 -1
109 614 -1
109 635 -1
109 642 1
109 643 1
109 644 1
110 457 -1
110 477 -1
110 482 -1
110 496 -1
110 615 -1
110 620 -1
110 642 -1
110 645 1
110 646 1
110 647 1
110 648 1
110 649 1
110 650 1
110 651 1
111 483 -1
111 621 -1
111 645 -1
111 652 1
111 653 1
111 654 1
112 463 -1
112 484 -1
112 500 -1
112 622 -1
112 652 -1
112 655 1
112 656 1
112 657 1
112 658 1
113 471 -1
113 488 -1
113 492 -1
113 628 -1
113 633 -1
113 636 -1
113 659 1
113 660 1
113 661 1
114 478 -1
114 493 -1
114 497 -1
114 637 -1
114 643 -1
114 646 -1
114 662 1
114 663 1
114 664 1
115 485 -1
115 498 -1
115 501 -1
115 647 -1
115 653 -1
115 655 -1
115 665 1
115 666 1
115 667 1
116 339 -1
116 506 -1
116 523 -1
116 668 1
116 669 1
116 670 1
116 671 1
116 672 1
116 673 1
117 347 -1
117 507 -1
117 512 -1
117 532 -1
117 668 -1
117 674 1
117 675 1
117 676 1
117 677 1
117 678 1
117 679 1
117 680 1
117 681 1
118 355 -1
118 513 -1
118 518 -1
118 542 -1
118 674 -1
118 682 1
118 683 1
118 684 1
118 685 1
118 686 1
118 687 1
118 688 1
118 689 1
119 360 -1
119 519 -1
119 550 -1
119 682 -1
119 690 1
119 691 1
119 692 1
119 693 1
119 694 1
120 508 -1
120 524 -1
120 528 -1
120 533 -1
120 556 -1
120 669 -1
120 675 -1
120 695 1
120 696 1
120 697 1
120 698 1
120 699 1
120 700 1
120 701 1
121 514 -1
121 534 -1
121 538 -1
121 543 -1
121 563 -1
121 676 -1
121 683 -1
121 702 1
121 703 1
121 704 1
121 705 1
121 706 1
121 707 1
121 708 1
122 520 -1
122 544 -1
122 548 -1
122 551 -1
122 570 -1
122 684 -1
122 690 -1
122 709 1
122 710 1
122 711 1
122 712 1
122 713 1
122 714 1
122 715 1
123 388 -1
123 525 -1
123 557 -1
123 576 -1
123 670 -1
123 695 -1
123 716 1
123 717 1
123 718 1
123 719 1
123 720 1
123 721 1
123 722 1
124 397 -1
124 535 -1
124 558 -1
124 564 -1
124 585 -1
124 677 -1
124 696 -1
124 702 -1
124 716 -1
124 723 1
124 724 1
124 725 1
124 726 1
124 727 1
124 728 1
124 729 1
124 730 1
124 731 1
125 406 -1
125 545 -1
125 565 -1
125 571 -1
125 595 -1
125 685 -1
125 703 -1
125 709 -1
125 723 -1
125 732 1
125 733 1
125 734 1
125 735 1
125 736 1
125 737 1
125 738 1
125 739 1
125 740 1
126 412 -1
126 552 -1
126 572 -1
126 603 -1
126 691 -1
126 710 -1
126 732 -1
126 741 1
126 742 1
126 743 1
126 744 1
126 745 1
126 746 1
127 559 -1
127 577 -1
127 581 -1
127 586 -1
127 609 -1
127 717 -1
127 724 -1
127 747 1
127 748 1
127 749 1
127 750 1
127 751 1
127 752 1
127 753 1
128 566 -1
128 587 -1
128 591 -1
128 596 -1
128 616 -1
128 725 -1
128 733 -1
128 754 1
128 755 1
128 756 1
128 757 1
128 758 1
128 759 1
128 760 1
129 573 -1
129 597 -1
129 601 -1
129 604 -1
129 623 -1
129 734 -1
129 741 -1
129 761 1
129 762 1
129 763 1
129 764 1
129 765 1
129 766 1
129 767 1
130 440 -1
130 578 -1
130 610 -1
130 629 -1
130 718 -1
130 747 -1
130 768 1
130 769 1
130 770 1
130 771 1
130 772 1
130 773 1
130 774 1
131 449 -1
131 588 -1
131 611 -1
131 617 -1
131 638 -1
131 726 -1
131 748 -1
131 754 -1
131 768 -1
131 775 1
131 776 1
131 777 1
131 778 1
131 779 1
131 780 1
131 781 1
131 782 1
131 783 1
132 458 -1
132 598 -1
132 618 -1
132 624 -1
132 648 -1
132 735 -1
132 755 -1
132 761 -1
132 775 -1
132 784 1
132 785 1
132 786 1
132 787 1
132 788 1
132 789 1
132 790 1
132 791 1
132 792 1
133 464 -1
133 605 -1
133 625 -1
133 656 -1
133 742 -1
133 762 -1
133 784 -1
133 793 1
133 794 1
133 795 1
133 796 1
133 797 1
133 798 1
134 612 -1
134 630 -1
134 634 -1
134 639 -1
134 659 -1
134 769 -1
134 776 -1
134 799 1
134 800 1
134 801 1
134 802 1
134 803 1
134 804 1
134 805 1
135 619 -1
135 640 -1
135 644 -1
135 649 -1
135 662 -1
135 777 -1
135 785 -1
135 806 1
135 807 1
135 808 1
135 809 1
135 810 1
135 811 1
135 812 1
136 626 -1
136 650 -1
136 654 -1
136 657 -1
136 665 -1
136 786 -1
136 793 -1
136 813 1
136 814 1
136 815 1
136 816 1
136 817 1
136 818 1
136 819 1
137 489 -1
137 631 -1
137 660 -1
137 770 -1
137 799 -1
137 820 1
137 821 1
137 822 1
137 823 1
138 494 -1
138 641 -1
138 661 -1
138 663 -1
138 778 -1
138 800 -1
138 806 -1
138 820 -1
138 824 1
138 825 1
138 826 1
138 827 1
138 828 1
139 499 -1
139 651 -1
139 664 -1
139 666 -1
139 787 -1
139 807 -1
139 813 -1
139 824 -1
139 829 1
139 830 1
139 831 1
139 832 1
139 833 1
140 502 -1
140 658 -1
140 667 -1
140 794 -1
140 814 -1
140 829 -1
140 834 1
140 835 1
140 836 1
141 671 -1
141 678 -1
141 697 -1
141 837 1
141 838 1
141 839 1
141 840 1
141 841 1
141 842 1
142 679 -1
142 686 -1
142 704 -1
142 843 1
142 844 1
142 845 1
142 846 1
142 847 1
142 848 1
143 687 -1
143 692 -1
143 711 -1
143 849 1
143 850 1
143 851 1
143 852 1
143 853 1
143 854 1
144 672 -1
144 698 -1
144 719 -1
144 837 -1
144 855 1
144 856 1
144 857 1
144 858 1
144 859 1
145 699 -1
145 838 -1
145 855 -1
145 860 1
145 861 1
145 862 1
146 680 -1
146 700 -1
146 705 -1
146 727 -1
146 839 -1
146 843 -1
146 860 -1
146 863 1
146 864 1
146 865 1
146 866 1
146 867 1
146 868 1
146 869 1
147 706 -1
147 844 -1
147 863 -1
147 870 1
147 871 1
147 872 1
148 688 -1
148 707 -1
148 712 -1
148 736 -1
148 845 -1
148 849 -1
148 870 -1
148 873 1
148 874 1
148 875 1
148 876 1
148 877 1
148 878 1
148 879 1
149 713 -1
149 850 -1
149 873 -1
149 880 1
149 881 1
149 882 1
150 693 -1
150 714 -1
150 743 -1
150 851 -1
150 880 -1
150 883 1
150 884 1
150 885 1
150 886 1
151 701 -1
151 720 -1
151 728 -1
151 749 -1
151 856 -1
151 861 -1
151 864 -1
151 887 1
151 888 1
151 889 1
151 890 1
151 891 1
151 892 1
151 893 1
152 708 -1
152 729 -1
152 737 -1
152 756 -1
152 865 -1
152 871 -1
152 874 -1
152 894 1
152 895 1
152 896 1
152 897 1
152 898 1
152 899 1
152 900 1
153 715 -1
153 738 -1
153 744 -1
153 763 -1
153 875 -1
153 881 -1
153 883 -1
153 901 1
153 902 1
153 903 1
153 904 1
153 905 1
153 906 1
153 907 1
154 721 -1
154 750 -1
154 771 -1
154 887 -1
154 908 1
154 909 1
154 910 1
154 911 1
154 912 1
155 751 -1
155 888 -1
155 908 -1
155 913 1
155 914 1
155 915 1
156 730 -1
156 752 -1
156 757 -1
156 779 -1
156 889 -1
156 894 -1
156 913 -1
156 916 1
156 917 1
156 918 1
156 919 1
156 920 1
156 921 1
156 922 1
157 758 -1
157 895 -1
157 916 -1
157 923 1
157 924 1
157 925 1
158 739 -1
158 759 -1
158 764 -1
158 788 -1
158 896 -1
158 901 -1
158 923 -1
158 926 1
158 927 1
158 928 1
158 929 1
158 930 1
158 931 1
158 932 1
159 765 -1
159 902 -1
159 926 -1
159 933 1
159 934 1
159 935 1
160 745 -1
160 766 -1
160 795 -1
160 903 -1
160 933 -1
160 936 1
160 937 1
160 938 1
160 939 1
161 753 -1
161 772 -1
161 780 -1
161 801 -1
161 909 -1
161 914 -1
161 917 -1
161 940 1
161 941 1
161 942 1
161 943 1
161 944 1
161 945 1
161 946 1
162 760 -1
162 781 -1
162 789 -1
162 808 -1
162 918 -1
162 924 -1
162 927 -1
162 947 1
162 948 1
162 949 1
162 950 1
162 951 1
162 952 1
162 953 1
163 767 -1
163 790 -1
163 796 -1
163 815 -1
163 928 -1
163 934 -1
163 936 -1
163 954 1
163 955 1
163 956 1
163 957 1
163 958 1
163 959 1
163 960 1
164 773 -1
164 802 -1
164 821 -1
164 940 -1
164 961 1
164 962 1
164 963 1
164 964 1
164 965 1
165 803 -1
165 941 -1
165 961 -1
165 966 1
165 967 1
165 968 1
166 782 -1
166 804 -1
166 809 -1
166 825 -1
166 942 -1
166 947 -1
166 966 -1
166 969 1
166 970 1
166 971 1
166 972 1
166 973 1
166 974 1
166 975 1
167 810 -1
167 948 -1
167 969 -1
167 976 1
167 977 1
167 978 1
168 791 -1
168 811 -1
168 816 -1
168 830 -1
168 949 -1
168 954 -1
168 976 -1
168 979 1
168 980 1
168 981 1
168 982 1
168 983 1
168 984 1
168 985 1
169 817 -1
169 955 -1
169 979 -1
169 986 1
169 987 1
169 988 1
170 797 -1
170 818 -1
170 834 -1
170 956 -1
170 986 -1
170 989 1
170 990 1
170 991 1
170 992 1
171 805 -1
171 822 -1
171 826 -1
171 962 -1
171 967 -1
171 970 -1
171 993 1
171 994 1
171 995 1
172 812 -1
172 827 -1
172 831 -1
172 971 -1
172 977 -1
172 980 -1
172 996 1
172 997 1
172 998 1
173 819 -1
173 832 -1
173 835 -1
173 981 -1
173 987 -1
173 989 -1
173 999 1
173 1000 1
173 1001 1
174 673 -1
174 840 -1
174 857 -1
174 1002 1
174 1003 1
174 1004 1
175 681 -1
175 841 -1
175 846 -1
175 866 -1
175 1002 -1
175 1005 1
175 1006 1
175 1007 1
175 1008 1
176 689 -1
176 847 -1
176 852 -1
176 876 -1
176 1005 -1
176 1009 1
176 1010 1
176 1011 1
176 1012 1
177 694 -1
177 853 -1
177 884 -1
177 1009 -1
177 1013 1
177 1014 1
178 842 -1
178 858 -1
178 862 -1
178 867 -1
178 890 -1
178 1003 -1
178 1006 -1
178 1015 1
178 1016 1
179 848 -1
179 868 -1
179 872 -1
179 877 -1
179 897 -1
179 1007 -1
179 1010 -1
179 1017 1
179 1018 1
180 854 -1
180 878 -1
180 882 -1
180 885 -1
180 904 -1
180 1011 -1
180 1013 -1
180 1019 1
180 1020 1
181 722 -1
181 859 -1
181 891 -1
181 910 -1
181 1004 -1
181 1015 -1
181 1021 1
181 1022 1
181 1023 1
182 731 -1
182 869 -1
182 892 -1
182 898 -1
182 919 -1
182 1008 -1
182 1016 -1
182 1017 -1
182 1021 -1
182 1024 1
182 1025 1
182 1026 1
182 1027 1
183 740 -1
183 879 -1
183 899 -1
183 905 -1
183 929 -1
183 1012 -1
183 1018 -1
183 1019 -1
183 1024 -1
183 1028 1
183 1029 1
183 1030 1
183 1031 1
184 746 -1
184 886 -1
184 906 -1
184 937 -1
184 1014 -1
184 1020 -1
184 1028 -1
184 1032 1
184 1033 1
185 893 -1
185 911 -1
185 915 -1
185 920 -1
185 943 -1
185 1022 -1
185 1025 -1
185 1034 1
185 1035 1
186 900 -1
186 921 -1
186 925 -1
186 930 -1
186 950 -1
186 1026 -1
186 1029 -1
186 1036 1
186 1037 1
187 907 -1
187 931 -1
187 935 -1
187 938 -1
187 957 -1
187 1030 -1
187 1032 -1
187 1038 1
187 1039 1
188 774 -1
188 912 -1
188 944 -1
188 963 -1
188 1023 -1
188 1034 -1
188 1040 1
188 1041 1
188 1042 1
189 783 -1
189 922 -1
189 945 -1
189 951 -1
189 972 -1
189 1027 -1
189 1035 -1
189 1036 -1
189 1040 -1
189 1043 1
189 1044 1
189 1045 1
189 1046 1
190 792 -1
190 932 -1
190 952 -1
190 958 -1
190 982 -1
190 1031 -1
190 1037 -1
190 1038 -1
190 1043 -1
190 1047 1
190 1048 1
190 1049 1
190 1050 1
191 798 -1
191 939 -1
191 959 -1
191 990 -1
191 1033 -1
191 1039 -1
191 1047 -1
191 1051 1
191 1052 1
192 946 -1
192 964 -1
192 968 -1
192 973 -1
192 993 -1
192 1041 -1
192 1044 -1
192 1053 1
192 1054 1
193 953 -1
193 974 -1
193 978 -1
193 983 -1
193 996 -1
193 1045 -1
193 1048 -1
193 1055 1
193 1056 1
194 960 -1
194 984 -1
194 988 -1
194 991 -1
194 999 -1
194 1049 -1
194 1051 -1
194 1057 1
194 1058 1
195 823 -1
195 965 -1
195 994 -1
195 1042 -1
195 1053 -1
195 1059 1
196 828 -1
196 975 -1
196 995 -1
196 997 -1
196 1046 -1
196 1054 -1
196 1055 -1
196 1059 -1
196 1060 1
197 833 -1
197 985 -1
197 998 -1
197 1000 -1
197 1050 -1
197 1056 -1
197 1057 -1
197 1060 -1
197 1061 1
198 836 -1
198 992 -1
198 1001 -1
198 1052 -1
198 1058 -1
198 1061 -1
