# B32
0 0 1
1 0 1
2 1 -1
3 0 -1
3 2 1
4 1 1
4 2 -1
5 1 -1
6 2 1
6 3 -1
7 3 1
8 3 -1
9 4 -1
10 4 1
11 5 1
12 0 1
12 6 -1
13 5 -1
13 6 1
14 7 -1
15 4 -1
15 8 1
16 7 1
16 8 -1
17 5 1
17 7 -1
18 6 -1
18 9 1
19 9 -1
20 8 1
20 10 -1
21 10 1
22 9 1
22 10 -1
23 11 -1
24 11 1
25 12 1
26 4 1
26 13 -1
27 12 -1
27 13 1
28 14 -1
29 11 -1
29 15 1
30 14 1
30 15 -1
31 12 1
31 14 -1
32 13 -1
32 16 1
33 16 -1
34 15 1
34 17 -1
35 17 1
36 16 1
36 17 -1
37 18 1
38 11 1
38 19 -1
39 18 -1
39 19 1
40 18 1
41 19 -1
41 20 1
42 20 -1
43 20 1
44 21 1
45 1 1
45 22 -1
46 21 -1
46 22 1
47 5 -1
47 23 1
48 21 1
48 23 -1
49 2 -1
49 24 1
50 24 -1
50 25 1
51 6 1
51 25 -1
52 24 1
52 26 -1
53 22 -1
53 26 1
54 25 1
54 27 -1
55 26 -1
55 27 1
56 23 1
56 27 -1
57 28 1
58 7 1
58 29 -1
59 28 -1
59 29 1
60 12 -1
60 30 1
61 28 1
61 30 -1
62 8 -1
62 31 1
63 31 -1
63 32 1
64 13 1
64 32 -1
65 31 1
65 33 -1
66 29 -1
66 33 1
67 32 1
67 34 -1
68 33 -1
68 34 1
69 30 1
69 34 -1
70 35 1
71 14 1
71 36 -1
72 35 -1
72 36 1
73 18 -1
73 37 1
74 35 1
74 37 -1
75 15 -1
75 38 1
76 38 -1
76 39 1
77 19 1
77 39 -1
78 38 1
78 40 -1
79 36 -1
79 40 1
80 39 1
80 41 -1
81 40 -1
81 41 1
82 37 1
82 41 -1
83 42 -1
84 21 -1
84 42 1
85 43 -1
86 42 -1
86 44 1
87 43 1
87 44 -1
88 43 -1
89 22 1
89 45 -1
90 45 1
91 44 1
91 46 -1
92 45 -1
92 46 1
93 46 -1
94 47 -1
95 28 -1
95 47 1
96 48 1
97 42 1
97 49 -1
98 48 -1
98 49 1
99 50 -1
100 47 -1
100 51 1
101 50 1
101 51 -1
102 48 1
102 50 -1
103 23 -1
103 52 1
104 29 1
104 53 -1
105 52 -1
105 53 1
106 49 -1
106 54 1
107 52 1
107 54 -1
108 51 1
108 55 -1
109 53 -1
109 55 1
110 54 1
110 55 -1
111 56 -1
112 35 -1
112 56 1
113 57 1
114 47 1
114 58 -1
115 57 -1
115 58 1
116 59 -1
117 56 -1
117 60 1
118 59 1
118 60 -1
119 57 1
119 59 -1
120 30 -1
120 61 1
121 36 1
121 62 -1
122 61 -1
122 62 1
123 58 -1
123 63 1
124 61 1
124 63 -1
125 60 1
125 64 -1
126 62 -1
126 64 1
127 63 1
127 64 -1
128 65 1
129 56 1
129 66 -1
130 65 -1
130 66 1
131 65 1
132 37 -1
132 67 1
133 67 -1
134 66 -1
134 68 1
135 67 1
135 68 -1
136 68 1
137 69 1
138 43 1
138 70 -1
139 69 -1
139 70 1
140 48 -1
140 71 1
141 69 1
141 71 -1
142 44 -1
142 72 1
143 72 -1
143 73 1
144 49 1
144 73 -1
145 72 1
145 74 -1
146 70 -1
146 74 1
147 73 1
147 75 -1
148 74 -1
148 75 1
149 71 1
149 75 -1
150 76 1
151 50 1
151 77 -1
152 76 -1
152 77 1
153 57 -1
153 78 1
154 76 1
154 78 -1
155 51 -1
155 79 1
156 79 -1
156 80 1
157 58 1
157 80 -1
158 79 1
158 81 -1
159 77 -1
159 81 1
160 80 1
160 82 -1
161 81 -1
161 82 1
162 78 1
162 82 -1
163 83 1
164 59 1
164 84 -1
165 83 -1
165 84 1
166 65 -1
166 85 1
167 83 1
167 85 -1
168 60 -1
168 86 1
169 86 -1
169 87 1
170 66 1
170 87 -1
171 86 1
171 88 -1
172 84 -1
172 88 1
173 87 1
173 89 -1
174 88 -1
174 89 1
175 85 1
175 89 -1
176 90 -1
177 69 -1
177 90 1
178 91 -1
179 90 -1
179 92 1
180 91 1
180 92 -1
181 91 -1
182 70 1
182 93 -1
183 93 1
184 92 1
184 94 -1
185 93 -1
185 94 1
186 94 -1
187 95 -1
188 76 -1
188 95 1
189 96 1
190 90 1
190 97 -1
191 96 -1
191 97 1
192 98 -1
193 95 -1
193 99 1
194 98 1
194 99 -1
195 96 1
195 98 -1
196 71 -1
196 100 1
197 77 1
197 101 -1
198 100 -1
198 101 1
199 97 -1
199 102 1
200 100 1
200 102 -1
201 99 1
201 103 -1
202 101 -1
202 103 1
203 102 1
203 103 -1
204 104 -1
205 83 -1
205 104 1
206 105 1
207 95 1
207 106 -1
208 105 -1
208 106 1
209 107 -1
210 104 -1
210 108 1
211 107 1
211 108 -1
212 105 1
212 107 -1
213 78 -1
213 109 1
214 84 1
214 110 -1
215 109 -1
215 110 1
216 106 -1
216 111 1
217 109 1
217 111 -1
218 108 1
218 112 -1
219 110 -1
219 112 1
220 111 1
220 112 -1
221 113 1
222 104 1
222 114 -1
223 113 -1
223 114 1
224 113 1
225 85 -1
225 115 1
226 115 -1
227 114 -1
227 116 1
228 115 1
228 116 -1
229 116 1
230 117 1
231 91 1
231 118 -1
232 117 -1
232 118 1
233 96 -1
233 119 1
234 117 1
234 119 -1
235 92 -1
235 120 1
236 120 -1
236 121 1
237 97 1
237 121 -1
238 120 1
238 122 -1
239 118 -1
239 122 1
240 121 1
240 123 -1
241 122 -1
241 123 1
242 119 1
242 123 -1
243 124 1
244 98 1
244 125 -1
245 124 -1
245 125 1
246 105 -1
246 126 1
247 124 1
247 126 -1
248 99 -1
248 127 1
249 127 -1
249 128 1
250 106 1
250 128 -1
251 127 1
251 129 -1
252 125 -1
252 129 1
253 128 1
253 130 -1
254 129 -1
254 130 1
255 126 1
255 130 -1
256 131 1
257 107 1
257 132 -1
258 131 -1
258 132 1
259 113 -1
259 133 1
260 131 1
260 133 -1
261 108 -1
261 134 1
262 134 -1
262 135 1
263 114 1
263 135 -1
264 134 1
264 136 -1
265 132 -1
265 136 1
266 135 1
266 137 -1
267 136 -1
267 137 1
268 133 1
268 137 -1
269 117 -1
270 118 1
270 138 -1
271 138 1
272 138 -1
273 124 -1
274 119 -1
274 139 1
275 125 1
275 140 -1
276 139 -1
276 140 1
277 139 1
278 140 -1
279 131 -1
280 126 -1
280 141 1
281 132 1
281 142 -1
282 141 -1
282 142 1
283 141 1
284 142 -1
285 133 -1
285 143 1
286 143 -1
287 143 1
288 24 -1
288 144 1
289 3 1
289 145 -1
290 144 -1
290 145 1
291 25 -1
291 146 1
292 144 1
292 146 -1
293 9 -1
293 147 1
294 146 1
294 147 -1
295 148 -1
296 145 -1
296 148 1
297 147 1
297 148 -1
298 31 -1
298 149 1
299 10 1
299 150 -1
300 149 -1
300 150 1
301 32 -1
301 151 1
302 149 1
302 151 -1
303 16 -1
303 152 1
304 151 1
304 152 -1
305 153 -1
306 150 -1
306 153 1
307 152 1
307 153 -1
308 38 -1
308 154 1
309 17 1
309 155 -1
310 154 -1
310 155 1
311 39 -1
311 156 1
312 154 1
312 156 -1
313 20 -1
313 157 1
314 156 1
314 157 -1
315 158 -1
316 155 -1
316 158 1
317 157 1
317 158 -1
318 26 1
318 159 -1
319 144 -1
319 159 1
320 159 -1
320 160 1
321 45 1
321 160 -1
322 145 1
322 161 -1
323 161 1
324 160 1
324 161 -1
325 27 1
325 162 -1
326 146 -1
326 162 1
327 159 1
327 162 -1
328 33 1
328 163 -1
329 149 -1
329 163 1
330 162 1
330 164 -1
331 52 -1
331 164 1
332 163 -1
332 165 1
333 53 1
333 165 -1
334 147 -1
334 166 1
335 150 1
335 167 -1
336 166 -1
336 167 1
337 164 -1
337 166 1
338 165 1
338 167 -1
339 34 1
339 168 -1
340 151 -1
340 168 1
341 163 1
341 168 -1
342 40 1
342 169 -1
343 154 -1
343 169 1
344 168 1
344 170 -1
345 61 -1
345 170 1
346 169 -1
346 171 1
347 62 1
347 171 -1
348 152 -1
348 172 1
349 155 1
349 173 -1
350 172 -1
350 173 1
351 170 -1
351 172 1
352 171 1
352 173 -1
353 41 1
353 174 -1
354 156 -1
354 174 1
355 169 1
355 174 -1
356 174 1
356 175 -1
357 67 -1
357 175 1
358 157 -1
358 176 1
359 176 -1
360 175 -1
360 176 1
361 72 -1
361 177 1
362 46 1
362 178 -1
363 177 -1
363 178 1
364 73 -1
364 179 1
365 177 1
365 179 -1
366 54 -1
366 180 1
367 179 1
367 180 -1
368 160 -1
368 181 1
369 164 1
369 181 -1
370 181 1
370 182 -1
371 178 -1
371 182 1
372 180 1
372 182 -1
373 79 -1
373 183 1
374 55 1
374 184 -1
375 183 -1
375 184 1
376 80 -1
376 185 1
377 183 1
377 185 -1
378 63 -1
378 186 1
379 185 1
379 186 -1
380 165 -1
380 187 1
381 170 1
381 187 -1
382 187 1
382 188 -1
383 184 -1
383 188 1
384 186 1
384 188 -1
385 86 -1
385 189 1
386 64 1
386 190 -1
387 189 -1
387 190 1
388 87 -1
388 191 1
389 189 1
389 191 -1
390 68 -1
390 192 1
391 191 1
391 192 -1
392 171 -1
392 193 1
393 175 1
393 193 -1
394 193 1
394 194 -1
395 190 -1
395 194 1
396 192 1
396 194 -1
397 74 1
397 195 -1
398 177 -1
398 195 1
399 195 -1
399 196 1
400 93 1
400 196 -1
401 178 1
401 197 -1
402 197 1
403 196 1
403 197 -1
404 75 1
404 198 -1
405 179 -1
405 198 1
406 195 1
406 198 -1
407 81 1
407 199 -1
408 183 -1
408 199 1
409 198 1
409 200 -1
410 100 -1
410 200 1
411 199 -1
411 201 1
412 101 1
412 201 -1
413 180 -1
413 202 1
414 184 1
414 203 -1
415 202 -1
415 203 1
416 200 -1
416 202 1
417 201 1
417 203 -1
418 82 1
418 204 -1
419 185 -1
419 204 1
420 199 1
420 204 -1
421 88 1
421 205 -1
422 189 -1
422 205 1
423 204 1
423 206 -1
424 109 -1
424 206 1
425 205 -1
425 207 1
426 110 1
426 207 -1
427 186 -1
427 208 1
428 190 1
428 209 -1
429 208 -1
429 209 1
430 206 -1
430 208 1
431 207 1
431 209 -1
432 89 1
432 210 -1
433 191 -1
433 210 1
434 205 1
434 210 -1
435 210 1
435 211 -1
436 115 -1
436 211 1
437 192 -1
437 212 1
438 212 -1
439 211 -1
439 212 1
440 120 -1
440 213 1
441 94 1
441 214 -1
442 213 -1
442 214 1
443 121 -1
443 215 1
444 213 1
444 215 -1
445 102 -1
445 216 1
446 215 1
446 216 -1
447 196 -1
447 217 1
448 200 1
448 217 -1
449 217 1
449 218 -1
450 214 -1
450 218 1
451 216 1
451 218 -1
452 127 -1
452 219 1
453 103 1
453 220 -1
454 219 -1
454 220 1
455 128 -1
455 221 1
456 219 1
456 221 -1
457 111 -1
457 222 1
458 221 1
458 222 -1
459 201 -1
459 223 1
460 206 1
460 223 -1
461 223 1
461 224 -1
462 220 -1
462 224 1
463 222 1
463 224 -1
464 134 -1
464 225 1
465 112 1
465 226 -1
466 225 -1
466 226 1
467 135 -1
467 227 1
468 225 1
468 227 -1
469 116 -1
469 228 1
470 227 1
470 228 -1
471 207 -1
471 229 1
472 211 1
472 229 -1
473 229 1
473 230 -1
474 226 -1
474 230 1
475 228 1
475 230 -1
476 122 1
476 231 -1
477 213 -1
477 231 1
478 231 -1
478 232 1
479 138 1
479 232 -1
480 214 1
480 233 -1
481 233 1
482 232 1
482 233 -1
483 123 1
483 234 -1
484 215 -1
484 234 1
485 231 1
485 234 -1
486 129 1
486 235 -1
487 219 -1
487 235 1
488 234 1
488 236 -1
489 139 -1
489 236 1
490 235 -1
490 237 1
491 140 1
491 237 -1
492 216 -1
492 238 1
493 220 1
493 239 -1
494 238 -1
494 239 1
495 236 -1
495 238 1
496 237 1
496 239 -1
497 130 1
497 240 -1
498 221 -1
498 240 1
499 235 1
499 240 -1
500 136 1
500 241 -1
501 225 -1
501 241 1
502 240 1
502 242 -1
503 141 -1
503 242 1
504 241 -1
504 243 1
505 142 1
505 243 -1
506 222 -1
506 244 1
507 226 1
507 245 -1
508 244 -1
508 245 1
509 242 -1
509 244 1
510 243 1
510 245 -1
511 137 1
511 246 -1
512 227 -1
512 246 1
513 241 1
513 246 -1
514 246 1
514 247 -1
515 143 -1
515 247 1
516 228 -1
516 248 1
517 248 -1
518 247 -1
518 248 1
519 232 -1
519 249 1
520 236 1
520 249 -1
521 249 1
522 237 -1
522 250 1
523 242 1
523 250 -1
524 250 1
525 243 -1
525 251 1
526 247 1
526 251 -1
527 251 1
528 148 1
528 252 -1
529 252 1
530 161 1
530 253 -1
531 252 -1
531 254 1
532 253 1
532 254 -1
533 253 -1
534 254 1
534 255 -1
535 255 1
536 255 -1
537 153 1
537 256 -1
538 256 1
539 166 -1
539 257 1
540 252 1
540 258 -1
541 257 -1
541 258 1
542 167 1
542 259 -1
543 256 -1
543 260 1
544 259 1
544 260 -1
545 257 1
545 259 -1
546 258 -1
546 261 1
547 261 -1
548 260 1
548 262 -1
549 262 1
550 261 1
550 262 -1
551 158 1
551 263 -1
552 263 1
553 172 -1
553 264 1
554 256 1
554 265 -1
555 264 -1
555 265 1
556 173 1
556 266 -1
557 263 -1
557 267 1
558 266 1
558 267 -1
559 264 1
559 266 -1
560 265 -1
560 268 1
561 268 -1
562 267 1
562 269 -1
563 269 1
564 268 1
564 269 -1
565 176 -1
565 270 1
566 263 1
566 271 -1
567 270 -1
567 271 1
568 270 1
569 271 -1
569 272 1
570 272 -1
571 272 1
572 181 -1
572 273 1
573 253 1
573 274 -1
574 273 -1
574 274 1
575 257 -1
575 275 1
576 273 1
576 275 -1
577 254 -1
577 276 1
578 276 -1
578 277 1
579 258 1
579 277 -1
580 276 1
580 278 -1
581 274 -1
581 278 1
582 277 1
582 279 -1
583 278 -1
583 279 1
584 275 1
584 279 -1
585 187 -1
585 280 1
586 259 1
586 281 -1
587 280 -1
587 281 1
588 264 -1
588 282 1
589 280 1
589 282 -1
590 260 -1
590 283 1
591 283 -1
591 284 1
592 265 1
592 284 -1
593 283 1
593 285 -1
594 281 -1
594 285 1
595 284 1
595 286 -1
596 285 -1
596 286 1
597 282 1
597 286 -1
598 193 -1
598 287 1
599 266 1
599 288 -1
600 287 -1
600 288 1
601 270 -1
601 289 1
602 287 1
602 289 -1
603 267 -1
603 290 1
604 290 -1
604 291 1
605 271 1
605 291 -1
606 290 1
606 292 -1
607 288 -1
607 292 1
608 291 1
608 293 -1
609 292 -1
609 293 1
610 289 1
610 293 -1
611 182 1
611 294 -1
612 273 -1
612 294 1
613 197 1
613 295 -1
614 294 -1
614 296 1
615 295 1
615 296 -1
616 295 -1
617 274 1
617 297 -1
618 297 1
619 296 1
619 298 -1
620 297 -1
620 298 1
621 298 -1
622 188 1
622 299 -1
623 280 -1
623 299 1
624 202 -1
624 300 1
625 294 1
625 301 -1
626 300 -1
626 301 1
627 203 1
627 302 -1
628 299 -1
628 303 1
629 302 1
629 303 -1
630 300 1
630 302 -1
631 275 -1
631 304 1
632 281 1
632 305 -1
633 304 -1
633 305 1
634 301 -1
634 306 1
635 304 1
635 306 -1
636 303 1
636 307 -1
637 305 -1
637 307 1
638 306 1
638 307 -1
639 194 1
639 308 -1
640 287 -1
640 308 1
641 208 -1
641 309 1
642 299 1
642 310 -1
643 309 -1
643 310 1
644 209 1
644 311 -1
645 308 -1
645 312 1
646 311 1
646 312 -1
647 309 1
647 311 -1
648 282 -1
648 313 1
649 288 1
649 314 -1
650 313 -1
650 314 1
651 310 -1
651 315 1
652 313 1
652 315 -1
653 312 1
653 316 -1
654 314 -1
654 316 1
655 315 1
655 316 -1
656 212 -1
656 317 1
657 308 1
657 318 -1
658 317 -1
658 318 1
659 317 1
660 289 -1
660 319 1
661 319 -1
662 318 -1
662 320 1
663 319 1
663 320 -1
664 320 1
665 217 -1
665 321 1
666 295 1
666 322 -1
667 321 -1
667 322 1
668 300 -1
668 323 1
669 321 1
669 323 -1
670 296 -1
670 324 1
671 324 -1
671 325 1
672 301 1
672 325 -1
673 324 1
673 326 -1
674 322 -1
674 326 1
675 325 1
675 327 -1
676 326 -1
676 327 1
677 323 1
677 327 -1
678 223 -1
678 328 1
679 302 1
679 329 -1
680 328 -1
680 329 1
681 309 -1
681 330 1
682 328 1
682 330 -1
683 303 -1
683 331 1
684 331 -1
684 332 1
685 310 1
685 332 -1
686 331 1
686 333 -1
687 329 -1
687 333 1
688 332 1
688 334 -1
689 333 -1
689 334 1
690 330 1
690 334 -1
691 229 -1
691 335 1
692 311 1
692 336 -1
693 335 -1
693 336 1
694 317 -1
694 337 1
695 335 1
695 337 -1
696 312 -1
696 338 1
697 338 -1
697 339 1
698 318 1
698 339 -1
699 338 1
699 340 -1
700 336 -1
700 340 1
701 339 1
701 341 -1
702 340 -1
702 341 1
703 337 1
703 341 -1
704 218 1
704 342 -1
705 321 -1
705 342 1
706 233 1
706 343 -1
707 342 -1
707 344 1
708 343 1
708 344 -1
709 343 -1
710 322 1
710 345 -1
711 345 1
712 344 1
712 346 -1
713 345 -1
713 346 1
714 346 -1
715 224 1
715 347 -1
716 328 -1
716 347 1
717 238 -1
717 348 1
718 342 1
718 349 -1
719 348 -1
719 349 1
720 239 1
720 350 -1
721 347 -1
721 351 1
722 350 1
722 351 -1
723 348 1
723 350 -1
724 323 -1
724 352 1
725 329 1
725 353 -1
726 352 -1
726 353 1
727 349 -1
727 354 1
728 352 1
728 354 -1
729 351 1
729 355 -1
730 353 -1
730 355 1
731 354 1
731 355 -1
732 230 1
732 356 -1
733 335 -1
733 356 1
734 244 -1
734 357 1
735 347 1
735 358 -1
736 357 -1
736 358 1
737 245 1
737 359 -1
738 356 -1
738 360 1
739 359 1
739 360 -1
740 357 1
740 359 -1
741 330 -1
741 361 1
742 336 1
742 362 -1
743 361 -1
743 362 1
744 358 -1
744 363 1
745 361 1
745 363 -1
746 360 1
746 364 -1
747 362 -1
747 364 1
748 363 1
748 364 -1
749 248 -1
749 365 1
750 356 1
750 366 -1
751 365 -1
751 366 1
752 365 1
753 337 -1
753 367 1
754 367 -1
755 366 -1
755 368 1
756 367 1
756 368 -1
757 368 1
758 249 -1
758 369 1
759 343 1
759 370 -1
760 369 -1
760 370 1
761 348 -1
761 371 1
762 369 1
762 371 -1
763 344 -1
763 372 1
764 372 -1
764 373 1
765 349 1
765 373 -1
766 372 1
766 374 -1
767 370 -1
767 374 1
768 373 1
768 375 -1
769 374 -1
769 375 1
770 371 1
770 375 -1
771 250 -1
771 376 1
772 350 1
772 377 -1
773 376 -1
773 377 1
774 357 -1
774 378 1
775 376 1
775 378 -1
776 351 -1
776 379 1
777 379 -1
777 380 1
778 358 1
778 380 -1
779 379 1
779 381 -1
780 377 -1
780 381 1
781 380 1
781 382 -1
782 381 -1
782 382 1
783 378 1
783 382 -1
784 251 -1
784 383 1
785 359 1
785 384 -1
786 383 -1
786 384 1
787 365 -1
787 385 1
788 383 1
788 385 -1
789 360 -1
789 386 1
790 386 -1
790 387 1
791 366 1
791 387 -1
792 386 1
792 388 -1
793 384 -1
793 388 1
794 387 1
794 389 -1
795 388 -1
795 389 1
796 385 1
796 389 -1
797 369 -1
798 370 1
798 390 -1
799 390 1
800 390 -1
801 376 -1
802 371 -1
802 391 1
803 377 1
803 392 -1
804 391 -1
804 392 1
805 391 1
806 392 -1
807 383 -1
808 378 -1
808 393 1
809 384 1
809 394 -1
810 393 -1
810 394 1
811 393 1
812 394 -1
813 385 -1
813 395 1
814 395 -1
815 395 1
816 276 -1
816 396 1
817 255 1
817 397 -1
818 396 -1
818 397 1
819 277 -1
819 398 1
820 396 1
820 398 -1
821 261 -1
821 399 1
822 398 1
822 399 -1
823 400 -1
824 397 -1
824 400 1
825 399 1
825 400 -1
826 283 -1
826 401 1
827 262 1
827 402 -1
828 401 -1
828 402 1
829 284 -1
829 403 1
830 401 1
830 403 -1
831 268 -1
831 404 1
832 403 1
832 404 -1
833 405 -1
834 402 -1
834 405 1
835 404 1
835 405 -1
836 290 -1
836 406 1
837 269 1
837 407 -1
838 406 -1
838 407 1
839 291 -1
839 408 1
840 406 1
840 408 -1
841 272 -1
841 409 1
842 408 1
842 409 -1
843 410 -1
844 407 -1
844 410 1
845 409 1
845 410 -1
846 278 1
846 411 -1
847 396 -1
847 411 1
848 411 -1
848 412 1
849 297 1
849 412 -1
850 397 1
850 413 -1
851 413 1
852 412 1
852 413 -1
853 279 1
853 414 -1
854 398 -1
854 414 1
855 411 1
855 414 -1
856 285 1
856 415 -1
857 401 -1
857 415 1
858 414 1
858 416 -1
859 304 -1
859 416 1
860 415 -1
860 417 1
861 305 1
861 417 -1
862 399 -1
862 418 1
863 402 1
863 419 -1
864 418 -1
864 419 1
865 416 -1
865 418 1
866 417 1
866 419 -1
867 286 1
867 420 -1
868 403 -1
868 420 1
869 415 1
869 420 -1
870 292 1
870 421 -1
871 406 -1
871 421 1
872 420 1
872 422 -1
873 313 -1
873 422 1
874 421 -1
874 423 1
875 314 1
875 423 -1
876 404 -1
876 424 1
877 407 1
877 425 -1
878 424 -1
878 425 1
879 422 -1
879 424 1
880 423 1
880 425 -1
881 293 1
881 426 -1
882 408 -1
882 426 1
883 421 1
883 426 -1
884 426 1
884 427 -1
885 319 -1
885 427 1
886 409 -1
886 428 1
887 428 -1
888 427 -1
888 428 1
889 324 -1
889 429 1
890 298 1
890 430 -1
891 429 -1
891 430 1
892 325 -1
892 431 1
893 429 1
893 431 -1
894 306 -1
894 432 1
895 431 1
895 432 -1
896 412 -1
896 433 1
897 416 1
897 433 -1
898 433 1
898 434 -1
899 430 -1
899 434 1
900 432 1
900 434 -1
901 331 -1
901 435 1
902 307 1
902 436 -1
903 435 -1
903 436 1
904 332 -1
904 437 1
905 435 1
905 437 -1
906 315 -1
906 438 1
907 437 1
907 438 -1
908 417 -1
908 439 1
909 422 1
909 439 -1
910 439 1
910 440 -1
911 436 -1
911 440 1
912 438 1
912 440 -1
913 338 -1
913 441 1
914 316 1
914 442 -1
915 441 -1
915 442 1
916 339 -1
916 443 1
917 441 1
917 443 -1
918 320 -1
918 444 1
919 443 1
919 444 -1
920 423 -1
920 445 1
921 427 1
921 445 -1
922 445 1
922 446 -1
923 442 -1
923 446 1
924 444 1
924 446 -1
925 326 1
925 447 -1
926 429 -1
926 447 1
927 447 -1
927 448 1
928 345 1
928 448 -1
929 430 1
929 449 -1
930 449 1
931 448 1
931 449 -1
932 327 1
932 450 -1
933 431 -1
933 450 1
934 447 1
934 450 -1
935 333 1
935 451 -1
936 435 -1
936 451 1
937 450 1
937 452 -1
938 352 -1
938 452 1
939 451 -1
939 453 1
940 353 1
940 453 -1
941 432 -1
941 454 1
942 436 1
942 455 -1
943 454 -1
943 455 1
944 452 -1
944 454 1
945 453 1
945 455 -1
946 334 1
946 456 -1
947 437 -1
947 456 1
948 451 1
948 456 -1
949 340 1
949 457 -1
950 441 -1
950 457 1
951 456 1
951 458 -1
952 361 -1
952 458 1
953 457 -1
953 459 1
954 362 1
954 459 -1
955 438 -1
955 460 1
956 442 1
956 461 -1
957 460 -1
957 461 1
958 458 -1
958 460 1
959 459 1
959 461 -1
960 341 1
960 462 -1
961 443 -1
961 462 1
962 457 1
962 462 -1
963 462 1
963 463 -1
964 367 -1
964 463 1
965 444 -1
965 464 1
966 464 -1
967 463 -1
967 464 1
968 372 -1
968 465 1
969 346 1
969 466 -1
970 465 -1
970 466 1
971 373 -1
971 467 1
972 465 1
972 467 -1
973 354 -1
973 468 1
974 467 1
974 468 -1
975 448 -1
975 469 1
976 452 1
976 469 -1
977 469 1
977 470 -1
978 466 -1
978 470 1
979 468 1
979 470 -1
980 379 -1
980 471 1
981 355 1
981 472 -1
982 471 -1
982 472 1
983 380 -1
983 473 1
984 471 1
984 473 -1
985 363 -1
985 474 1
986 473 1
986 474 -1
987 453 -1
987 475 1
988 458 1
988 475 -1
989 475 1
989 476 -1
990 472 -1
990 476 1
991 474 1
991 476 -1
992 386 -1
992 477 1
993 364 1
993 478 -1
994 477 -1
994 478 1
995 387 -1
995 479 1
996 477 1
996 479 -1
997 368 -1
997 480 1
998 479 1
998 480 -1
999 459 -1
999 481 1
1000 463 1
1000 481 -1
1001 481 1
1001 482 -1
1002 478 -1
1002 482 1
1003 480 1
1003 482 -1
1004 374 1
1004 483 -1
1005 465 -1
1005 483 1
1006 483 -1
1006 484 1
1007 390 1
1007 484 -1
1008 466 1
1008 485 -1
1009 485 1
1010 484 1
1010 485 -1
1011 375 1
1011 486 -1
1012 467 -1
1012 486 1
1013 483 1
1013 486 -1
1014 381 1
1014 487 -1
1015 471 -1
1015 487 1
1016 486 1
1016 488 -1
1017 391 -1
1017 488 1
1018 487 -1
1018 489 1
1019 392 1
1019 489 -1
1020 468 -1
1020 490 1
1021 472 1
1021 491 -1
1022 490 -1
1022 491 1
1023 488 -1
1023 490 1
1024 489 1
1024 491 -1
1025 382 1
1025 492 -1
1026 473 -1
1026 492 1
1027 487 1
1027 492 -1
1028 388 1
1028 493 -1
1029 477 -1
1029 493 1
1030 492 1
1030 494 -1
1031 393 -1
1031 494 1
1032 493 -1
1032 495 1
1033 394 1
1033 495 -1
1034 474 -1
1034 496 1
1035 478 1
1035 497 -1
1036 496 -1
1036 497 1
1037 494 -1
1037 496 1
1038 495 1
1038 497 -1
1039 389 1
1039 498 -1
1040 479 -1
1040 498 1
1041 493 1
1041 498 -1
1042 498 1
1042 499 -1
1043 395 -1
1043 499 1
1044 480 -1
1044 500 1
1045 500 -1
1046 499 -1
1046 500 1
1047 484 -1
1047 501 1
1048 488 1
1048 501 -1
1049 501 1
1050 489 -1
1050 502 1
1051 494 1
1051 502 -1
1052 502 1
1053 495 -1
1053 503 1
1054 499 1
1054 503 -1
1055 503 1
1056 400 1
1056 504 -1
1057 504 1
1058 413 1
1058 505 -1
1059 504 -1
1059 506 1
1060 505 1
1060 506 -1
1061 505 -1
1062 506 1
1062 507 -1
1063 507 1
1064 507 -1
1065 405 1
1065 508 -1
1066 508 1
1067 418 -1
1067 509 1
1068 504 1
1068 510 -1
1069 509 -1
1069 510 1
1070 419 1
1070 511 -1
1071 508 -1
1071 512 1
1072 511 1
1072 512 -1
1073 509 1
1073 511 -1
1074 510 -1
1074 513 1
1075 513 -1
1076 512 1
1076 514 -1
1077 514 1
1078 513 1
1078 514 -1
1079 410 1
1079 515 -1
1080 515 1
1081 424 -1
1081 516 1
1082 508 1
1082 517 -1
1083 516 -1
1083 517 1
1084 425 1
1084 518 -1
1085 515 -1
1085 519 1
1086 518 1
1086 519 -1
1087 516 1
1087 518 -1
1088 517 -1
1088 520 1
1089 520 -1
1090 519 1
1090 521 -1
1091 521 1
1092 520 1
1092 521 -1
1093 428 -1
1093 522 1
1094 515 1
1094 523 -1
1095 522 -1
1095 523 1
1096 522 1
1097 523 -1
1097 524 1
1098 524 -1
1099 524 1
1100 433 -1
1100 525 1
1101 505 1
1101 526 -1
1102 525 -1
1102 526 1
1103 509 -1
1103 527 1
1104 525 1
1104 527 -1
1105 506 -1
1105 528 1
1106 528 -1
1106 529 1
1107 510 1
1107 529 -1
1108 528 1
1108 530 -1
1109 526 -1
1109 530 1
1110 529 1
1110 531 -1
1111 530 -1
1111 531 1
1112 527 1
1112 531 -1
1113 439 -1
1113 532 1
1114 511 1
1114 533 -1
1115 532 -1
1115 533 1
1116 516 -1
1116 534 1
1117 532 1
1117 534 -1
1118 512 -1
1118 535 1
1119 535 -1
1119 536 1
1120 517 1
1120 536 -1
1121 535 1
1121 537 -1
1122 533 -1
1122 537 1
1123 536 1
1123 538 -1
1124 537 -1
1124 538 1
1125 534 1
1125 538 -1
1126 445 -1
1126 539 1
1127 518 1
1127 540 -1
1128 539 -1
1128 540 1
1129 522 -1
1129 541 1
1130 539 1
1130 541 -1
1131 519 -1
1131 542 1
1132 542 -1
1132 543 1
1133 523 1
1133 543 -1
1134 542 1
1134 544 -1
1135 540 -1
1135 544 1
1136 543 1
1136 545 -1
1137 544 -1
1137 545 1
1138 541 1
1138 545 -1
1139 434 1
1139 546 -1
1140 525 -1
1140 546 1
1141 449 1
1141 547 -1
1142 546 -1
1142 548 1
1143 547 1
1143 548 -1
1144 547 -1
1145 526 1
1145 549 -1
1146 549 1
1147 548 1
1147 550 -1
1148 549 -1
1148 550 1
1149 550 -1
1150 440 1
1150 551 -1
1151 532 -1
1151 551 1
1152 454 -1
1152 552 1
1153 546 1
1153 553 -1
1154 552 -1
1154 553 1
1155 455 1
1155 554 -1
1156 551 -1
1156 555 1
1157 554 1
1157 555 -1
1158 552 1
1158 554 -1
1159 527 -1
1159 556 1
1160 533 1
1160 557 -1
1161 556 -1
1161 557 1
1162 553 -1
1162 558 1
1163 556 1
1163 558 -1
1164 555 1
1164 559 -1
1165 557 -1
1165 559 1
1166 558 1
1166 559 -1
1167 446 1
1167 560 -1
1168 539 -1
1168 560 1
1169 460 -1
1169 561 1
1170 551 1
1170 562 -1
1171 561 -1
1171 562 1
1172 461 1
1172 563 -1
1173 560 -1
1173 564 1
1174 563 1
1174 564 -1
1175 561 1
1175 563 -1
1176 534 -1
1176 565 1
1177 540 1
1177 566 -1
1178 565 -1
1178 566 1
1179 562 -1
1179 567 1
1180 565 1
1180 567 -1
1181 564 1
1181 568 -1
1182 566 -1
1182 568 1
1183 567 1
1183 568 -1
1184 464 -1
1184 569 1
1185 560 1
1185 570 -1
1186 569 -1
1186 570 1
1187 569 1
1188 541 -1
1188 571 1
1189 571 -1
1190 570 -1
1190 572 1
1191 571 1
1191 572 -1
1192 572 1
1193 469 -1
1193 573 1
1194 547 1
1194 574 -1
1195 573 -1
1195 574 1
1196 552 -1
1196 575 1
1197 573 1
1197 575 -1
1198 548 -1
1198 576 1
1199 576 -1
1199 577 1
1200 553 1
1200 577 -1
1201 576 1
1201 578 -1
1202 574 -1
1202 578 1
1203 577 1
1203 579 -1
1204 578 -1
1204 579 1
1205 575 1
1205 579 -1
1206 475 -1
1206 580 1
1207 554 1
1207 581 -1
1208 580 -1
1208 581 1
1209 561 -1
1209 582 1
1210 580 1
1210 582 -1
1211 555 -1
1211 583 1
1212 583 -1
1212 584 1
1213 562 1
1213 584 -1
1214 583 1
1214 585 -1
1215 581 -1
1215 585 1
1216 584 1
1216 586 -1
1217 585 -1
1217 586 1
1218 582 1
1218 586 -1
1219 481 -1
1219 587 1
1220 563 1
1220 588 -1
1221 587 -1
1221 588 1
1222 569 -1
1222 589 1
1223 587 1
1223 589 -1
1224 564 -1
1224 590 1
1225 590 -1
1225 591 1
1226 570 1
1226 591 -1
1227 590 1
1227 592 -1
1228 588 -1
1228 592 1
1229 591 1
1229 593 -1
1230 592 -1
1230 593 1
1231 589 1
1231 593 -1
1232 470 1
1232 594 -1
1233 573 -1
1233 594 1
1234 485 1
1234 595 -1
1235 594 -1
1235 596 1
1236 595 1
1236 596 -1
1237 595 -1
1238 574 1
1238 597 -1
1239 597 1
1240 596 1
1240 598 -1
1241 597 -1
1241 598 1
1242 598 -1
1243 476 1
1243 599 -1
1244 580 -1
1244 599 1
1245 490 -1
1245 600 1
1246 594 1
1246 601 -1
1247 600 -1
1247 601 1
1248 491 1
1248 602 -1
1249 599 -1
1249 603 1
1250 602 1
1250 603 -1
1251 600 1
1251 602 -1
1252 575 -1
1252 604 1
1253 581 1
1253 605 -1
1254 604 -1
1254 605 1
1255 601 -1
1255 606 1
1256 604 1
1256 606 -1
1257 603 1
1257 607 -1
1258 605 -1
1258 607 1
1259 606 1
1259 607 -1
1260 482 1
1260 608 -1
1261 587 -1
1261 608 1
1262 496 -1
1262 609 1
1263 599 1
1263 610 -1
1264 609 -1
1264 610 1
1265 497 1
1265 611 -1
1266 608 -1
1266 612 1
1267 611 1
1267 612 -1
1268 609 1
1268 611 -1
1269 582 -1
1269 613 1
1270 588 1
1270 614 -1
1271 613 -1
1271 614 1
1272 610 -1
1272 615 1
1273 613 1
1273 615 -1
1274 612 1
1274 616 -1
1275 614 -1
1275 616 1
1276 615 1
1276 616 -1
1277 500 -1
1277 617 1
1278 608 1
1278 618 -1
1279 617 -1
1279 618 1
1280 617 1
1281 589 -1
1281 619 1
1282 619 -1
1283 618 -1
1283 620 1
1284 619 1
1284 620 -1
1285 620 1
1286 501 -1
1286 621 1
1287 595 1
1287 622 -1
1288 621 -1
1288 622 1
1289 600 -1
1289 623 1
1290 621 1
1290 623 -1
1291 596 -1
1291 624 1
1292 624 -1
1292 625 1
1293 601 1
1293 625 -1
1294 624 1
1294 626 -1
1295 622 -1
1295 626 1
1296 625 1
1296 627 -1
1297 626 -1
1297 627 1
1298 623 1
1298 627 -1
1299 502 -1
1299 628 1
1300 602 1
1300 629 -1
1301 628 -1
1301 629 1
1302 609 -1
1302 630 1
1303 628 1
1303 630 -1
1304 603 -1
1304 631 1
1305 631 -1
1305 632 1
1306 610 1
1306 632 -1
1307 631 1
1307 633 -1
1308 629 -1
1308 633 1
1309 632 1
1309 634 -1
1310 633 -1
1310 634 1
1311 630 1
1311 634 -1
1312 503 -1
1312 635 1
1313 611 1
1313 636 -1
1314 635 -1
1314 636 1
1315 617 -1
1315 637 1
1316 635 1
1316 637 -1
1317 612 -1
1317 638 1
1318 638 -1
1318 639 1
1319 618 1
1319 639 -1
1320 638 1
1320 640 -1
1321 636 -1
1321 640 1
1322 639 1
1322 641 -1
1323 640 -1
1323 641 1
1324 637 1
1324 641 -1
1325 621 -1
1326 622 1
1326 642 -1
1327 642 1
1328 642 -1
1329 628 -1
1330 623 -1
1330 643 1
1331 629 1
1331 644 -1
1332 643 -1
1332 644 1
1333 643 1
1334 644 -1
1335 635 -1
1336 630 -1
1336 645 1
1337 636 1
1337 646 -1
1338 645 -1
1338 646 1
1339 645 1
1340 646 -1
1341 637 -1
1341 647 1
1342 647 -1
1343 647 1
1344 528 -1
1344 648 1
1345 507 1
1345 649 -1
1346 648 -1
1346 649 1
1347 529 -1
1347 650 1
1348 648 1
1348 650 -1
1349 513 -1
1349 651 1
1350 650 1
1350 651 -1
1351 652 -1
1352 649 -1
1352 652 1
1353 651 1
1353 652 -1
1354 535 -1
1354 653 1
1355 514 1
1355 654 -1
1356 653 -1
1356 654 1
1357 536 -1
1357 655 1
1358 653 1
1358 655 -1
1359 520 -1
1359 656 1
1360 655 1
1360 656 -1
1361 657 -1
1362 654 -1
1362 657 1
1363 656 1
1363 657 -1
1364 542 -1
1364 658 1
1365 521 1
1365 659 -1
1366 658 -1
1366 659 1
1367 543 -1
1367 660 1
1368 658 1
1368 660 -1
1369 524 -1
1369 661 1
1370 660 1
1370 661 -1
1371 662 -1
1372 659 -1
1372 662 1
1373 661 1
1373 662 -1
1374 530 1
1374 663 -1
1375 648 -1
1375 663 1
1376 663 -1
1376 664 1
1377 549 1
1377 664 -1
1378 649 1
1378 665 -1
1379 665 1
1380 664 1
1380 665 -1
1381 531 1
1381 666 -1
1382 650 -1
1382 666 1
1383 663 1
1383 666 -1
1384 537 1
1384 667 -1
1385 653 -1
1385 667 1
1386 666 1
1386 668 -1
1387 556 -1
1387 668 1
1388 667 -1
1388 669 1
1389 557 1
1389 669 -1
1390 651 -1
1390 670 1
1391 654 1
1391 671 -1
1392 670 -1
1392 671 1
1393 668 -1
1393 670 1
1394 669 1
1394 671 -1
1395 538 1
1395 672 -1
1396 655 -1
1396 672 1
1397 667 1
1397 672 -1
1398 544 1
1398 673 -1
1399 658 -1
1399 673 1
1400 672 1
1400 674 -1
1401 565 -1
1401 674 1
1402 673 -1
1402 675 1
1403 566 1
1403 675 -1
1404 656 -1
1404 676 1
1405 659 1
1405 677 -1
1406 676 -1
1406 677 1
1407 674 -1
1407 676 1
1408 675 1
1408 677 -1
1409 545 1
1409 678 -1
1410 660 -1
1410 678 1
1411 673 1
1411 678 -1
1412 678 1
1412 679 -1
1413 571 -1
1413 679 1
1414 661 -1
1414 680 1
1415 680 -1
1416 679 -1
1416 680 1
1417 576 -1
1417 681 1
1418 550 1
1418 682 -1
1419 681 -1
1419 682 1
1420 577 -1
1420 683 1
1421 681 1
1421 683 -1
1422 558 -1
1422 684 1
1423 683 1
1423 684 -1
1424 664 -1
1424 685 1
1425 668 1
1425 685 -1
1426 685 1
1426 686 -1
1427 682 -1
1427 686 1
1428 684 1
1428 686 -1
1429 583 -1
1429 687 1
1430 559 1
1430 688 -1
1431 687 -1
1431 688 1
1432 584 -1
1432 689 1
1433 687 1
1433 689 -1
1434 567 -1
1434 690 1
1435 689 1
1435 690 -1
1436 669 -1
1436 691 1
1437 674 1
1437 691 -1
1438 691 1
1438 692 -1
1439 688 -1
1439 692 1
1440 690 1
1440 692 -1
1441 590 -1
1441 693 1
1442 568 1
1442 694 -1
1443 693 -1
1443 694 1
1444 591 -1
1444 695 1
1445 693 1
1445 695 -1
1446 572 -1
1446 696 1
1447 695 1
1447 696 -1
1448 675 -1
1448 697 1
1449 679 1
1449 697 -1
1450 697 1
1450 698 -1
1451 694 -1
1451 698 1
1452 696 1
1452 698 -1
1453 578 1
1453 699 -1
1454 681 -1
1454 699 1
1455 699 -1
1455 700 1
1456 597 1
1456 700 -1
1457 682 1
1457 701 -1
1458 701 1
1459 700 1
1459 701 -1
1460 579 1
1460 702 -1
1461 683 -1
1461 702 1
1462 699 1
1462 702 -1
1463 585 1
1463 703 -1
1464 687 -1
1464 703 1
1465 702 1
1465 704 -1
1466 604 -1
1466 704 1
1467 703 -1
1467 705 1
1468 605 1
1468 705 -1
1469 684 -1
1469 706 1
1470 688 1
1470 707 -1
1471 706 -1
1471 707 1
1472 704 -1
1472 706 1
1473 705 1
1473 707 -1
1474 586 1
1474 708 -1
1475 689 -1
1475 708 1
1476 703 1
1476 708 -1
1477 592 1
1477 709 -1
1478 693 -1
1478 709 1
1479 708 1
1479 710 -1
1480 613 -1
1480 710 1
1481 709 -1
1481 711 1
1482 614 1
1482 711 -1
1483 690 -1
1483 712 1
1484 694 1
1484 713 -1
1485 712 -1
1485 713 1
1486 710 -1
1486 712 1
1487 711 1
1487 713 -1
1488 593 1
1488 714 -1
1489 695 -1
1489 714 1
1490 709 1
1490 714 -1
1491 714 1
1491 715 -1
1492 619 -1
1492 715 1
1493 696 -1
1493 716 1
1494 716 -1
1495 715 -1
1495 716 1
1496 624 -1
1496 717 1
1497 598 1
1497 718 -1
1498 717 -1
1498 718 1
1499 625 -1
1499 719 1
1500 717 1
1500 719 -1
1501 606 -1
1501 720 1
1502 719 1
1502 720 -1
1503 700 -1
1503 721 1
1504 704 1
1504 721 -1
1505 721 1
1505 722 -1
1506 718 -1
1506 722 1
1507 720 1
1507 722 -1
1508 631 -1
1508 723 1
1509 607 1
1509 724 -1
1510 723 -1
1510 724 1
1511 632 -1
1511 725 1
1512 723 1
1512 725 -1
1513 615 -1
1513 726 1
1514 725 1
1514 726 -1
1515 705 -1
1515 727 1
1516 710 1
1516 727 -1
1517 727 1
1517 728 -1
1518 724 -1
1518 728 1
1519 726 1
1519 728 -1
1520 638 -1
1520 729 1
1521 616 1
1521 730 -1
1522 729 -1
1522 730 1
1523 639 -1
1523 731 1
1524 729 1
1524 731 -1
1525 620 -1
1525 732 1
1526 731 1
1526 732 -1
1527 711 -1
1527 733 1
1528 715 1
1528 733 -1
1529 733 1
1529 734 -1
1530 730 -1
1530 734 1
1531 732 1
1531 734 -1
1532 626 1
1532 735 -1
1533 717 -1
1533 735 1
1534 735 -1
1534 736 1
1535 642 1
1535 736 -1
1536 718 1
1536 737 -1
1537 737 1
1538 736 1
1538 737 -1
1539 627 1
1539 738 -1
1540 719 -1
1540 738 1
1541 735 1
1541 738 -1
1542 633 1
1542 739 -1
1543 723 -1
1543 739 1
1544 738 1
1544 740 -1
1545 643 -1
1545 740 1
1546 739 -1
1546 741 1
1547 644 1
1547 741 -1
1548 720 -1
1548 742 1
1549 724 1
1549 743 -1
1550 742 -1
1550 743 1
1551 740 -1
1551 742 1
1552 741 1
1552 743 -1
1553 634 1
1553 744 -1
1554 725 -1
1554 744 1
1555 739 1
1555 744 -1
1556 640 1
1556 745 -1
1557 729 -1
1557 745 1
1558 744 1
1558 746 -1
1559 645 -1
1559 746 1
1560 745 -1
1560 747 1
1561 646 1
1561 747 -1
1562 726 -1
1562 748 1
1563 730 1
1563 749 -1
1564 748 -1
1564 749 1
1565 746 -1
1565 748 1
1566 747 1
1566 749 -1
1567 641 1
1567 750 -1
1568 731 -1
1568 750 1
1569 745 1
1569 750 -1
1570 750 1
1570 751 -1
1571 647 -1
1571 751 1
1572 732 -1
1572 752 1
1573 752 -1
1574 751 -1
1574 752 1
1575 736 -1
1575 753 1
1576 740 1
1576 753 -1
1577 753 1
1578 741 -1
1578 754 1
1579 746 1
1579 754 -1
1580 754 1
1581 747 -1
1581 755 1
1582 751 1
1582 755 -1
1583 755 1
1584 652 1
1585 665 1
1586 657 1
1587 670 -1
1588 671 1
1589 662 1
1590 676 -1
1591 677 1
1592 680 -1
1593 685 -1
1594 691 -1
1595 697 -1
1596 686 1
1597 701 1
1598 692 1
1599 706 -1
1600 707 1
1601 698 1
1602 712 -1
1603 713 1
1604 716 -1
1605 721 -1
1606 727 -1
1607 733 -1
1608 722 1
1609 737 1
1610 728 1
1611 742 -1
1612 743 1
1613 734 1
1614 748 -1
1615 749 1
1616 752 -1
1617 753 -1
1618 754 -1
1619 755 -1
