3
4
6
12
13
15
16
18
20
26
27
29
30
32
34
40
41
43
44
46
48
52
53
55
59
60
61
62
63
65
67
70
72
73
74
75
76
78
80
83
85
86
87
88
89
91
93
96
98
99
100
101
102
104
106
109
113
114
116
118
124
125
127
128
130
131
133
135
141
142
144
145
147
148
150
152
158
159
161
162
164
165
167
169
173
174
176
178
182
183
184
185
186
188
190
193
195
196
197
198
199
201
203
206
208
209
210
211
212
214
216
219
221
222
223
224
225
227
229
232
236
237
239
241
247
248
250
251
253
254
256
258
264
265
267
268
270
271
273
275
281
282
284
285
287
288
290
292
296
297
299
301
305
306
307
308
309
311
313
316
318
319
320
321
322
324
326
329
331
332
333
334
335
337
339
342
344
345
346
347
348
350
352
355
359
360
362
364
370
371
373
374
376
377
379
381
387
388
390
391
393
394
396
398
404
405
407
408
410
411
413
415
419
420
422
424
428
429
430
431
432
434
436
439
441
442
443
444
445
447
449
452
454
455
456
457
458
460
462
465
467
468
469
470
471
473
475
478
480
484
485
490
491
496
497
501
505
506
509
510
512
513
515
516
519
520
522
523
525
526
529
530
532
533
535
536
539
540
542
543
546
547
548
550
556
557
558
559
560
561
563
564
570
571
572
573
574
575
577
578
584
585
586
587
588
589
591
592
596
597
598
600
602
603
606
607
608
609
611
612
614
615
618
619
620
621
623
624
626
627
630
631
632
633
635
636
638
639
642
643
644
645
647
648
651
652
653
655
661
662
663
664
665
666
668
669
675
676
677
678
679
680
682
683
689
690
691
692
693
694
696
697
701
702
703
705
707
708
711
712
713
714
716
717
719
720
723
724
725
726
728
729
731
732
735
736
737
738
740
741
743
744
747
748
749
750
752
753
756
757
758
760
766
767
768
769
770
771
773
774
780
781
782
783
784
785
787
788
794
795
796
797
798
799
801
802
806
807
808
810
812
813
816
817
818
819
821
822
824
825
828
829
830
831
833
834
836
837
840
841
842
843
845
846
848
849
852
853
854
855
857
858
861
862
863
865
871
872
873
874
875
876
878
879
885
886
887
888
889
890
892
893
899
900
901
902
903
904
906
907
911
912
913
915
916
917
919
920
922
923
925
926
931
932
934
940
941
943
944
946
948
954
955
957
958
960
962
968
969
971
972
974
976
980
981
983
987
988
989
990
991
993
995
998
1000
1001
1002
1003
1004
1006
1008
1011
1013
1014
1015
1016
1017
1019
1021
1024
1026
1027
1028
1029
1030
1032
1034
1037
1041
1042
1044
1046
1052
1053
1055
1056
1058
1059
1061
1063
1069
1070
1072
1073
1075
1076
1078
1080
1086
1087
1089
1090
1092
1093
1095
1097
1101
1102
1104
1106
1110
1111
1112
1113
1114
1116
1118
1121
1123
1124
1125
1126
1127
1129
1131
1134
1136
1137
1138
1139
1140
1142
1144
1147
1149
1150
1151
1152
1153
1155
1157
1160
1164
1165
1167
1169
1175
1176
1178
1179
1181
1182
1184
1186
1192
1193
1195
1196
1198
1199
1201
1203
1209
1210
1212
1213
1215
1216
1218
1220
1224
1225
1227
1229
1233
1234
1235
1236
1237
1239
1241
1244
1246
1247
1248
1249
1250
1252
1254
1257
1259
1260
1261
1262
1263
1265
1267
1270
1272
1273
1274
1275
1276
1278
1280
1283
1287
1288
1290
1292
1298
1299
1301
1302
1304
1305
1307
1309
1315
1316
1318
1319
1321
1322
1324
1326
1332
1333
1335
1336
1338
1339
1341
1343
1347
1348
1350
1352
1356
1357
1358
1359
1360
1362
1364
1367
1369
1370
1371
1372
1373
1375
1377
1380
1382
1383
1384
1385
1386
1388
1390
1393
1395
1396
1397
1398
1399
1401
1403
1406
1408
1412
1413
1418
1419
1424
1425
1429
1433
1434
1437
1438
1440
1441
1443
1444
1447
1448
1450
1451
1453
1454
1457
1458
1460
1461
1463
1464
1467
1468
1470
1471
1474
1475
1476
1478
1484
1485
1486
1487
1488
1489
1491
1492
1498
1499
1500
1501
1502
1503
1505
1506
1512
1513
1514
1515
1516
1517
1519
1520
1524
1525
1526
1528
1530
1531
1534
1535
1536
1537
1539
1540
1542
1543
1546
1547
1548
1549
1551
1552
1554
1555
1558
1559
1560
1561
1563
1564
1566
1567
1570
1571
1572
1573
1575
1576
1579
1580
1581
1583
1589
1590
1591
1592
1593
1594
1596
1597
1603
1604
1605
1606
1607
1608
1610
1611
1617
1618
1619
1620
1621
1622
1624
1625
1629
1630
1631
1633
1635
1636
1639
1640
1641
1642
1644
1645
1647
1648
1651
1652
1653
1654
1656
1657
1659
1660
1663
1664
1665
1666
1668
1669
1671
1672
1675
1676
1677
1678
1680
1681
1684
1685
1686
1688
1694
1695
1696
1697
1698
1699
1701
1702
1708
1709
1710
1711
1712
1713
1715
1716
1722
1723
1724
1725
1726
1727
1729
1730
1734
1735
1736
1738
1740
1741
1744
1745
1746
1747
1749
1750
1752
1753
1756
1757
1758
1759
1761
1762
1764
1765
1768
1769
1770
1771
1773
1774
1776
1777
1780
1781
1782
1783
1785
1786
1789
1790
1791
1793
1799
1800
1801
1802
1803
1804
1806
1807
1813
1814
1815
1816
1817
1818
1820
1821
1827
1828
1829
1830
1831
1832
1834
1835
1839
1840
1841
1843
1844
1845
1847
1848
1850
1851
1853
1854
1859
1860
1862
1868
1869
1871
1872
1874
1876
1882
1883
1885
1886
1888
1890
1896
1897
1899
1900
1902
1904
1908
1909
1911
1915
1916
1917
1918
1919
1921
1923
1926
1928
1929
1930
1931
1932
1934
1936
1939
1941
1942
1943
1944
1945
1947
1949
1952
1954
1955
1956
1957
1958
1960
1962
1965
1969
1970
1972
1974
1980
1981
1983
1984
1986
1987
1989
1991
1997
1998
2000
2001
2003
2004
2006
2008
2014
2015
2017
2018
2020
2021
2023
2025
2029
2030
2032
2034
2038
2039
2040
2041
2042
2044
2046
2049
2051
2052
2053
2054
2055
2057
2059
2062
2064
2065
2066
2067
2068
2070
2072
2075
2077
2078
2079
2080
2081
2083
2085
2088
2092
2093
2095
2097
2103
2104
2106
2107
2109
2110
2112
2114
2120
2121
2123
2124
2126
2127
2129
2131
2137
2138
2140
2141
2143
2144
2146
2148
2152
2153
2155
2157
2161
2162
2163
2164
2165
2167
2169
2172
2174
2175
2176
2177
2178
2180
2182
2185
2187
2188
2189
2190
2191
2193
2195
2198
2200
2201
2202
2203
2204
2206
2208
2211
2215
2216
2218
2220
2226
2227
2229
2230
2232
2233
2235
2237
2243
2244
2246
2247
2249
2250
2252
2254
2260
2261
2263
2264
2266
2267
2269
2271
2275
2276
2278
2280
2284
2285
2286
2287
2288
2290
2292
2295
2297
2298
2299
2300
2301
2303
2305
2308
2310
2311
2312
2313
2314
2316
2318
2321
2323
2324
2325
2326
2327
2329
2331
2334
2336
2340
2341
2346
2347
2352
2353
2357
2361
2362
2365
2366
2368
2369
2371
2372
2375
2376
2378
2379
2381
2382
2385
2386
2388
2389
2391
2392
2395
2396
2398
2399
2402
2403
2404
2406
2412
2413
2414
2415
2416
2417
2419
2420
2426
2427
2428
2429
2430
2431
2433
2434
2440
2441
2442
2443
2444
2445
2447
2448
2452
2453
2454
2456
2458
2459
2462
2463
2464
2465
2467
2468
2470
2471
2474
2475
2476
2477
2479
2480
2482
2483
2486
2487
2488
2489
2491
2492
2494
2495
2498
2499
2500
2501
2503
2504
2507
2508
2509
2511
2517
2518
2519
2520
2521
2522
2524
2525
2531
2532
2533
2534
2535
2536
2538
2539
2545
2546
2547
2548
2549
2550
2552
2553
2557
2558
2559
2561
2563
2564
2567
2568
2569
2570
2572
2573
2575
2576
2579
2580
2581
2582
2584
2585
2587
2588
2591
2592
2593
2594
2596
2597
2599
2600
2603
2604
2605
2606
2608
2609
2612
2613
2614
2616
2622
2623
2624
2625
2626
2627
2629
2630
2636
2637
2638
2639
2640
2641
2643
2644
2650
2651
2652
2653
2654
2655
2657
2658
2662
2663
2664
2666
2668
2669
2672
2673
2674
2675
2677
2678
2680
2681
2684
2685
2686
2687
2689
2690
2692
2693
2696
2697
2698
2699
2701
2702
2704
2705
2708
2709
2710
2711
2713
2714
2717
2718
2719
2721
2727
2728
2729
2730
2731
2732
2734
2735
2741
2742
2743
2744
2745
2746
2748
2749
2755
2756
2757
2758
2759
2760
2762
2763
2767
2768
2769
2771
2772
2773
2775
2776
2778
2779
2781
2782
2787
2788
2790
2796
2797
2799
2800
2802
2804
2810
2811
2813
2814
2816
2818
2824
2825
2827
2828
2830
2832
2836
2837
2839
2843
2844
2845
2846
2847
2849
2851
2854
2856
2857
2858
2859
2860
2862
2864
2867
2869
2870
2871
2872
2873
2875
2877
2880
2882
2883
2884
2885
2886
2888
2890
2893
2897
2898
2900
2902
2908
2909
2911
2912
2914
2915
2917
2919
2925
2926
2928
2929
2931
2932
2934
2936
2942
2943
2945
2946
2948
2949
2951
2953
2957
2958
2960
2962
2966
2967
2968
2969
2970
2972
2974
2977
2979
2980
2981
2982
2983
2985
2987
2990
2992
2993
2994
2995
2996
2998
3000
3003
3005
3006
3007
3008
3009
3011
3013
3016
3020
3021
3023
3025
3031
3032
3034
3035
3037
3038
3040
3042
3048
3049
3051
3052
3054
3055
3057
3059
3065
3066
3068
3069
3071
3072
3074
3076
3080
3081
3083
3085
3089
3090
3091
3092
3093
3095
3097
3100
3102
3103
3104
3105
3106
3108
3110
3113
3115
3116
3117
3118
3119
3121
3123
3126
3128
3129
3130
3131
3132
3134
3136
3139
3143
3144
3146
3148
3154
3155
3157
3158
3160
3161
3163
3165
3171
3172
3174
3175
3177
3178
3180
3182
3188
3189
3191
3192
3194
3195
3197
3199
3203
3204
3206
3208
3212
3213
3214
3215
3216
3218
3220
3223
3225
3226
3227
3228
3229
3231
3233
3236
3238
3239
3240
3241
3242
3244
3246
3249
3251
3252
3253
3254
3255
3257
3259
3262
3264
3268
3269
3274
3275
3280
3281
3285
3289
3290
3293
3294
3296
3297
3299
3300
3303
3304
3306
3307
3309
3310
3313
3314
3316
3317
3319
3320
3323
3324
3326
3327
3330
3331
3332
3334
3340
3341
3342
3343
3344
3345
3347
3348
3354
3355
3356
3357
3358
3359
3361
3362
3368
3369
3370
3371
3372
3373
3375
3376
3380
3381
3382
3384
3386
3387
3390
3391
3392
3393
3395
3396
3398
3399
3402
3403
3404
3405
3407
3408
3410
3411
3414
3415
3416
3417
3419
3420
3422
3423
3426
3427
3428
3429
3431
3432
3435
3436
3437
3439
3445
3446
3447
3448
3449
3450
3452
3453
3459
3460
3461
3462
3463
3464
3466
3467
3473
3474
3475
3476
3477
3478
3480
3481
3485
3486
3487
3489
3491
3492
3495
3496
3497
3498
3500
3501
3503
3504
3507
3508
3509
3510
3512
3513
3515
3516
3519
3520
3521
3522
3524
3525
3527
3528
3531
3532
3533
3534
3536
3537
3540
3541
3542
3544
3550
3551
3552
3553
3554
3555
3557
3558
3564
3565
3566
3567
3568
3569
3571
3572
3578
3579
3580
3581
3582
3583
3585
3586
3590
3591
3592
3594
3596
3597
3600
3601
3602
3603
3605
3606
3608
3609
3612
3613
3614
3615
3617
3618
3620
3621
3624
3625
3626
3627
3629
3630
3632
3633
3636
3637
3638
3639
3641
3642
3645
3646
3647
3649
3655
3656
3657
3658
3659
3660
3662
3663
3669
3670
3671
3672
3673
3674
3676
3677
3683
3684
3685
3686
3687
3688
3690
3691
3695
3696
3697
3699
3700
3701
3703
3704
3706
3707
3709
3710
