0 0 1
0 1 1
0 2 1
0 3 1
0 4 1
0 5 1
1 0 -1
1 6 1
1 7 1
1 8 1
1 9 1
1 10 1
2 1 -1
2 6 -1
2 11 1
2 12 1
2 13 1
2 14 1
2 15 1
2 16 1
2 17 1
3 2 -1
3 11 -1
3 18 1
3 19 1
3 20 1
3 21 1
4 7 -1
4 12 -1
4 18 -1
4 22 1
4 23 1
4 24 1
5 3 -1
5 8 -1
5 13 -1
5 25 1
5 26 1
5 27 1
5 28 1
5 29 1
5 30 1
6 4 -1
6 14 -1
6 19 -1
6 25 -1
6 31 1
6 32 1
6 33 1
6 34 1
6 35 1
7 15 -1
7 26 -1
7 31 -1
7 36 1
7 37 1
7 38 1
8 9 -1
8 16 -1
8 22 -1
8 27 -1
8 36 -1
8 39 1
8 40 1
8 41 1
8 42 1
9 17 -1
9 20 -1
9 23 -1
9 32 -1
9 37 -1
9 39 -1
9 43 1
9 44 1
9 45 1
10 5 -1
10 28 -1
10 33 -1
10 46 1
10 47 1
10 48 1
11 10 -1
11 29 -1
11 40 -1
11 46 -1
11 49 1
11 50 1
12 30 -1
12 34 -1
12 38 -1
12 41 -1
12 43 -1
12 47 -1
12 49 -1
12 51 1
12 52 1
13 21 -1
13 35 -1
13 44 -1
13 48 -1
13 51 -1
13 53 1
14 24 -1
14 42 -1
14 45 -1
14 50 -1
14 52 -1
14 53 -1
