# A0
0 1 1
0 2 1
0 3 1
0 5 1
0 6 1
0 10 1
1 0 1
1 2 1
1 4 1
1 5 1
1 8 1
1 11 1
2 0 1
2 1 1
2 3 1
2 4 1
2 5 1
2 6 1
2 7 1
2 8 1
2 9 1
3 0 1
3 2 1
3 4 1
3 6 1
3 9 1
3 13 1
4 1 1
4 2 1
4 3 1
4 8 1
4 9 1
4 14 1
5 0 1
5 1 1
5 2 1
5 6 1
5 7 1
5 8 1
5 10 1
5 11 1
5 12 1
6 0 1
6 2 1
6 3 1
6 5 1
6 7 1
6 9 1
6 10 1
6 12 1
6 13 1
7 2 1
7 5 1
7 6 1
7 8 1
7 9 1
7 12 1
8 1 1
8 2 1
8 4 1
8 5 1
8 7 1
8 9 1
8 11 1
8 12 1
8 14 1
9 2 1
9 3 1
9 4 1
9 6 1
9 7 1
9 8 1
9 12 1
9 13 1
9 14 1
10 0 1
10 5 1
10 6 1
10 11 1
10 12 1
10 13 1
11 1 1
11 5 1
11 8 1
11 10 1
11 12 1
11 14 1
12 5 1
12 6 1
12 7 1
12 8 1
12 9 1
12 10 1
12 11 1
12 13 1
12 14 1
13 3 1
13 6 1
13 9 1
13 10 1
13 12 1
13 14 1
14 4 1
14 8 1
14 9 1
14 11 1
14 12 1
14 13 1
