# A1
0 1 1
0 2 1
0 3 1
0 4 1
0 5 1
0 6 1
0 7 1
0 8 1
0 9 1
0 10 1
1 0 1
1 2 1
1 3 1
1 4 1
1 5 1
1 6 1
1 11 1
1 12 1
1 13 1
1 14 1
1 15 1
1 16 1
1 17 1
2 0 1
2 1 1
2 3 1
2 4 1
2 5 1
2 11 1
2 18 1
2 19 1
2 20 1
2 21 1
3 0 1
3 1 1
3 2 1
3 4 1
3 5 1
3 8 1
3 13 1
3 25 1
3 26 1
3 27 1
3 28 1
3 29 1
3 30 1
4 0 1
4 1 1
4 2 1
4 3 1
4 5 1
4 14 1
4 19 1
4 25 1
4 31 1
4 32 1
4 33 1
4 34 1
4 35 1
5 0 1
5 1 1
5 2 1
5 3 1
5 4 1
5 28 1
5 33 1
5 46 1
5 47 1
5 48 1
6 0 1
6 1 1
6 7 1
6 8 1
6 9 1
6 10 1
6 11 1
6 12 1
6 13 1
6 14 1
6 15 1
6 16 1
6 17 1
7 0 1
7 6 1
7 8 1
7 9 1
7 10 1
7 12 1
7 18 1
7 22 1
7 23 1
7 24 1
8 0 1
8 3 1
8 6 1
8 7 1
8 9 1
8 10 1
8 13 1
8 25 1
8 26 1
8 27 1
8 28 1
8 29 1
8 30 1
9 0 1
9 6 1
9 7 1
9 8 1
9 10 1
9 16 1
9 22 1
9 27 1
9 36 1
9 39 1
9 40 1
9 41 1
9 42 1
10 0 1
10 6 1
10 7 1
10 8 1
10 9 1
10 29 1
10 40 1
10 46 1
10 49 1
10 50 1
11 1 1
11 2 1
11 6 1
11 12 1
11 13 1
11 14 1
11 15 1
11 16 1
11 17 1
11 18 1
11 19 1
11 20 1
11 21 1
12 1 1
12 6 1
12 7 1
12 11 1
12 13 1
12 14 1
12 15 1
12 16 1
12 17 1
12 18 1
12 22 1
12 23 1
12 24 1
13 1 1
13 3 1
13 6 1
13 8 1
13 11 1
13 12 1
13 14 1
13 15 1
13 16 1
13 17 1
13 25 1
13 26 1
13 27 1
13 28 1
13 29 1
13 30 1
14 1 1
14 4 1
14 6 1
14 11 1
14 12 1
14 13 1
14 15 1
14 16 1
14 17 1
14 19 1
14 25 1
14 31 1
14 32 1
14 33 1
14 34 1
14 35 1
15 1 1
15 6 1
15 11 1
15 12 1
15 13 1
15 14 1
15 16 1
15 17 1
15 26 1
15 31 1
15 36 1
15 37 1
15 38 1
16 1 1
16 6 1
16 9 1
16 11 1
16 12 1
16 13 1
16 14 1
16 15 1
16 17 1
16 22 1
16 27 1
16 36 1
16 39 1
16 40 1
16 41 1
16 42 1
17 1 1
17 6 1
17 11 1
17 12 1
17 13 1
17 14 1
17 15 1
17 16 1
17 20 1
17 23 1
17 32 1
17 37 1
17 39 1
17 43 1
17 44 1
17 45 1
18 2 1
18 7 1
18 11 1
18 12 1
18 19 1
18 20 1
18 21 1
18 22 1
18 23 1
18 24 1
19 2 1
19 4 1
19 11 1
19 14 1
19 18 1
19 20 1
19 21 1
19 25 1
19 31 1
19 32 1
19 33 1
19 34 1
19 35 1
20 2 1
20 11 1
20 17 1
20 18 1
20 19 1
20 21 1
20 23 1
20 32 1
20 37 1
20 39 1
20 43 1
20 44 1
20 45 1
21 2 1
21 11 1
21 18 1
21 19 1
21 20 1
21 35 1
21 44 1
21 48 1
21 51 1
21 53 1
22 7 1
22 9 1
22 12 1
22 16 1
22 18 1
22 23 1
22 24 1
22 27 1
22 36 1
22 39 1
22 40 1
22 41 1
22 42 1
23 7 1
23 12 1
23 17 1
23 18 1
23 20 1
23 22 1
23 24 1
23 32 1
23 37 1
23 39 1
23 43 1
23 44 1
23 45 1
24 7 1
24 12 1
24 18 1
24 22 1
24 23 1
24 42 1
24 45 1
24 50 1
24 52 1
24 53 1
25 3 1
25 4 1
25 8 1
25 13 1
25 14 1
25 19 1
25 26 1
25 27 1
25 28 1
25 29 1
25 30 1
25 31 1
25 32 1
25 33 1
25 34 1
25 35 1
26 3 1
26 8 1
26 13 1
26 15 1
26 25 1
26 27 1
26 28 1
26 29 1
26 30 1
26 31 1
26 36 1
26 37 1
26 38 1
27 3 1
27 8 1
27 9 1
27 13 1
27 16 1
27 22 1
27 25 1
27 26 1
27 28 1
27 29 1
27 30 1
27 36 1
27 39 1
27 40 1
27 41 1
27 42 1
28 3 1
28 5 1
28 8 1
28 13 1
28 25 1
28 26 1
28 27 1
28 29 1
28 30 1
28 33 1
28 46 1
28 47 1
28 48 1
29 3 1
29 8 1
29 10 1
29 13 1
29 25 1
29 26 1
29 27 1
29 28 1
29 30 1
29 40 1
29 46 1
29 49 1
29 50 1
30 3 1
30 8 1
30 13 1
30 25 1
30 26 1
30 27 1
30 28 1
30 29 1
30 34 1
30 38 1
30 41 1
30 43 1
30 47 1
30 49 1
30 51 1
30 52 1
31 4 1
31 14 1
31 15 1
31 19 1
31 25 1
31 26 1
31 32 1
31 33 1
31 34 1
31 35 1
31 36 1
31 37 1
31 38 1
32 4 1
32 14 1
32 17 1
32 19 1
32 20 1
32 23 1
32 25 1
32 31 1
32 33 1
32 34 1
32 35 1
32 37 1
32 39 1
32 43 1
32 44 1
32 45 1
33 4 1
33 5 1
33 14 1
33 19 1
33 25 1
33 28 1
33 31 1
33 32 1
33 34 1
33 35 1
33 46 1
33 47 1
33 48 1
34 4 1
34 14 1
34 19 1
34 25 1
34 30 1
34 31 1
34 32 1
34 33 1
34 35 1
34 38 1
34 41 1
34 43 1
34 47 1
34 49 1
34 51 1
34 52 1
35 4 1
35 14 1
35 19 1
35 21 1
35 25 1
35 31 1
35 32 1
35 33 1
35 34 1
35 44 1
35 48 1
35 51 1
35 53 1
36 9 1
36 15 1
36 16 1
36 22 1
36 26 1
36 27 1
36 31 1
36 37 1
36 38 1
36 39 1
36 40 1
36 41 1
36 42 1
37 15 1
37 17 1
37 20 1
37 23 1
37 26 1
37 31 1
37 32 1
37 36 1
37 38 1
37 39 1
37 43 1
37 44 1
37 45 1
38 15 1
38 26 1
38 30 1
38 31 1
38 34 1
38 36 1
38 37 1
38 41 1
38 43 1
38 47 1
38 49 1
38 51 1
38 52 1
39 9 1
39 16 1
39 17 1
39 20 1
39 22 1
39 23 1
39 27 1
39 32 1
39 36 1
39 37 1
39 40 1
39 41 1
39 42 1
39 43 1
39 44 1
39 45 1
40 9 1
40 10 1
40 16 1
40 22 1
40 27 1
40 29 1
40 36 1
40 39 1
40 41 1
40 42 1
40 46 1
40 49 1
40 50 1
41 9 1
41 16 1
41 22 1
41 27 1
41 30 1
41 34 1
41 36 1
41 38 1
41 39 1
41 40 1
41 42 1
41 43 1
41 47 1
41 49 1
41 51 1
41 52 1
42 9 1
42 16 1
42 22 1
42 24 1
42 27 1
42 36 1
42 39 1
42 40 1
42 41 1
42 45 1
42 50 1
42 52 1
42 53 1
43 17 1
43 20 1
43 23 1
43 30 1
43 32 1
43 34 1
43 37 1
43 38 1
43 39 1
43 41 1
43 44 1
43 45 1
43 47 1
43 49 1
43 51 1
43 52 1
44 17 1
44 20 1
44 21 1
44 23 1
44 32 1
44 35 1
44 37 1
44 39 1
44 43 1
44 45 1
44 48 1
44 51 1
44 53 1
45 17 1
45 20 1
45 23 1
45 24 1
45 32 1
45 37 1
45 39 1
45 42 1
45 43 1
45 44 1
45 50 1
45 52 1
45 53 1
46 5 1
46 10 1
46 28 1
46 29 1
46 33 1
46 40 1
46 47 1
46 48 1
46 49 1
46 50 1
47 5 1
47 28 1
47 30 1
47 33 1
47 34 1
47 38 1
47 41 1
47 43 1
47 46 1
47 48 1
47 49 1
47 51 1
47 52 1
48 5 1
48 21 1
48 28 1
48 33 1
48 35 1
48 44 1
48 46 1
48 47 1
48 51 1
48 53 1
49 10 1
49 29 1
49 30 1
49 34 1
49 38 1
49 40 1
49 41 1
49 43 1
49 46 1
49 47 1
49 50 1
49 51 1
49 52 1
50 10 1
50 24 1
50 29 1
50 40 1
50 42 1
50 45 1
50 46 1
50 49 1
50 52 1
50 53 1
51 21 1
51 30 1
51 34 1
51 35 1
51 38 1
51 41 1
51 43 1
51 44 1
51 47 1
51 48 1
51 49 1
51 52 1
51 53 1
52 24 1
52 30 1
52 34 1
52 38 1
52 41 1
52 42 1
52 43 1
52 45 1
52 47 1
52 49 1
52 50 1
52 51 1
52 53 1
53 21 1
53 24 1
53 35 1
53 42 1
53 44 1
53 45 1
53 48 1
53 50 1
53 51 1
53 52 1
