# A2
0 1 1
0 9 1
0 10 1
0 11 1
1 0 1
1 3 1
1 13 1
1 14 1
2 3 1
2 4 1
2 16 1
2 17 1
2 18 1
3 1 1
3 2 1
3 4 1
3 10 1
3 21 1
3 22 1
3 23 1
4 2 1
4 3 1
4 5 1
4 6 1
4 24 1
4 25 1
5 4 1
5 6 1
5 17 1
5 30 1
5 31 1
6 4 1
6 5 1
6 7 1
6 21 1
6 36 1
6 37 1
6 38 1
7 6 1
7 8 1
7 43 1
7 44 1
8 7 1
8 37 1
8 50 1
8 51 1
9 0 1
9 10 1
9 11 1
9 19 1
9 20 1
10 0 1
10 3 1
10 9 1
10 11 1
10 21 1
10 22 1
10 23 1
11 0 1
11 9 1
11 10 1
11 12 1
11 13 1
11 28 1
12 11 1
12 13 1
12 19 1
12 33 1
12 34 1
13 1 1
13 11 1
13 12 1
13 14 1
13 23 1
13 41 1
13 42 1
14 1 1
14 13 1
14 15 1
14 45 1
15 14 1
15 41 1
15 58 1
15 59 1
16 2 1
16 17 1
16 18 1
16 29 1
17 2 1
17 5 1
17 16 1
17 18 1
17 21 1
17 30 1
17 31 1
18 2 1
18 16 1
18 17 1
18 20 1
18 25 1
18 27 1
18 28 1
18 32 1
19 9 1
19 12 1
19 20 1
19 23 1
19 26 1
19 33 1
19 34 1
20 9 1
20 18 1
20 19 1
20 25 1
20 27 1
20 28 1
20 29 1
20 35 1
21 3 1
21 6 1
21 10 1
21 17 1
21 22 1
21 23 1
21 36 1
21 37 1
21 38 1
22 3 1
22 10 1
22 21 1
22 23 1
22 24 1
22 39 1
22 40 1
23 3 1
23 10 1
23 13 1
23 19 1
23 21 1
23 22 1
23 26 1
23 41 1
23 42 1
24 4 1
24 22 1
24 25 1
24 36 1
24 46 1
24 47 1
25 4 1
25 18 1
25 20 1
25 24 1
25 27 1
25 28 1
25 30 1
25 48 1
25 49 1
26 19 1
26 23 1
26 27 1
26 39 1
26 53 1
26 54 1
27 18 1
27 20 1
27 25 1
27 26 1
27 28 1
27 46 1
27 55 1
28 11 1
28 18 1
28 20 1
28 25 1
28 27 1
28 33 1
28 53 1
28 56 1
28 57 1
29 16 1
29 20 1
29 30 1
29 35 1
30 5 1
30 17 1
30 25 1
30 29 1
30 31 1
30 48 1
30 49 1
31 5 1
31 17 1
31 30 1
31 32 1
32 18 1
32 31 1
32 49 1
32 63 1
33 12 1
33 19 1
33 28 1
33 34 1
33 53 1
33 56 1
33 57 1
34 12 1
34 19 1
34 33 1
34 35 1
35 20 1
35 29 1
35 34 1
35 57 1
36 6 1
36 21 1
36 24 1
36 37 1
36 38 1
36 46 1
36 47 1
37 6 1
37 8 1
37 21 1
37 36 1
37 38 1
37 50 1
37 51 1
38 6 1
38 21 1
38 36 1
38 37 1
38 40 1
38 42 1
38 44 1
38 45 1
38 52 1
39 22 1
39 26 1
39 40 1
39 53 1
39 54 1
40 22 1
40 38 1
40 39 1
40 42 1
40 44 1
40 45 1
40 47 1
41 13 1
41 15 1
41 23 1
41 42 1
41 43 1
41 58 1
41 59 1
42 13 1
42 23 1
42 38 1
42 40 1
42 41 1
42 44 1
42 45 1
42 54 1
42 60 1
43 7 1
43 41 1
43 44 1
43 64 1
44 7 1
44 38 1
44 40 1
44 42 1
44 43 1
44 45 1
44 50 1
44 65 1
45 14 1
45 38 1
45 40 1
45 42 1
45 44 1
45 58 1
45 64 1
45 66 1
46 24 1
46 27 1
46 36 1
46 47 1
46 55 1
47 24 1
47 36 1
47 40 1
47 46 1
47 48 1
47 50 1
48 25 1
48 30 1
48 47 1
48 49 1
48 50 1
48 55 1
48 56 1
48 61 1
48 62 1
49 25 1
49 30 1
49 32 1
49 48 1
49 51 1
49 52 1
49 63 1
50 8 1
50 37 1
50 44 1
50 47 1
50 48 1
50 51 1
50 65 1
51 8 1
51 37 1
51 49 1
51 50 1
51 52 1
52 38 1
52 49 1
52 51 1
52 61 1
52 65 1
52 67 1
53 26 1
53 28 1
53 33 1
53 39 1
53 54 1
53 56 1
53 57 1
54 26 1
54 39 1
54 42 1
54 53 1
54 55 1
54 60 1
55 27 1
55 46 1
55 48 1
55 54 1
55 56 1
55 61 1
55 62 1
56 28 1
56 33 1
56 48 1
56 53 1
56 55 1
56 57 1
56 58 1
56 61 1
56 62 1
57 28 1
57 33 1
57 35 1
57 53 1
57 56 1
57 59 1
57 60 1
58 15 1
58 41 1
58 45 1
58 56 1
58 59 1
58 64 1
58 66 1
59 15 1
59 41 1
59 57 1
59 58 1
59 60 1
60 42 1
60 54 1
60 57 1
60 59 1
60 62 1
60 66 1
61 48 1
61 52 1
61 55 1
61 56 1
61 62 1
61 65 1
61 67 1
62 48 1
62 55 1
62 56 1
62 60 1
62 61 1
62 63 1
62 66 1
63 32 1
63 49 1
63 62 1
63 67 1
64 43 1
64 45 1
64 58 1
64 66 1
65 44 1
65 50 1
65 52 1
65 61 1
65 67 1
66 45 1
66 58 1
66 60 1
66 62 1
66 64 1
67 52 1
67 61 1
67 63 1
67 65 1
