# A3
0 2 1
0 5 1
1 2 1
1 8 1
2 0 1
2 1 1
2 3 1
2 10 1
3 2 1
3 17 1
4 5 1
4 9 1
5 0 1
5 4 1
5 6 1
5 11 1
6 5 1
6 19 1
7 8 1
7 9 1
8 1 1
8 7 1
8 12 1
8 14 1
9 4 1
9 7 1
9 13 1
9 15 1
10 2 1
10 11 1
10 12 1
10 16 1
11 5 1
11 10 1
11 13 1
11 18 1
12 8 1
12 10 1
12 13 1
12 21 1
13 9 1
13 11 1
13 12 1
13 24 1
14 8 1
14 22 1
15 9 1
15 25 1
16 10 1
16 17 1
16 18 1
16 21 1
17 3 1
17 16 1
17 20 1
17 23 1
18 11 1
18 16 1
18 19 1
18 24 1
19 6 1
19 18 1
19 20 1
19 26 1
20 17 1
20 19 1
21 12 1
21 16 1
21 22 1
21 24 1
22 14 1
22 21 1
22 23 1
22 27 1
23 17 1
23 22 1
24 13 1
24 18 1
24 21 1
24 25 1
25 15 1
25 24 1
25 26 1
25 27 1
26 19 1
26 25 1
27 22 1
27 25 1
