0 0 1
0 1 1
1 0 -1
1 2 1
1 3 1
1 4 1
2 2 -1
2 5 1
3 1 -1
3 3 -1
3 6 1
3 7 1
4 4 -1
4 5 -1
4 6 -1
4 8 1
5 7 -1
5 8 -1
6 0 1
6 9 1
6 10 1
6 11 1
7 9 -1
7 12 1
8 1 1
8 10 -1
8 13 1
8 14 1
9 11 -1
9 12 -1
9 13 -1
9 15 1
10 14 -1
10 15 -1
11 2 1
11 16 1
11 17 1
11 18 1
12 9 1
12 16 -1
12 19 1
12 20 1
13 3 1
13 10 1
13 21 1
13 22 1
13 23 1
14 4 1
14 17 -1
14 21 -1
14 24 1
14 25 1
15 22 -1
15 24 -1
15 26 1
15 27 1
16 11 1
16 19 -1
16 23 -1
16 26 -1
16 28 1
17 18 -1
17 20 -1
17 25 -1
17 27 -1
17 28 -1
18 16 1
18 29 1
19 5 1
19 17 1
19 30 1
19 31 1
20 18 1
20 29 -1
20 30 -1
20 32 1
21 31 -1
21 32 -1
22 12 1
22 19 1
22 33 1
22 34 1
23 20 1
23 29 1
23 33 -1
23 35 1
24 34 -1
24 35 -1
25 6 1
25 21 1
25 36 1
25 37 1
25 38 1
26 22 1
26 36 -1
26 39 1
26 40 1
27 13 1
27 23 1
27 39 -1
27 41 1
27 42 1
28 7 1
28 37 -1
28 43 1
28 44 1
29 14 1
29 41 -1
29 43 -1
29 45 1
30 38 -1
30 40 -1
30 42 -1
30 44 -1
30 45 -1
31 24 1
31 36 1
31 46 1
31 47 1
32 25 1
32 30 1
32 46 -1
32 48 1
32 49 1
33 8 1
33 37 1
33 50 1
33 51 1
34 38 1
34 47 -1
34 48 -1
34 50 -1
34 52 1
35 31 1
35 49 -1
35 51 -1
35 52 -1
36 26 1
36 39 1
36 53 1
36 54 1
37 27 1
37 46 1
37 53 -1
37 55 1
38 40 1
38 47 1
38 54 -1
38 55 -1
39 28 1
39 33 1
39 53 1
39 56 1
39 57 1
40 15 1
40 41 1
40 58 1
40 59 1
41 42 1
41 54 1
41 56 -1
41 58 -1
41 60 1
42 34 1
42 57 -1
42 59 -1
42 60 -1
43 48 1
43 55 1
43 56 1
43 61 1
43 62 1
44 32 1
44 49 1
44 61 -1
44 63 1
45 35 1
45 57 1
45 62 -1
45 63 -1
46 43 1
46 64 1
47 44 1
47 50 1
47 64 -1
47 65 1
48 51 1
48 65 -1
49 45 1
49 58 1
49 64 1
49 66 1
50 59 1
50 66 -1
51 52 1
51 61 1
51 65 1
51 67 1
52 60 1
52 62 1
52 66 1
52 67 -1
53 63 1
53 67 1
