# B32
0 0 1
1 0 1
2 1 -1
3 0 -1
3 2 1
4 1 1
4 2 -1
5 1 -1
6 2 1
6 3 -1
7 3 1
8 3 -1
9 4 1
10 0 1
10 5 -1
11 4 -1
11 5 1
12 4 1
13 5 -1
13 6 1
14 6 -1
15 6 1
16 7 1
17 1 1
17 8 -1
18 7 -1
18 8 1
19 4 -1
19 9 1
20 7 1
20 9 -1
21 2 -1
21 10 1
22 10 -1
22 11 1
23 5 1
23 11 -1
24 10 1
24 12 -1
25 8 -1
25 12 1
26 11 1
26 13 -1
27 12 -1
27 13 1
28 9 1
28 13 -1
29 7 -1
30 8 1
30 14 -1
31 14 1
32 14 -1
33 9 -1
33 15 1
34 15 -1
35 15 1
36 10 -1
36 16 1
37 3 1
37 17 -1
38 16 -1
38 17 1
39 11 -1
39 18 1
40 16 1
40 18 -1
41 6 -1
41 19 1
42 18 1
42 19 -1
43 20 -1
44 17 -1
44 20 1
45 19 1
45 20 -1
46 12 1
46 21 -1
47 16 -1
47 21 1
48 21 -1
48 22 1
49 14 1
49 22 -1
50 17 1
50 23 -1
51 23 1
52 22 1
52 23 -1
53 13 1
53 24 -1
54 18 -1
54 24 1
55 21 1
55 24 -1
56 24 1
56 25 -1
57 15 -1
57 25 1
58 19 -1
58 26 1
59 26 -1
60 25 -1
60 26 1
61 22 -1
61 27 1
62 25 1
62 27 -1
63 27 1
64 20 1
65 23 1
66 26 -1
67 27 -1
