0.25000000
0.25000000
0.25000000
0.21650635
0.21650635
0.25000000
0.21650635
0.25000000
0.25000000
0.25000000
0.21650635
0.21650635
0.25000000
0.21650635
0.25000000
0.25000000
0.25000000
0.21650635
0.21650635
0.21650635
0.21650635
0.21650635
0.12500000
0.21650635
0.12500000
0.21650635
0.12500000
0.12500000
0.21650635
0.25000000
0.21650635
0.25000000
0.25000000
0.21650635
0.25000000
0.25000000
0.12500000
0.21650635
0.21650635
0.12500000
0.12500000
0.21650635
0.21650635
0.25000000
0.21650635
0.21650635
0.12500000
0.12500000
0.21650635
0.21650635
0.21650635
0.25000000
0.21650635
0.12500000
0.12500000
0.12500000
0.21650635
0.21650635
0.21650635
0.25000000
0.21650635
0.21650635
0.21650635
0.25000000
0.25000000
0.25000000
0.25000000
0.25000000
