# A3
0 1 1
0 2 1
0 8 1
1 0 1
1 4 1
1 12 1
2 0 1
2 3 1
2 30 1
3 2 1
3 5 1
3 38 1
4 1 1
4 5 1
4 144 1
5 3 1
5 4 1
5 147 1
6 7 1
6 9 1
6 18 1
7 6 1
7 13 1
7 22 1
8 0 1
8 10 1
8 30 1
9 6 1
9 11 1
9 31 1
10 8 1
10 11 1
10 14 1
10 49 1
11 9 1
11 10 1
11 15 1
11 51 1
12 1 1
12 14 1
12 144 1
13 7 1
13 15 1
13 145 1
14 10 1
14 12 1
14 15 1
14 148 1
15 11 1
15 13 1
15 14 1
15 154 1
16 17 1
16 19 1
16 26 1
17 16 1
17 23 1
17 28 1
18 6 1
18 20 1
18 31 1
19 16 1
19 21 1
19 32 1
20 18 1
20 21 1
20 24 1
20 64 1
21 19 1
21 20 1
21 25 1
21 66 1
22 7 1
22 24 1
22 145 1
23 17 1
23 25 1
23 146 1
24 20 1
24 22 1
24 25 1
24 155 1
25 21 1
25 23 1
25 24 1
25 161 1
26 16 1
26 27 1
26 32 1
27 26 1
27 29 1
27 74 1
28 17 1
28 29 1
28 146 1
29 27 1
29 28 1
29 162 1
30 2 1
30 8 1
30 34 1
31 9 1
31 18 1
31 43 1
32 19 1
32 26 1
32 58 1
33 35 1
33 36 1
33 45 1
34 30 1
34 35 1
34 39 1
34 50 1
35 33 1
35 34 1
35 40 1
35 53 1
36 33 1
36 37 1
36 78 1
37 36 1
37 41 1
37 86 1
38 3 1
38 39 1
38 147 1
39 34 1
39 38 1
39 40 1
39 149 1
40 35 1
40 39 1
40 41 1
40 168 1
41 37 1
41 40 1
41 171 1
42 44 1
42 46 1
42 60 1
43 31 1
43 44 1
43 52 1
43 65 1
44 42 1
44 43 1
44 54 1
44 68 1
45 33 1
45 47 1
45 78 1
46 42 1
46 48 1
46 79 1
47 45 1
47 48 1
47 55 1
47 97 1
48 46 1
48 47 1
48 56 1
48 99 1
49 10 1
49 50 1
49 51 1
49 148 1
50 34 1
50 49 1
50 53 1
50 149 1
51 11 1
51 49 1
51 52 1
51 154 1
52 43 1
52 51 1
52 54 1
52 156 1
53 35 1
53 50 1
53 55 1
53 168 1
54 44 1
54 52 1
54 56 1
54 169 1
55 47 1
55 53 1
55 56 1
55 172 1
56 48 1
56 54 1
56 55 1
56 178 1
57 59 1
57 61 1
57 72 1
58 32 1
58 59 1
58 67 1
58 75 1
59 57 1
59 58 1
59 69 1
59 76 1
60 42 1
60 62 1
60 79 1
61 57 1
61 63 1
61 80 1
62 60 1
62 63 1
62 70 1
62 112 1
63 61 1
63 62 1
63 71 1
63 114 1
64 20 1
64 65 1
64 66 1
64 155 1
65 43 1
65 64 1
65 68 1
65 156 1
66 21 1
66 64 1
66 67 1
66 161 1
67 58 1
67 66 1
67 69 1
67 163 1
68 44 1
68 65 1
68 70 1
68 169 1
69 59 1
69 67 1
69 71 1
69 170 1
70 62 1
70 68 1
70 71 1
70 179 1
71 63 1
71 69 1
71 70 1
71 185 1
72 57 1
72 73 1
72 80 1
73 72 1
73 77 1
73 122 1
74 27 1
74 75 1
74 162 1
75 58 1
75 74 1
75 76 1
75 163 1
76 59 1
76 75 1
76 77 1
76 170 1
77 73 1
77 76 1
77 186 1
78 36 1
78 45 1
78 82 1
79 46 1
79 60 1
79 91 1
80 61 1
80 72 1
80 106 1
81 83 1
81 84 1
81 93 1
82 78 1
82 83 1
82 87 1
82 98 1
83 81 1
83 82 1
83 88 1
83 101 1
84 81 1
84 85 1
84 126 1
85 84 1
85 89 1
85 130 1
86 37 1
86 87 1
86 171 1
87 82 1
87 86 1
87 88 1
87 173 1
88 83 1
88 87 1
88 89 1
88 192 1
89 85 1
89 88 1
89 195 1
90 92 1
90 94 1
90 108 1
91 79 1
91 92 1
91 100 1
91 113 1
92 90 1
92 91 1
92 102 1
92 116 1
93 81 1
93 95 1
93 126 1
94 90 1
94 96 1
94 127 1
95 93 1
95 96 1
95 103 1
95 133 1
96 94 1
96 95 1
96 104 1
96 135 1
97 47 1
97 98 1
97 99 1
97 172 1
98 82 1
98 97 1
98 101 1
98 173 1
99 48 1
99 97 1
99 100 1
99 178 1
100 91 1
100 99 1
100 102 1
100 180 1
101 83 1
101 98 1
101 103 1
101 192 1
102 92 1
102 100 1
102 104 1
102 193 1
103 95 1
103 101 1
103 104 1
103 196 1
104 96 1
104 102 1
104 103 1
104 202 1
105 107 1
105 109 1
105 120 1
106 80 1
106 107 1
106 115 1
106 123 1
107 105 1
107 106 1
107 117 1
107 124 1
108 90 1
108 110 1
108 127 1
109 105 1
109 111 1
109 128 1
110 108 1
110 111 1
110 118 1
110 138 1
111 109 1
111 110 1
111 119 1
111 140 1
112 62 1
112 113 1
112 114 1
112 179 1
113 91 1
113 112 1
113 116 1
113 180 1
114 63 1
114 112 1
114 115 1
114 185 1
115 106 1
115 114 1
115 117 1
115 187 1
116 92 1
116 113 1
116 118 1
116 193 1
117 107 1
117 115 1
117 119 1
117 194 1
118 110 1
118 116 1
118 119 1
118 203 1
119 111 1
119 117 1
119 118 1
119 209 1
120 105 1
120 121 1
120 128 1
121 120 1
121 125 1
121 142 1
122 73 1
122 123 1
122 186 1
123 106 1
123 122 1
123 124 1
123 187 1
124 107 1
124 123 1
124 125 1
124 194 1
125 121 1
125 124 1
125 210 1
126 84 1
126 93 1
126 129 1
127 94 1
127 108 1
127 132 1
128 109 1
128 120 1
128 137 1
129 126 1
129 131 1
129 134 1
130 85 1
130 131 1
130 195 1
131 129 1
131 130 1
131 197 1
132 127 1
132 136 1
132 139 1
133 95 1
133 134 1
133 135 1
133 196 1
134 129 1
134 133 1
134 197 1
135 96 1
135 133 1
135 136 1
135 202 1
136 132 1
136 135 1
136 204 1
137 128 1
137 141 1
137 143 1
138 110 1
138 139 1
138 140 1
138 203 1
139 132 1
139 138 1
139 204 1
140 111 1
140 138 1
140 141 1
140 209 1
141 137 1
141 140 1
141 211 1
142 121 1
142 143 1
142 210 1
143 137 1
143 142 1
143 211 1
144 4 1
144 12 1
144 150 1
145 13 1
145 22 1
145 157 1
146 23 1
146 28 1
146 164 1
147 5 1
147 38 1
147 151 1
148 14 1
148 49 1
148 152 1
148 154 1
149 39 1
149 50 1
149 153 1
149 168 1
150 144 1
150 151 1
150 152 1
150 216 1
151 147 1
151 150 1
151 153 1
151 218 1
152 148 1
152 150 1
152 153 1
152 224 1
153 149 1
153 151 1
153 152 1
153 246 1
154 15 1
154 51 1
154 148 1
154 158 1
155 24 1
155 64 1
155 159 1
155 161 1
156 52 1
156 65 1
156 160 1
156 169 1
157 145 1
157 158 1
157 159 1
157 222 1
158 154 1
158 157 1
158 160 1
158 225 1
159 155 1
159 157 1
159 160 1
159 234 1
160 156 1
160 158 1
160 159 1
160 247 1
161 25 1
161 66 1
161 155 1
161 165 1
162 29 1
162 74 1
162 166 1
163 67 1
163 75 1
163 167 1
163 170 1
164 146 1
164 165 1
164 166 1
164 232 1
165 161 1
165 164 1
165 167 1
165 235 1
166 162 1
166 164 1
166 167 1
166 242 1
167 163 1
167 165 1
167 166 1
167 248 1
168 40 1
168 53 1
168 149 1
168 174 1
169 54 1
169 68 1
169 156 1
169 181 1
170 69 1
170 76 1
170 163 1
170 188 1
171 41 1
171 86 1
171 175 1
172 55 1
172 97 1
172 176 1
172 178 1
173 87 1
173 98 1
173 177 1
173 192 1
174 168 1
174 175 1
174 176 1
174 249 1
175 171 1
175 174 1
175 177 1
175 252 1
176 172 1
176 174 1
176 177 1
176 261 1
177 173 1
177 175 1
177 176 1
177 294 1
178 56 1
178 99 1
178 172 1
178 182 1
179 70 1
179 112 1
179 183 1
179 185 1
180 100 1
180 113 1
180 184 1
180 193 1
181 169 1
181 182 1
181 183 1
181 258 1
182 178 1
182 181 1
182 184 1
182 262 1
183 179 1
183 181 1
183 184 1
183 276 1
184 180 1
184 182 1
184 183 1
184 295 1
185 71 1
185 114 1
185 179 1
185 189 1
186 77 1
186 122 1
186 190 1
187 115 1
187 123 1
187 191 1
187 194 1
188 170 1
188 189 1
188 190 1
188 273 1
189 185 1
189 188 1
189 191 1
189 277 1
190 186 1
190 188 1
190 191 1
190 288 1
191 187 1
191 189 1
191 190 1
191 296 1
192 88 1
192 101 1
192 173 1
192 198 1
193 102 1
193 116 1
193 180 1
193 205 1
194 117 1
194 124 1
194 187 1
194 212 1
195 89 1
195 130 1
195 199 1
196 103 1
196 133 1
196 200 1
196 202 1
197 131 1
197 134 1
197 201 1
198 192 1
198 199 1
198 200 1
198 297 1
199 195 1
199 198 1
199 201 1
199 300 1
200 196 1
200 198 1
200 201 1
200 309 1
201 197 1
201 199 1
201 200 1
201 342 1
202 104 1
202 135 1
202 196 1
202 206 1
203 118 1
203 138 1
203 207 1
203 209 1
204 136 1
204 139 1
204 208 1
205 193 1
205 206 1
205 207 1
205 306 1
206 202 1
206 205 1
206 208 1
206 310 1
207 203 1
207 205 1
207 208 1
207 324 1
208 204 1
208 206 1
208 207 1
208 343 1
209 119 1
209 140 1
209 203 1
209 213 1
210 125 1
210 142 1
210 214 1
211 141 1
211 143 1
211 215 1
212 194 1
212 213 1
212 214 1
212 321 1
213 209 1
213 212 1
213 215 1
213 325 1
214 210 1
214 212 1
214 215 1
214 336 1
215 211 1
215 213 1
215 214 1
215 344 1
216 150 1
216 217 1
216 218 1
216 224 1
217 216 1
217 220 1
217 228 1
218 151 1
218 216 1
218 219 1
218 246 1
219 218 1
219 221 1
219 254 1
220 217 1
220 221 1
220 360 1
221 219 1
221 220 1
221 363 1
222 157 1
222 223 1
222 225 1
222 234 1
223 222 1
223 229 1
223 238 1
224 152 1
224 216 1
224 226 1
224 246 1
225 158 1
225 222 1
225 227 1
225 247 1
226 224 1
226 227 1
226 230 1
226 265 1
227 225 1
227 226 1
227 231 1
227 267 1
228 217 1
228 230 1
228 360 1
229 223 1
229 231 1
229 361 1
230 226 1
230 228 1
230 231 1
230 364 1
231 227 1
231 229 1
231 230 1
231 370 1
232 164 1
232 233 1
232 235 1
232 242 1
233 232 1
233 239 1
233 244 1
234 159 1
234 222 1
234 236 1
234 247 1
235 165 1
235 232 1
235 237 1
235 248 1
236 234 1
236 237 1
236 240 1
236 280 1
237 235 1
237 236 1
237 241 1
237 282 1
238 223 1
238 240 1
238 361 1
239 233 1
239 241 1
239 362 1
240 236 1
240 238 1
240 241 1
240 371 1
241 237 1
241 239 1
241 240 1
241 377 1
242 166 1
242 232 1
242 243 1
242 248 1
243 242 1
243 245 1
243 290 1
244 233 1
244 245 1
244 362 1
245 243 1
245 244 1
245 378 1
246 153 1
246 218 1
246 224 1
246 250 1
247 160 1
247 225 1
247 234 1
247 259 1
248 167 1
248 235 1
248 242 1
248 274 1
249 174 1
249 251 1
249 252 1
249 261 1
250 246 1
250 251 1
250 255 1
250 266 1
251 249 1
251 250 1
251 256 1
251 269 1
252 175 1
252 249 1
252 253 1
252 294 1
253 252 1
253 257 1
253 302 1
254 219 1
254 255 1
254 363 1
255 250 1
255 254 1
255 256 1
255 365 1
256 251 1
256 255 1
256 257 1
256 384 1
257 253 1
257 256 1
257 387 1
258 181 1
258 260 1
258 262 1
258 276 1
259 247 1
259 260 1
259 268 1
259 281 1
260 258 1
260 259 1
260 270 1
260 284 1
261 176 1
261 249 1
261 263 1
261 294 1
262 182 1
262 258 1
262 264 1
262 295 1
263 261 1
263 264 1
263 271 1
263 313 1
264 262 1
264 263 1
264 272 1
264 315 1
265 226 1
265 266 1
265 267 1
265 364 1
266 250 1
266 265 1
266 269 1
266 365 1
267 227 1
267 265 1
267 268 1
267 370 1
268 259 1
268 267 1
268 270 1
268 372 1
269 251 1
269 266 1
269 271 1
269 384 1
270 260 1
270 268 1
270 272 1
270 385 1
271 263 1
271 269 1
271 272 1
271 388 1
272 264 1
272 270 1
272 271 1
272 394 1
273 188 1
273 275 1
273 277 1
273 288 1
274 248 1
274 275 1
274 283 1
274 291 1
275 273 1
275 274 1
275 285 1
275 292 1
276 183 1
276 258 1
276 278 1
276 295 1
277 189 1
277 273 1
277 279 1
277 296 1
278 276 1
278 279 1
278 286 1
278 328 1
279 277 1
279 278 1
279 287 1
279 330 1
280 236 1
280 281 1
280 282 1
280 371 1
281 259 1
281 280 1
281 284 1
281 372 1
282 237 1
282 280 1
282 283 1
282 377 1
283 274 1
283 282 1
283 285 1
283 379 1
284 260 1
284 281 1
284 286 1
284 385 1
285 275 1
285 283 1
285 287 1
285 386 1
286 278 1
286 284 1
286 287 1
286 395 1
287 279 1
287 285 1
287 286 1
287 401 1
288 190 1
288 273 1
288 289 1
288 296 1
289 288 1
289 293 1
289 338 1
290 243 1
290 291 1
290 378 1
291 274 1
291 290 1
291 292 1
291 379 1
292 275 1
292 291 1
292 293 1
292 386 1
293 289 1
293 292 1
293 402 1
294 177 1
294 252 1
294 261 1
294 298 1
295 184 1
295 262 1
295 276 1
295 307 1
296 191 1
296 277 1
296 288 1
296 322 1
297 198 1
297 299 1
297 300 1
297 309 1
298 294 1
298 299 1
298 303 1
298 314 1
299 297 1
299 298 1
299 304 1
299 317 1
300 199 1
300 297 1
300 301 1
300 342 1
301 300 1
301 305 1
301 346 1
302 253 1
302 303 1
302 387 1
303 298 1
303 302 1
303 304 1
303 389 1
304 299 1
304 303 1
304 305 1
304 408 1
305 301 1
305 304 1
305 411 1
306 205 1
306 308 1
306 310 1
306 324 1
307 295 1
307 308 1
307 316 1
307 329 1
308 306 1
308 307 1
308 318 1
308 332 1
309 200 1
309 297 1
309 311 1
309 342 1
310 206 1
310 306 1
310 312 1
310 343 1
311 309 1
311 312 1
311 319 1
311 349 1
312 310 1
312 311 1
312 320 1
312 351 1
313 263 1
313 314 1
313 315 1
313 388 1
314 298 1
314 313 1
314 317 1
314 389 1
315 264 1
315 313 1
315 316 1
315 394 1
316 307 1
316 315 1
316 318 1
316 396 1
317 299 1
317 314 1
317 319 1
317 408 1
318 308 1
318 316 1
318 320 1
318 409 1
319 311 1
319 317 1
319 320 1
319 412 1
320 312 1
320 318 1
320 319 1
320 418 1
321 212 1
321 323 1
321 325 1
321 336 1
322 296 1
322 323 1
322 331 1
322 339 1
323 321 1
323 322 1
323 333 1
323 340 1
324 207 1
324 306 1
324 326 1
324 343 1
325 213 1
325 321 1
325 327 1
325 344 1
326 324 1
326 327 1
326 334 1
326 354 1
327 325 1
327 326 1
327 335 1
327 356 1
328 278 1
328 329 1
328 330 1
328 395 1
329 307 1
329 328 1
329 332 1
329 396 1
330 279 1
330 328 1
330 331 1
330 401 1
331 322 1
331 330 1
331 333 1
331 403 1
332 308 1
332 329 1
332 334 1
332 409 1
333 323 1
333 331 1
333 335 1
333 410 1
334 326 1
334 332 1
334 335 1
334 419 1
335 327 1
335 333 1
335 334 1
335 425 1
336 214 1
336 321 1
336 337 1
336 344 1
337 336 1
337 341 1
337 358 1
338 289 1
338 339 1
338 402 1
339 322 1
339 338 1
339 340 1
339 403 1
340 323 1
340 339 1
340 341 1
340 410 1
341 337 1
341 340 1
341 426 1
342 201 1
342 300 1
342 309 1
342 345 1
343 208 1
343 310 1
343 324 1
343 348 1
344 215 1
344 325 1
344 336 1
344 353 1
345 342 1
345 347 1
345 350 1
346 301 1
346 347 1
346 411 1
347 345 1
347 346 1
347 413 1
348 343 1
348 352 1
348 355 1
349 311 1
349 350 1
349 351 1
349 412 1
350 345 1
350 349 1
350 413 1
351 312 1
351 349 1
351 352 1
351 418 1
352 348 1
352 351 1
352 420 1
353 344 1
353 357 1
353 359 1
354 326 1
354 355 1
354 356 1
354 419 1
355 348 1
355 354 1
355 420 1
356 327 1
356 354 1
356 357 1
356 425 1
357 353 1
357 356 1
357 427 1
358 337 1
358 359 1
358 426 1
359 353 1
359 358 1
359 427 1
360 220 1
360 228 1
360 366 1
361 229 1
361 238 1
361 373 1
362 239 1
362 244 1
362 380 1
363 221 1
363 254 1
363 367 1
364 230 1
364 265 1
364 368 1
364 370 1
365 255 1
365 266 1
365 369 1
365 384 1
366 360 1
366 367 1
366 368 1
366 432 1
367 363 1
367 366 1
367 369 1
367 434 1
368 364 1
368 366 1
368 369 1
368 440 1
369 365 1
369 367 1
369 368 1
369 462 1
370 231 1
370 267 1
370 364 1
370 374 1
371 240 1
371 280 1
371 375 1
371 377 1
372 268 1
372 281 1
372 376 1
372 385 1
373 361 1
373 374 1
373 375 1
373 438 1
374 370 1
374 373 1
374 376 1
374 441 1
375 371 1
375 373 1
375 376 1
375 450 1
376 372 1
376 374 1
376 375 1
376 463 1
377 241 1
377 282 1
377 371 1
377 381 1
378 245 1
378 290 1
378 382 1
379 283 1
379 291 1
379 383 1
379 386 1
380 362 1
380 381 1
380 382 1
380 448 1
381 377 1
381 380 1
381 383 1
381 451 1
382 378 1
382 380 1
382 383 1
382 458 1
383 379 1
383 381 1
383 382 1
383 464 1
384 256 1
384 269 1
384 365 1
384 390 1
385 270 1
385 284 1
385 372 1
385 397 1
386 285 1
386 292 1
386 379 1
386 404 1
387 257 1
387 302 1
387 391 1
388 271 1
388 313 1
388 392 1
388 394 1
389 303 1
389 314 1
389 393 1
389 408 1
390 384 1
390 391 1
390 392 1
390 465 1
391 387 1
391 390 1
391 393 1
391 468 1
392 388 1
392 390 1
392 393 1
392 477 1
393 389 1
393 391 1
393 392 1
393 510 1
394 272 1
394 315 1
394 388 1
394 398 1
395 286 1
395 328 1
395 399 1
395 401 1
396 316 1
396 329 1
396 400 1
396 409 1
397 385 1
397 398 1
397 399 1
397 474 1
398 394 1
398 397 1
398 400 1
398 478 1
399 395 1
399 397 1
399 400 1
399 492 1
400 396 1
400 398 1
400 399 1
400 511 1
401 287 1
401 330 1
401 395 1
401 405 1
402 293 1
402 338 1
402 406 1
403 331 1
403 339 1
403 407 1
403 410 1
404 386 1
404 405 1
404 406 1
404 489 1
405 401 1
405 404 1
405 407 1
405 493 1
406 402 1
406 404 1
406 407 1
406 504 1
407 403 1
407 405 1
407 406 1
407 512 1
408 304 1
408 317 1
408 389 1
408 414 1
409 318 1
409 332 1
409 396 1
409 421 1
410 333 1
410 340 1
410 403 1
410 428 1
411 305 1
411 346 1
411 415 1
412 319 1
412 349 1
412 416 1
412 418 1
413 347 1
413 350 1
413 417 1
414 408 1
414 415 1
414 416 1
414 513 1
415 411 1
415 414 1
415 417 1
415 516 1
416 412 1
416 414 1
416 417 1
416 525 1
417 413 1
417 415 1
417 416 1
417 558 1
418 320 1
418 351 1
418 412 1
418 422 1
419 334 1
419 354 1
419 423 1
419 425 1
420 352 1
420 355 1
420 424 1
421 409 1
421 422 1
421 423 1
421 522 1
422 418 1
422 421 1
422 424 1
422 526 1
423 419 1
423 421 1
423 424 1
423 540 1
424 420 1
424 422 1
424 423 1
424 559 1
425 335 1
425 356 1
425 419 1
425 429 1
426 341 1
426 358 1
426 430 1
427 357 1
427 359 1
427 431 1
428 410 1
428 429 1
428 430 1
428 537 1
429 425 1
429 428 1
429 431 1
429 541 1
430 426 1
430 428 1
430 431 1
430 552 1
431 427 1
431 429 1
431 430 1
431 560 1
432 366 1
432 433 1
432 434 1
432 440 1
433 432 1
433 436 1
433 444 1
434 367 1
434 432 1
434 435 1
434 462 1
435 434 1
435 437 1
435 470 1
436 433 1
436 437 1
436 576 1
437 435 1
437 436 1
437 579 1
438 373 1
438 439 1
438 441 1
438 450 1
439 438 1
439 445 1
439 454 1
440 368 1
440 432 1
440 442 1
440 462 1
441 374 1
441 438 1
441 443 1
441 463 1
442 440 1
442 443 1
442 446 1
442 481 1
443 441 1
443 442 1
443 447 1
443 483 1
444 433 1
444 446 1
444 576 1
445 439 1
445 447 1
445 577 1
446 442 1
446 444 1
446 447 1
446 580 1
447 443 1
447 445 1
447 446 1
447 586 1
448 380 1
448 449 1
448 451 1
448 458 1
449 448 1
449 455 1
449 460 1
450 375 1
450 438 1
450 452 1
450 463 1
451 381 1
451 448 1
451 453 1
451 464 1
452 450 1
452 453 1
452 456 1
452 496 1
453 451 1
453 452 1
453 457 1
453 498 1
454 439 1
454 456 1
454 577 1
455 449 1
455 457 1
455 578 1
456 452 1
456 454 1
456 457 1
456 587 1
457 453 1
457 455 1
457 456 1
457 593 1
458 382 1
458 448 1
458 459 1
458 464 1
459 458 1
459 461 1
459 506 1
460 449 1
460 461 1
460 578 1
461 459 1
461 460 1
461 594 1
462 369 1
462 434 1
462 440 1
462 466 1
463 376 1
463 441 1
463 450 1
463 475 1
464 383 1
464 451 1
464 458 1
464 490 1
465 390 1
465 467 1
465 468 1
465 477 1
466 462 1
466 467 1
466 471 1
466 482 1
467 465 1
467 466 1
467 472 1
467 485 1
468 391 1
468 465 1
468 469 1
468 510 1
469 468 1
469 473 1
469 518 1
470 435 1
470 471 1
470 579 1
471 466 1
471 470 1
471 472 1
471 581 1
472 467 1
472 471 1
472 473 1
472 600 1
473 469 1
473 472 1
473 603 1
474 397 1
474 476 1
474 478 1
474 492 1
475 463 1
475 476 1
475 484 1
475 497 1
476 474 1
476 475 1
476 486 1
476 500 1
477 392 1
477 465 1
477 479 1
477 510 1
478 398 1
478 474 1
478 480 1
478 511 1
479 477 1
479 480 1
479 487 1
479 529 1
480 478 1
480 479 1
480 488 1
480 531 1
481 442 1
481 482 1
481 483 1
481 580 1
482 466 1
482 481 1
482 485 1
482 581 1
483 443 1
483 481 1
483 484 1
483 586 1
484 475 1
484 483 1
484 486 1
484 588 1
485 467 1
485 482 1
485 487 1
485 600 1
486 476 1
486 484 1
486 488 1
486 601 1
487 479 1
487 485 1
487 488 1
487 604 1
488 480 1
488 486 1
488 487 1
488 610 1
489 404 1
489 491 1
489 493 1
489 504 1
490 464 1
490 491 1
490 499 1
490 507 1
491 489 1
491 490 1
491 501 1
491 508 1
492 399 1
492 474 1
492 494 1
492 511 1
493 405 1
493 489 1
493 495 1
493 512 1
494 492 1
494 495 1
494 502 1
494 544 1
495 493 1
495 494 1
495 503 1
495 546 1
496 452 1
496 497 1
496 498 1
496 587 1
497 475 1
497 496 1
497 500 1
497 588 1
498 453 1
498 496 1
498 499 1
498 593 1
499 490 1
499 498 1
499 501 1
499 595 1
500 476 1
500 497 1
500 502 1
500 601 1
501 491 1
501 499 1
501 503 1
501 602 1
502 494 1
502 500 1
502 503 1
502 611 1
503 495 1
503 501 1
503 502 1
503 617 1
504 406 1
504 489 1
504 505 1
504 512 1
505 504 1
505 509 1
505 554 1
506 459 1
506 507 1
506 594 1
507 490 1
507 506 1
507 508 1
507 595 1
508 491 1
508 507 1
508 509 1
508 602 1
509 505 1
509 508 1
509 618 1
510 393 1
510 468 1
510 477 1
510 514 1
511 400 1
511 478 1
511 492 1
511 523 1
512 407 1
512 493 1
512 504 1
512 538 1
513 414 1
513 515 1
513 516 1
513 525 1
514 510 1
514 515 1
514 519 1
514 530 1
515 513 1
515 514 1
515 520 1
515 533 1
516 415 1
516 513 1
516 517 1
516 558 1
517 516 1
517 521 1
517 562 1
518 469 1
518 519 1
518 603 1
519 514 1
519 518 1
519 520 1
519 605 1
520 515 1
520 519 1
520 521 1
520 624 1
521 517 1
521 520 1
521 627 1
522 421 1
522 524 1
522 526 1
522 540 1
523 511 1
523 524 1
523 532 1
523 545 1
524 522 1
524 523 1
524 534 1
524 548 1
525 416 1
525 513 1
525 527 1
525 558 1
526 422 1
526 522 1
526 528 1
526 559 1
527 525 1
527 528 1
527 535 1
527 565 1
528 526 1
528 527 1
528 536 1
528 567 1
529 479 1
529 530 1
529 531 1
529 604 1
530 514 1
530 529 1
530 533 1
530 605 1
531 480 1
531 529 1
531 532 1
531 610 1
532 523 1
532 531 1
532 534 1
532 612 1
533 515 1
533 530 1
533 535 1
533 624 1
534 524 1
534 532 1
534 536 1
534 625 1
535 527 1
535 533 1
535 536 1
535 628 1
536 528 1
536 534 1
536 535 1
536 634 1
537 428 1
537 539 1
537 541 1
537 552 1
538 512 1
538 539 1
538 547 1
538 555 1
539 537 1
539 538 1
539 549 1
539 556 1
540 423 1
540 522 1
540 542 1
540 559 1
541 429 1
541 537 1
541 543 1
541 560 1
542 540 1
542 543 1
542 550 1
542 570 1
543 541 1
543 542 1
543 551 1
543 572 1
544 494 1
544 545 1
544 546 1
544 611 1
545 523 1
545 544 1
545 548 1
545 612 1
546 495 1
546 544 1
546 547 1
546 617 1
547 538 1
547 546 1
547 549 1
547 619 1
548 524 1
548 545 1
548 550 1
548 625 1
549 539 1
549 547 1
549 551 1
549 626 1
550 542 1
550 548 1
550 551 1
550 635 1
551 543 1
551 549 1
551 550 1
551 641 1
552 430 1
552 537 1
552 553 1
552 560 1
553 552 1
553 557 1
553 574 1
554 505 1
554 555 1
554 618 1
555 538 1
555 554 1
555 556 1
555 619 1
556 539 1
556 555 1
556 557 1
556 626 1
557 553 1
557 556 1
557 642 1
558 417 1
558 516 1
558 525 1
558 561 1
559 424 1
559 526 1
559 540 1
559 564 1
560 431 1
560 541 1
560 552 1
560 569 1
561 558 1
561 563 1
561 566 1
562 517 1
562 563 1
562 627 1
563 561 1
563 562 1
563 629 1
564 559 1
564 568 1
564 571 1
565 527 1
565 566 1
565 567 1
565 628 1
566 561 1
566 565 1
566 629 1
567 528 1
567 565 1
567 568 1
567 634 1
568 564 1
568 567 1
568 636 1
569 560 1
569 573 1
569 575 1
570 542 1
570 571 1
570 572 1
570 635 1
571 564 1
571 570 1
571 636 1
572 543 1
572 570 1
572 573 1
572 641 1
573 569 1
573 572 1
573 643 1
574 553 1
574 575 1
574 642 1
575 569 1
575 574 1
575 643 1
576 436 1
576 444 1
576 582 1
577 445 1
577 454 1
577 589 1
578 455 1
578 460 1
578 596 1
579 437 1
579 470 1
579 583 1
580 446 1
580 481 1
580 584 1
580 586 1
581 471 1
581 482 1
581 585 1
581 600 1
582 576 1
582 583 1
582 584 1
583 579 1
583 582 1
583 585 1
584 580 1
584 582 1
584 585 1
585 581 1
585 583 1
585 584 1
586 447 1
586 483 1
586 580 1
586 590 1
587 456 1
587 496 1
587 591 1
587 593 1
588 484 1
588 497 1
588 592 1
588 601 1
589 577 1
589 590 1
589 591 1
590 586 1
590 589 1
590 592 1
591 587 1
591 589 1
591 592 1
592 588 1
592 590 1
592 591 1
593 457 1
593 498 1
593 587 1
593 597 1
594 461 1
594 506 1
594 598 1
595 499 1
595 507 1
595 599 1
595 602 1
596 578 1
596 597 1
596 598 1
597 593 1
597 596 1
597 599 1
598 594 1
598 596 1
598 599 1
599 595 1
599 597 1
599 598 1
600 472 1
600 485 1
600 581 1
600 606 1
601 486 1
601 500 1
601 588 1
601 613 1
602 501 1
602 508 1
602 595 1
602 620 1
603 473 1
603 518 1
603 607 1
604 487 1
604 529 1
604 608 1
604 610 1
605 519 1
605 530 1
605 609 1
605 624 1
606 600 1
606 607 1
606 608 1
607 603 1
607 606 1
607 609 1
608 604 1
608 606 1
608 609 1
609 605 1
609 607 1
609 608 1
610 488 1
610 531 1
610 604 1
610 614 1
611 502 1
611 544 1
611 615 1
611 617 1
612 532 1
612 545 1
612 616 1
612 625 1
613 601 1
613 614 1
613 615 1
614 610 1
614 613 1
614 616 1
615 611 1
615 613 1
615 616 1
616 612 1
616 614 1
616 615 1
617 503 1
617 546 1
617 611 1
617 621 1
618 509 1
618 554 1
618 622 1
619 547 1
619 555 1
619 623 1
619 626 1
620 602 1
620 621 1
620 622 1
621 617 1
621 620 1
621 623 1
622 618 1
622 620 1
622 623 1
623 619 1
623 621 1
623 622 1
624 520 1
624 533 1
624 605 1
624 630 1
625 534 1
625 548 1
625 612 1
625 637 1
626 549 1
626 556 1
626 619 1
626 644 1
627 521 1
627 562 1
627 631 1
628 535 1
628 565 1
628 632 1
628 634 1
629 563 1
629 566 1
629 633 1
630 624 1
630 631 1
630 632 1
631 627 1
631 630 1
631 633 1
632 628 1
632 630 1
632 633 1
633 629 1
633 631 1
633 632 1
634 536 1
634 567 1
634 628 1
634 638 1
635 550 1
635 570 1
635 639 1
635 641 1
636 568 1
636 571 1
636 640 1
637 625 1
637 638 1
637 639 1
638 634 1
638 637 1
638 640 1
639 635 1
639 637 1
639 640 1
640 636 1
640 638 1
640 639 1
641 551 1
641 572 1
641 635 1
641 645 1
642 557 1
642 574 1
642 646 1
643 573 1
643 575 1
643 647 1
644 626 1
644 645 1
644 646 1
645 641 1
645 644 1
645 647 1
646 642 1
646 644 1
646 647 1
647 643 1
647 645 1
647 646 1
