# B10
0 0 1
0 1 1
0 2 1
0 3 1
0 4 1
0 5 1
0 6 1
1 0 -1
1 7 1
1 8 1
1 9 1
1 10 1
1 11 1
1 12 1
1 13 1
1 14 1
1 15 1
1 16 1
2 7 -1
2 17 1
2 18 1
2 19 1
2 20 1
2 21 1
2 22 1
2 23 1
2 24 1
2 25 1
2 26 1
3 17 -1
3 27 1
3 28 1
3 29 1
3 30 1
3 31 1
3 32 1
4 1 -1
4 8 -1
4 33 1
4 34 1
4 35 1
5 9 -1
5 18 -1
5 36 1
5 37 1
5 38 1
6 19 -1
6 27 -1
6 39 1
6 40 1
6 41 1
7 2 -1
7 33 -1
7 42 1
7 43 1
7 44 1
7 45 1
7 46 1
7 47 1
7 48 1
7 49 1
7 50 1
8 10 -1
8 34 -1
8 36 -1
8 42 -1
8 51 1
8 52 1
8 53 1
8 54 1
8 55 1
8 56 1
8 57 1
8 58 1
8 59 1
8 60 1
8 61 1
8 62 1
8 63 1
9 20 -1
9 37 -1
9 39 -1
9 51 -1
9 64 1
9 65 1
9 66 1
9 67 1
9 68 1
9 69 1
9 70 1
9 71 1
9 72 1
9 73 1
9 74 1
9 75 1
9 76 1
10 28 -1
10 40 -1
10 64 -1
10 77 1
10 78 1
10 79 1
10 80 1
10 81 1
10 82 1
10 83 1
10 84 1
11 43 -1
11 52 -1
11 85 1
11 86 1
11 87 1
12 53 -1
12 65 -1
12 88 1
12 89 1
12 90 1
13 66 -1
13 77 -1
13 91 1
13 92 1
13 93 1
14 44 -1
14 85 -1
14 94 1
14 95 1
14 96 1
14 97 1
14 98 1
14 99 1
14 100 1
14 101 1
14 102 1
15 54 -1
15 86 -1
15 88 -1
15 94 -1
15 103 1
15 104 1
15 105 1
15 106 1
15 107 1
15 108 1
15 109 1
15 110 1
15 111 1
15 112 1
15 113 1
15 114 1
15 115 1
16 67 -1
16 89 -1
16 91 -1
16 103 -1
16 116 1
16 117 1
16 118 1
16 119 1
16 120 1
16 121 1
16 122 1
16 123 1
16 124 1
16 125 1
16 126 1
16 127 1
16 128 1
17 78 -1
17 92 -1
17 116 -1
17 129 1
17 130 1
17 131 1
17 132 1
17 133 1
17 134 1
17 135 1
17 136 1
18 95 -1
18 104 -1
18 137 1
18 138 1
18 139 1
19 105 -1
19 117 -1
19 140 1
19 141 1
19 142 1
20 118 -1
20 129 -1
20 143 1
20 144 1
20 145 1
21 96 -1
21 137 -1
21 146 1
21 147 1
21 148 1
21 149 1
21 150 1
22 106 -1
22 138 -1
22 140 -1
22 146 -1
22 151 1
22 152 1
22 153 1
22 154 1
22 155 1
22 156 1
22 157 1
23 119 -1
23 141 -1
23 143 -1
23 151 -1
23 158 1
23 159 1
23 160 1
23 161 1
23 162 1
23 163 1
23 164 1
24 130 -1
24 144 -1
24 158 -1
24 165 1
24 166 1
24 167 1
24 168 1
25 3 -1
25 11 -1
25 169 1
25 170 1
25 171 1
26 12 -1
26 21 -1
26 172 1
26 173 1
26 174 1
27 22 -1
27 29 -1
27 175 1
27 176 1
27 177 1
28 4 -1
28 45 -1
28 178 1
28 179 1
28 180 1
29 5 -1
29 13 -1
29 35 -1
29 46 -1
29 55 -1
29 169 -1
29 178 -1
29 181 1
29 182 1
29 183 1
29 184 1
29 185 1
29 186 1
29 187 1
30 14 -1
30 56 -1
30 181 -1
30 188 1
30 189 1
30 190 1
31 15 -1
31 23 -1
31 38 -1
31 57 -1
31 68 -1
31 172 -1
31 188 -1
31 191 1
31 192 1
31 193 1
31 194 1
31 195 1
31 196 1
31 197 1
32 24 -1
32 69 -1
32 191 -1
32 198 1
32 199 1
32 200 1
33 25 -1
33 30 -1
33 41 -1
33 70 -1
33 79 -1
33 175 -1
33 198 -1
33 201 1
33 202 1
33 203 1
33 204 1
33 205 1
33 206 1
33 207 1
34 31 -1
34 80 -1
34 201 -1
34 208 1
34 209 1
35 47 -1
35 58 -1
35 182 -1
35 210 1
35 211 1
35 212 1
36 59 -1
36 71 -1
36 192 -1
36 213 1
36 214 1
36 215 1
37 72 -1
37 81 -1
37 202 -1
37 216 1
37 217 1
37 218 1
38 48 -1
38 97 -1
38 219 1
38 220 1
38 221 1
39 49 -1
39 60 -1
39 87 -1
39 98 -1
39 107 -1
39 210 -1
39 219 -1
39 222 1
39 223 1
39 224 1
39 225 1
39 226 1
39 227 1
39 228 1
40 61 -1
40 108 -1
40 222 -1
40 229 1
40 230 1
40 231 1
41 62 -1
41 73 -1
41 90 -1
41 109 -1
41 120 -1
41 213 -1
41 229 -1
41 232 1
41 233 1
41 234 1
41 235 1
41 236 1
41 237 1
41 238 1
42 74 -1
42 121 -1
42 232 -1
42 239 1
42 240 1
42 241 1
43 75 -1
43 82 -1
43 93 -1
43 122 -1
43 131 -1
43 216 -1
43 239 -1
43 242 1
43 243 1
43 244 1
43 245 1
43 246 1
43 247 1
43 248 1
44 83 -1
44 132 -1
44 242 -1
44 249 1
44 250 1
45 99 -1
45 110 -1
45 223 -1
45 251 1
45 252 1
45 253 1
46 111 -1
46 123 -1
46 233 -1
46 254 1
46 255 1
46 256 1
47 124 -1
47 133 -1
47 243 -1
47 257 1
47 258 1
47 259 1
48 100 -1
48 147 -1
48 260 1
48 261 1
48 262 1
49 101 -1
49 112 -1
49 139 -1
49 148 -1
49 152 -1
49 251 -1
49 260 -1
49 263 1
49 264 1
49 265 1
49 266 1
49 267 1
49 268 1
49 269 1
50 113 -1
50 153 -1
50 263 -1
50 270 1
50 271 1
50 272 1
51 114 -1
51 125 -1
51 142 -1
51 154 -1
51 159 -1
51 254 -1
51 270 -1
51 273 1
51 274 1
51 275 1
51 276 1
51 277 1
51 278 1
51 279 1
52 126 -1
52 160 -1
52 273 -1
52 280 1
52 281 1
52 282 1
53 127 -1
53 134 -1
53 145 -1
53 161 -1
53 165 -1
53 257 -1
53 280 -1
53 283 1
53 284 1
53 285 1
53 286 1
53 287 1
53 288 1
53 289 1
54 135 -1
54 166 -1
54 283 -1
54 290 1
54 291 1
55 149 -1
55 155 -1
55 264 -1
55 292 1
55 293 1
56 156 -1
56 162 -1
56 274 -1
56 294 1
56 295 1
57 163 -1
57 167 -1
57 284 -1
57 296 1
57 297 1
58 6 -1
58 170 -1
58 179 -1
58 183 -1
58 298 1
58 299 1
58 300 1
58 301 1
58 302 1
58 303 1
58 304 1
59 16 -1
59 171 -1
59 173 -1
59 184 -1
59 189 -1
59 193 -1
59 298 -1
59 305 1
59 306 1
59 307 1
59 308 1
59 309 1
59 310 1
59 311 1
59 312 1
59 313 1
59 314 1
60 26 -1
60 174 -1
60 176 -1
60 194 -1
60 199 -1
60 203 -1
60 305 -1
60 315 1
60 316 1
60 317 1
60 318 1
60 319 1
60 320 1
60 321 1
60 322 1
60 323 1
60 324 1
61 32 -1
61 177 -1
61 204 -1
61 208 -1
61 315 -1
61 325 1
61 326 1
61 327 1
61 328 1
61 329 1
61 330 1
62 185 -1
62 299 -1
62 306 -1
62 331 1
62 332 1
62 333 1
63 195 -1
63 307 -1
63 316 -1
63 334 1
63 335 1
63 336 1
64 205 -1
64 317 -1
64 325 -1
64 337 1
64 338 1
64 339 1
65 50 -1
65 180 -1
65 186 -1
65 211 -1
65 220 -1
65 224 -1
65 300 -1
65 331 -1
65 340 1
65 341 1
65 342 1
65 343 1
65 344 1
65 345 1
65 346 1
65 347 1
65 348 1
66 63 -1
66 187 -1
66 190 -1
66 196 -1
66 212 -1
66 214 -1
66 225 -1
66 230 -1
66 234 -1
66 308 -1
66 332 -1
66 334 -1
66 340 -1
66 349 1
66 350 1
66 351 1
66 352 1
66 353 1
66 354 1
66 355 1
66 356 1
66 357 1
66 358 1
66 359 1
66 360 1
66 361 1
67 76 -1
67 197 -1
67 200 -1
67 206 -1
67 215 -1
67 217 -1
67 235 -1
67 240 -1
67 244 -1
67 318 -1
67 335 -1
67 337 -1
67 349 -1
67 362 1
67 363 1
67 364 1
67 365 1
67 366 1
67 367 1
67 368 1
67 369 1
67 370 1
67 371 1
67 372 1
67 373 1
67 374 1
68 84 -1
68 207 -1
68 209 -1
68 218 -1
68 245 -1
68 249 -1
68 326 -1
68 338 -1
68 362 -1
68 375 1
68 376 1
68 377 1
68 378 1
68 379 1
68 380 1
68 381 1
68 382 1
69 226 -1
69 341 -1
69 350 -1
69 383 1
69 384 1
69 385 1
70 236 -1
70 351 -1
70 363 -1
70 386 1
70 387 1
70 388 1
71 246 -1
71 364 -1
71 375 -1
71 389 1
71 390 1
71 391 1
72 102 -1
72 221 -1
72 227 -1
72 252 -1
72 261 -1
72 265 -1
72 342 -1
72 383 -1
72 392 1
72 393 1
72 394 1
72 395 1
72 396 1
72 397 1
72 398 1
72 399 1
72 400 1
73 115 -1
73 228 -1
73 231 -1
73 237 -1
73 253 -1
73 255 -1
73 266 -1
73 271 -1
73 275 -1
73 352 -1
73 384 -1
73 386 -1
73 392 -1
73 401 1
73 402 1
73 403 1
73 404 1
73 405 1
73 406 1
73 407 1
73 408 1
73 409 1
73 410 1
73 411 1
73 412 1
73 413 1
74 128 -1
74 238 -1
74 241 -1
74 247 -1
74 256 -1
74 258 -1
74 276 -1
74 281 -1
74 285 -1
74 365 -1
74 387 -1
74 389 -1
74 401 -1
74 414 1
74 415 1
74 416 1
74 417 1
74 418 1
74 419 1
74 420 1
74 421 1
74 422 1
74 423 1
74 424 1
74 425 1
74 426 1
75 136 -1
75 248 -1
75 250 -1
75 259 -1
75 286 -1
75 290 -1
75 376 -1
75 390 -1
75 414 -1
75 427 1
75 428 1
75 429 1
75 430 1
75 431 1
75 432 1
75 433 1
75 434 1
76 267 -1
76 393 -1
76 402 -1
76 435 1
76 436 1
76 437 1
77 277 -1
77 403 -1
77 415 -1
77 438 1
77 439 1
77 440 1
78 287 -1
78 416 -1
78 427 -1
78 441 1
78 442 1
78 443 1
79 150 -1
79 262 -1
79 268 -1
79 292 -1
79 394 -1
79 435 -1
79 444 1
79 445 1
79 446 1
79 447 1
79 448 1
80 157 -1
80 269 -1
80 272 -1
80 278 -1
80 293 -1
80 294 -1
80 404 -1
80 436 -1
80 438 -1
80 444 -1
80 449 1
80 450 1
80 451 1
80 452 1
80 453 1
80 454 1
80 455 1
81 164 -1
81 279 -1
81 282 -1
81 288 -1
81 295 -1
81 296 -1
81 417 -1
81 439 -1
81 441 -1
81 449 -1
81 456 1
81 457 1
81 458 1
81 459 1
81 460 1
81 461 1
81 462 1
82 168 -1
82 289 -1
82 291 -1
82 297 -1
82 428 -1
82 442 -1
82 456 -1
82 463 1
82 464 1
82 465 1
82 466 1
83 301 -1
83 309 -1
83 467 1
83 468 1
83 469 1
84 310 -1
84 319 -1
84 470 1
84 471 1
84 472 1
85 320 -1
85 327 -1
85 473 1
85 474 1
85 475 1
86 302 -1
86 343 -1
86 476 1
86 477 1
86 478 1
87 303 -1
87 311 -1
87 333 -1
87 344 -1
87 353 -1
87 467 -1
87 476 -1
87 479 1
87 480 1
87 481 1
87 482 1
87 483 1
87 484 1
87 485 1
88 312 -1
88 354 -1
88 479 -1
88 486 1
88 487 1
88 488 1
89 313 -1
89 321 -1
89 336 -1
89 355 -1
89 366 -1
89 470 -1
89 486 -1
89 489 1
89 490 1
89 491 1
89 492 1
89 493 1
89 494 1
89 495 1
90 322 -1
90 367 -1
90 489 -1
90 496 1
90 497 1
90 498 1
91 323 -1
91 328 -1
91 339 -1
91 368 -1
91 377 -1
91 473 -1
91 496 -1
91 499 1
91 500 1
91 501 1
91 502 1
91 503 1
91 504 1
91 505 1
92 329 -1
92 378 -1
92 499 -1
92 506 1
92 507 1
93 345 -1
93 356 -1
93 480 -1
93 508 1
93 509 1
93 510 1
94 357 -1
94 369 -1
94 490 -1
94 511 1
94 512 1
94 513 1
95 370 -1
95 379 -1
95 500 -1
95 514 1
95 515 1
95 516 1
96 346 -1
96 395 -1
96 517 1
96 518 1
96 519 1
97 347 -1
97 358 -1
97 385 -1
97 396 -1
97 405 -1
97 508 -1
97 517 -1
97 520 1
97 521 1
97 522 1
97 523 1
97 524 1
97 525 1
97 526 1
98 359 -1
98 406 -1
98 520 -1
98 527 1
98 528 1
98 529 1
99 360 -1
99 371 -1
99 388 -1
99 407 -1
99 418 -1
99 511 -1
99 527 -1
99 530 1
99 531 1
99 532 1
99 533 1
99 534 1
99 535 1
99 536 1
100 372 -1
100 419 -1
100 530 -1
100 537 1
100 538 1
100 539 1
101 373 -1
101 380 -1
101 391 -1
101 420 -1
101 429 -1
101 514 -1
101 537 -1
101 540 1
101 541 1
101 542 1
101 543 1
101 544 1
101 545 1
101 546 1
102 381 -1
102 430 -1
102 540 -1
102 547 1
102 548 1
103 397 -1
103 408 -1
103 521 -1
103 549 1
103 550 1
103 551 1
104 409 -1
104 421 -1
104 531 -1
104 552 1
104 553 1
104 554 1
105 422 -1
105 431 -1
105 541 -1
105 555 1
105 556 1
105 557 1
106 398 -1
106 445 -1
106 558 1
106 559 1
106 560 1
107 399 -1
107 410 -1
107 437 -1
107 446 -1
107 450 -1
107 549 -1
107 558 -1
107 561 1
107 562 1
107 563 1
107 564 1
107 565 1
107 566 1
107 567 1
108 411 -1
108 451 -1
108 561 -1
108 568 1
108 569 1
108 570 1
109 412 -1
109 423 -1
109 440 -1
109 452 -1
109 457 -1
109 552 -1
109 568 -1
109 571 1
109 572 1
109 573 1
109 574 1
109 575 1
109 576 1
109 577 1
110 424 -1
110 458 -1
110 571 -1
110 578 1
110 579 1
110 580 1
111 425 -1
111 432 -1
111 443 -1
111 459 -1
111 463 -1
111 555 -1
111 578 -1
111 581 1
111 582 1
111 583 1
111 584 1
111 585 1
111 586 1
111 587 1
112 433 -1
112 464 -1
112 581 -1
112 588 1
112 589 1
113 447 -1
113 453 -1
113 562 -1
113 590 1
113 591 1
114 454 -1
114 460 -1
114 572 -1
114 592 1
114 593 1
115 461 -1
115 465 -1
115 582 -1
115 594 1
115 595 1
116 304 -1
116 468 -1
116 477 -1
116 481 -1
116 596 1
116 597 1
116 598 1
116 599 1
116 600 1
116 601 1
116 602 1
117 314 -1
117 469 -1
117 471 -1
117 482 -1
117 487 -1
117 491 -1
117 596 -1
117 603 1
117 604 1
117 605 1
117 606 1
117 607 1
117 608 1
117 609 1
117 610 1
117 611 1
117 612 1
118 324 -1
118 472 -1
118 474 -1
118 492 -1
118 497 -1
118 501 -1
118 603 -1
118 613 1
118 614 1
118 615 1
118 616 1
118 617 1
118 618 1
118 619 1
118 620 1
118 621 1
118 622 1
119 330 -1
119 475 -1
119 502 -1
119 506 -1
119 613 -1
119 623 1
119 624 1
119 625 1
119 626 1
119 627 1
119 628 1
120 483 -1
120 597 -1
120 604 -1
120 629 1
120 630 1
120 631 1
121 493 -1
121 605 -1
121 614 -1
121 632 1
121 633 1
121 634 1
122 503 -1
122 615 -1
122 623 -1
122 635 1
122 636 1
122 637 1
123 348 -1
123 478 -1
123 484 -1
123 509 -1
123 518 -1
123 522 -1
123 598 -1
123 629 -1
123 638 1
123 639 1
123 640 1
123 641 1
123 642 1
123 643 1
123 644 1
123 645 1
123 646 1
124 361 -1
124 485 -1
124 488 -1
124 494 -1
124 510 -1
124 512 -1
124 523 -1
124 528 -1
124 532 -1
124 606 -1
124 630 -1
124 632 -1
124 638 -1
124 647 1
124 648 1
124 649 1
124 650 1
124 651 1
124 652 1
124 653 1
124 654 1
124 655 1
124 656 1
124 657 1
124 658 1
124 659 1
125 374 -1
125 495 -1
125 498 -1
125 504 -1
125 513 -1
125 515 -1
125 533 -1
125 538 -1
125 542 -1
125 616 -1
125 633 -1
125 635 -1
125 647 -1
125 660 1
125 661 1
125 662 1
125 663 1
125 664 1
125 665 1
125 666 1
125 667 1
125 668 1
125 669 1
125 670 1
125 671 1
125 672 1
126 382 -1
126 505 -1
126 507 -1
126 516 -1
126 543 -1
126 547 -1
126 624 -1
126 636 -1
126 660 -1
126 673 1
126 674 1
126 675 1
126 676 1
126 677 1
126 678 1
126 679 1
126 680 1
127 524 -1
127 639 -1
127 648 -1
127 681 1
127 682 1
127 683 1
128 534 -1
128 649 -1
128 661 -1
128 684 1
128 685 1
128 686 1
129 544 -1
129 662 -1
129 673 -1
129 687 1
129 688 1
129 689 1
130 400 -1
130 519 -1
130 525 -1
130 550 -1
130 559 -1
130 563 -1
130 640 -1
130 681 -1
130 690 1
130 691 1
130 692 1
130 693 1
130 694 1
130 695 1
130 696 1
130 697 1
130 698 1
131 413 -1
131 526 -1
131 529 -1
131 535 -1
131 551 -1
131 553 -1
131 564 -1
131 569 -1
131 573 -1
131 650 -1
131 682 -1
131 684 -1
131 690 -1
131 699 1
131 700 1
131 701 1
131 702 1
131 703 1
131 704 1
131 705 1
131 706 1
131 707 1
131 708 1
131 709 1
131 710 1
131 711 1
132 426 -1
132 536 -1
132 539 -1
132 545 -1
132 554 -1
132 556 -1
132 574 -1
132 579 -1
132 583 -1
132 663 -1
132 685 -1
132 687 -1
132 699 -1
132 712 1
132 713 1
132 714 1
132 715 1
132 716 1
132 717 1
132 718 1
132 719 1
132 720 1
132 721 1
132 722 1
132 723 1
132 724 1
133 434 -1
133 546 -1
133 548 -1
133 557 -1
133 584 -1
133 588 -1
133 674 -1
133 688 -1
133 712 -1
133 725 1
133 726 1
133 727 1
133 728 1
133 729 1
133 730 1
133 731 1
133 732 1
134 565 -1
134 691 -1
134 700 -1
134 733 1
134 734 1
134 735 1
135 575 -1
135 701 -1
135 713 -1
135 736 1
135 737 1
135 738 1
136 585 -1
136 714 -1
136 725 -1
136 739 1
136 740 1
136 741 1
137 448 -1
137 560 -1
137 566 -1
137 590 -1
137 692 -1
137 733 -1
137 742 1
137 743 1
137 744 1
137 745 1
137 746 1
138 455 -1
138 567 -1
138 570 -1
138 576 -1
138 591 -1
138 592 -1
138 702 -1
138 734 -1
138 736 -1
138 742 -1
138 747 1
138 748 1
138 749 1
138 750 1
138 751 1
138 752 1
138 753 1
139 462 -1
139 577 -1
139 580 -1
139 586 -1
139 593 -1
139 594 -1
139 715 -1
139 737 -1
139 739 -1
139 747 -1
139 754 1
139 755 1
139 756 1
139 757 1
139 758 1
139 759 1
139 760 1
140 466 -1
140 587 -1
140 589 -1
140 595 -1
140 726 -1
140 740 -1
140 754 -1
140 761 1
140 762 1
140 763 1
140 764 1
141 599 -1
141 607 -1
141 765 1
141 766 1
141 767 1
142 608 -1
142 617 -1
142 768 1
142 769 1
142 770 1
143 618 -1
143 625 -1
143 771 1
143 772 1
143 773 1
144 600 -1
144 641 -1
144 774 1
144 775 1
144 776 1
145 601 -1
145 609 -1
145 631 -1
145 642 -1
145 651 -1
145 765 -1
145 774 -1
145 777 1
145 778 1
145 779 1
145 780 1
145 781 1
145 782 1
145 783 1
146 610 -1
146 652 -1
146 777 -1
146 784 1
146 785 1
146 786 1
147 611 -1
147 619 -1
147 634 -1
147 653 -1
147 664 -1
147 768 -1
147 784 -1
147 787 1
147 788 1
147 789 1
147 790 1
147 791 1
147 792 1
147 793 1
148 620 -1
148 665 -1
148 787 -1
148 794 1
148 795 1
148 796 1
149 621 -1
149 626 -1
149 637 -1
149 666 -1
149 675 -1
149 771 -1
149 794 -1
149 797 1
149 798 1
149 799 1
149 800 1
149 801 1
149 802 1
149 803 1
150 627 -1
150 676 -1
150 797 -1
150 804 1
150 805 1
151 643 -1
151 654 -1
151 778 -1
151 806 1
151 807 1
151 808 1
152 655 -1
152 667 -1
152 788 -1
152 809 1
152 810 1
152 811 1
153 668 -1
153 677 -1
153 798 -1
153 812 1
153 813 1
153 814 1
154 644 -1
154 693 -1
154 815 1
154 816 1
154 817 1
155 645 -1
155 656 -1
155 683 -1
155 694 -1
155 703 -1
155 806 -1
155 815 -1
155 818 1
155 819 1
155 820 1
155 821 1
155 822 1
155 823 1
155 824 1
156 657 -1
156 704 -1
156 818 -1
156 825 1
156 826 1
156 827 1
157 658 -1
157 669 -1
157 686 -1
157 705 -1
157 716 -1
157 809 -1
157 825 -1
157 828 1
157 829 1
157 830 1
157 831 1
157 832 1
157 833 1
157 834 1
158 670 -1
158 717 -1
158 828 -1
158 835 1
158 836 1
158 837 1
159 671 -1
159 678 -1
159 689 -1
159 718 -1
159 727 -1
159 812 -1
159 835 -1
159 838 1
159 839 1
159 840 1
159 841 1
159 842 1
159 843 1
159 844 1
160 679 -1
160 728 -1
160 838 -1
160 845 1
160 846 1
161 695 -1
161 706 -1
161 819 -1
161 847 1
161 848 1
161 849 1
162 707 -1
162 719 -1
162 829 -1
162 850 1
162 851 1
162 852 1
163 720 -1
163 729 -1
163 839 -1
163 853 1
163 854 1
163 855 1
164 696 -1
164 743 -1
164 856 1
164 857 1
164 858 1
165 697 -1
165 708 -1
165 735 -1
165 744 -1
165 748 -1
165 847 -1
165 856 -1
165 859 1
165 860 1
165 861 1
165 862 1
165 863 1
165 864 1
165 865 1
166 709 -1
166 749 -1
166 859 -1
166 866 1
166 867 1
166 868 1
167 710 -1
167 721 -1
167 738 -1
167 750 -1
167 755 -1
167 850 -1
167 866 -1
167 869 1
167 870 1
167 871 1
167 872 1
167 873 1
167 874 1
167 875 1
168 722 -1
168 756 -1
168 869 -1
168 876 1
168 877 1
168 878 1
169 723 -1
169 730 -1
169 741 -1
169 757 -1
169 761 -1
169 853 -1
169 876 -1
169 879 1
169 880 1
169 881 1
169 882 1
169 883 1
169 884 1
169 885 1
170 731 -1
170 762 -1
170 879 -1
170 886 1
170 887 1
171 745 -1
171 751 -1
171 860 -1
171 888 1
171 889 1
172 752 -1
172 758 -1
172 870 -1
172 890 1
172 891 1
173 759 -1
173 763 -1
173 880 -1
173 892 1
173 893 1
174 602 -1
174 766 -1
174 775 -1
174 779 -1
174 894 1
174 895 1
174 896 1
175 612 -1
175 767 -1
175 769 -1
175 780 -1
175 785 -1
175 789 -1
175 894 -1
175 897 1
175 898 1
175 899 1
175 900 1
176 622 -1
176 770 -1
176 772 -1
176 790 -1
176 795 -1
176 799 -1
176 897 -1
176 901 1
176 902 1
176 903 1
176 904 1
177 628 -1
177 773 -1
177 800 -1
177 804 -1
177 901 -1
177 905 1
177 906 1
178 781 -1
178 895 -1
178 898 -1
178 907 1
178 908 1
179 791 -1
179 899 -1
179 902 -1
179 909 1
179 910 1
180 801 -1
180 903 -1
180 905 -1
180 911 1
180 912 1
181 646 -1
181 776 -1
181 782 -1
181 807 -1
181 816 -1
181 820 -1
181 896 -1
181 907 -1
181 913 1
181 914 1
181 915 1
182 659 -1
182 783 -1
182 786 -1
182 792 -1
182 808 -1
182 810 -1
182 821 -1
182 826 -1
182 830 -1
182 900 -1
182 908 -1
182 909 -1
182 913 -1
182 916 1
182 917 1
182 918 1
182 919 1
183 672 -1
183 793 -1
183 796 -1
183 802 -1
183 811 -1
183 813 -1
183 831 -1
183 836 -1
183 840 -1
183 904 -1
183 910 -1
183 911 -1
183 916 -1
183 920 1
183 921 1
183 922 1
183 923 1
184 680 -1
184 803 -1
184 805 -1
184 814 -1
184 841 -1
184 845 -1
184 906 -1
184 912 -1
184 920 -1
184 924 1
184 925 1
185 822 -1
185 914 -1
185 917 -1
185 926 1
185 927 1
186 832 -1
186 918 -1
186 921 -1
186 928 1
186 929 1
187 842 -1
187 922 -1
187 924 -1
187 930 1
187 931 1
188 698 -1
188 817 -1
188 823 -1
188 848 -1
188 857 -1
188 861 -1
188 915 -1
188 926 -1
188 932 1
188 933 1
188 934 1
189 711 -1
189 824 -1
189 827 -1
189 833 -1
189 849 -1
189 851 -1
189 862 -1
189 867 -1
189 871 -1
189 919 -1
189 927 -1
189 928 -1
189 932 -1
189 935 1
189 936 1
189 937 1
189 938 1
190 724 -1
190 834 -1
190 837 -1
190 843 -1
190 852 -1
190 854 -1
190 872 -1
190 877 -1
190 881 -1
190 923 -1
190 929 -1
190 930 -1
190 935 -1
190 939 1
190 940 1
190 941 1
190 942 1
191 732 -1
191 844 -1
191 846 -1
191 855 -1
191 882 -1
191 886 -1
191 925 -1
191 931 -1
191 939 -1
191 943 1
191 944 1
192 863 -1
192 933 -1
192 936 -1
192 945 1
192 946 1
193 873 -1
193 937 -1
193 940 -1
193 947 1
193 948 1
194 883 -1
194 941 -1
194 943 -1
194 949 1
194 950 1
195 746 -1
195 858 -1
195 864 -1
195 888 -1
195 934 -1
195 945 -1
195 951 1
196 753 -1
196 865 -1
196 868 -1
196 874 -1
196 889 -1
196 890 -1
196 938 -1
196 946 -1
196 947 -1
196 951 -1
196 952 1
197 760 -1
197 875 -1
197 878 -1
197 884 -1
197 891 -1
197 892 -1
197 942 -1
197 948 -1
197 949 -1
197 952 -1
197 953 1
198 764 -1
198 885 -1
198 887 -1
198 893 -1
198 944 -1
198 950 -1
198 953 -1
