# B21
0 0 1
0 1 1
0 2 1
1 0 -1
1 3 1
1 4 1
2 3 -1
2 5 1
2 6 1
3 1 -1
3 7 1
3 8 1
4 5 -1
4 9 1
4 10 1
5 2 -1
5 4 -1
5 6 -1
5 7 -1
5 9 -1
5 11 1
6 8 -1
6 10 -1
6 11 -1
7 12 1
7 13 1
7 14 1
8 0 1
8 15 1
8 16 1
9 12 -1
9 17 1
9 18 1
10 15 -1
10 17 -1
10 19 1
10 20 1
10 21 1
11 1 1
11 22 1
11 23 1
12 13 -1
12 24 1
12 25 1
13 2 1
13 16 -1
13 19 -1
13 22 -1
13 26 1
13 27 1
14 20 -1
14 26 -1
14 28 1
14 29 1
15 14 -1
15 18 -1
15 21 -1
15 24 -1
15 28 -1
15 30 1
16 23 -1
16 25 -1
16 27 -1
16 29 -1
16 30 -1
17 31 1
17 32 1
17 33 1
18 12 1
18 34 1
18 35 1
19 31 -1
19 36 1
19 37 1
20 34 -1
20 36 -1
20 38 1
20 39 1
20 40 1
21 13 1
21 41 1
21 42 1
22 32 -1
22 43 1
22 44 1
23 14 1
23 35 -1
23 38 -1
23 41 -1
23 45 1
23 46 1
24 39 -1
24 45 -1
24 47 1
24 48 1
25 33 -1
25 37 -1
25 40 -1
25 43 -1
25 47 -1
25 49 1
26 42 -1
26 44 -1
26 46 -1
26 48 -1
26 49 -1
27 31 1
27 50 1
27 51 1
28 50 -1
28 52 1
28 53 1
29 32 1
29 54 1
29 55 1
30 33 1
30 51 -1
30 52 -1
30 54 -1
30 56 1
30 57 1
31 53 -1
31 56 -1
31 58 1
32 55 -1
32 57 -1
32 58 -1
33 3 1
33 59 1
33 60 1
34 15 1
34 59 -1
34 61 1
35 4 1
35 16 1
35 60 -1
35 61 -1
36 17 1
36 62 1
36 63 1
37 34 1
37 62 -1
37 64 1
38 18 1
38 35 1
38 63 -1
38 64 -1
39 36 1
39 65 1
39 66 1
40 50 1
40 65 -1
40 67 1
41 37 1
41 51 1
41 66 -1
41 67 -1
42 59 1
42 68 1
42 69 1
42 70 1
42 71 1
43 68 -1
43 72 1
43 73 1
44 72 -1
44 74 1
44 75 1
45 5 1
45 76 1
45 77 1
46 6 1
46 60 1
46 69 -1
46 76 -1
46 78 1
46 79 1
47 70 -1
47 78 -1
47 80 1
47 81 1
48 74 -1
48 82 1
48 83 1
49 71 -1
49 73 -1
49 75 -1
49 80 -1
49 82 -1
49 84 1
50 77 -1
50 79 -1
50 81 -1
50 83 -1
50 84 -1
51 62 1
51 85 1
51 86 1
51 87 1
51 88 1
52 68 1
52 89 1
52 90 1
53 85 -1
53 91 1
53 92 1
54 89 -1
54 91 -1
54 93 1
54 94 1
54 95 1
55 19 1
55 61 1
55 69 1
55 96 1
55 97 1
55 98 1
56 20 1
56 96 -1
56 99 1
56 100 1
57 21 1
57 63 1
57 86 -1
57 99 -1
57 101 1
57 102 1
58 70 1
58 97 -1
58 103 1
58 104 1
59 87 -1
59 101 -1
59 105 1
59 106 1
60 71 1
60 90 -1
60 93 -1
60 103 -1
60 107 1
60 108 1
61 94 -1
61 107 -1
61 109 1
61 110 1
62 88 -1
62 92 -1
62 95 -1
62 105 -1
62 109 -1
62 111 1
63 98 -1
63 100 -1
63 102 -1
63 104 -1
63 106 -1
63 108 -1
63 110 -1
63 111 -1
64 65 1
64 112 1
64 113 1
64 114 1
64 115 1
65 85 1
65 116 1
65 117 1
66 112 -1
66 118 1
66 119 1
67 116 -1
67 118 -1
67 120 1
67 121 1
67 122 1
68 38 1
68 64 1
68 86 1
68 123 1
68 124 1
68 125 1
69 39 1
69 123 -1
69 126 1
69 127 1
70 40 1
70 66 1
70 113 -1
70 126 -1
70 128 1
70 129 1
71 87 1
71 124 -1
71 130 1
71 131 1
72 114 -1
72 128 -1
72 132 1
72 133 1
73 88 1
73 117 -1
73 120 -1
73 130 -1
73 134 1
73 135 1
74 121 -1
74 134 -1
74 136 1
74 137 1
75 115 -1
75 119 -1
75 122 -1
75 132 -1
75 136 -1
75 138 1
76 125 -1
76 127 -1
76 129 -1
76 131 -1
76 133 -1
76 135 -1
76 137 -1
76 138 -1
77 112 1
77 139 1
77 140 1
78 139 -1
78 141 1
78 142 1
79 52 1
79 67 1
79 113 1
79 143 1
79 144 1
79 145 1
80 53 1
80 143 -1
80 146 1
81 114 1
81 144 -1
81 147 1
81 148 1
82 115 1
82 140 -1
82 141 -1
82 147 -1
82 149 1
82 150 1
83 142 -1
83 149 -1
83 151 1
84 145 -1
84 146 -1
84 148 -1
84 150 -1
84 151 -1
85 72 1
85 152 1
85 153 1
86 89 1
86 152 -1
86 154 1
87 73 1
87 90 1
87 153 -1
87 154 -1
88 91 1
88 155 1
88 156 1
89 116 1
89 155 -1
89 157 1
90 92 1
90 117 1
90 156 -1
90 157 -1
91 118 1
91 158 1
91 159 1
92 139 1
92 158 -1
92 160 1
93 119 1
93 140 1
93 159 -1
93 160 -1
94 152 1
94 161 1
94 162 1
94 163 1
94 164 1
95 161 -1
95 165 1
95 166 1
96 165 -1
96 167 1
96 168 1
97 74 1
97 169 1
97 170 1
98 75 1
98 153 1
98 162 -1
98 169 -1
98 171 1
98 172 1
99 163 -1
99 171 -1
99 173 1
99 174 1
100 167 -1
100 175 1
100 176 1
101 164 -1
101 166 -1
101 168 -1
101 173 -1
101 175 -1
101 177 1
102 170 -1
102 172 -1
102 174 -1
102 176 -1
102 177 -1
103 155 1
103 178 1
103 179 1
103 180 1
103 181 1
104 161 1
104 182 1
104 183 1
105 178 -1
105 184 1
105 185 1
106 182 -1
106 184 -1
106 186 1
106 187 1
106 188 1
107 93 1
107 154 1
107 162 1
107 189 1
107 190 1
107 191 1
108 94 1
108 189 -1
108 192 1
108 193 1
109 95 1
109 156 1
109 179 -1
109 192 -1
109 194 1
109 195 1
110 163 1
110 190 -1
110 196 1
110 197 1
111 180 -1
111 194 -1
111 198 1
111 199 1
112 164 1
112 183 -1
112 186 -1
112 196 -1
112 200 1
112 201 1
113 187 -1
113 200 -1
113 202 1
113 203 1
114 181 -1
114 185 -1
114 188 -1
114 198 -1
114 202 -1
114 204 1
115 191 -1
115 193 -1
115 195 -1
115 197 -1
115 199 -1
115 201 -1
115 203 -1
115 204 -1
116 158 1
116 205 1
116 206 1
116 207 1
116 208 1
117 178 1
117 209 1
117 210 1
118 205 -1
118 211 1
118 212 1
119 209 -1
119 211 -1
119 213 1
119 214 1
119 215 1
120 120 1
120 157 1
120 179 1
120 216 1
120 217 1
120 218 1
121 121 1
121 216 -1
121 219 1
121 220 1
122 122 1
122 159 1
122 206 -1
122 219 -1
122 221 1
122 222 1
123 180 1
123 217 -1
123 223 1
123 224 1
124 207 -1
124 221 -1
124 225 1
124 226 1
125 181 1
125 210 -1
125 213 -1
125 223 -1
125 227 1
125 228 1
126 214 -1
126 227 -1
126 229 1
126 230 1
127 208 -1
127 212 -1
127 215 -1
127 225 -1
127 229 -1
127 231 1
128 218 -1
128 220 -1
128 222 -1
128 224 -1
128 226 -1
128 228 -1
128 230 -1
128 231 -1
129 205 1
129 232 1
129 233 1
130 232 -1
130 234 1
130 235 1
131 141 1
131 160 1
131 206 1
131 236 1
131 237 1
131 238 1
132 142 1
132 236 -1
132 239 1
133 207 1
133 237 -1
133 240 1
133 241 1
134 208 1
134 233 -1
134 234 -1
134 240 -1
134 242 1
134 243 1
135 235 -1
135 242 -1
135 244 1
136 238 -1
136 239 -1
136 241 -1
136 243 -1
136 244 -1
137 165 1
137 245 1
137 246 1
138 182 1
138 245 -1
138 247 1
139 166 1
139 183 1
139 246 -1
139 247 -1
140 184 1
140 248 1
140 249 1
141 209 1
141 248 -1
141 250 1
142 185 1
142 210 1
142 249 -1
142 250 -1
143 211 1
143 251 1
143 252 1
144 232 1
144 251 -1
144 253 1
145 212 1
145 233 1
145 252 -1
145 253 -1
146 245 1
146 254 1
146 255 1
147 167 1
147 256 1
147 257 1
148 168 1
148 246 1
148 254 -1
148 256 -1
148 258 1
148 259 1
149 255 -1
149 258 -1
149 260 1
150 257 -1
150 259 -1
150 260 -1
151 248 1
151 261 1
151 262 1
152 186 1
152 247 1
152 254 1
152 263 1
152 264 1
152 265 1
153 187 1
153 263 -1
153 266 1
153 267 1
154 188 1
154 249 1
154 261 -1
154 266 -1
154 268 1
154 269 1
155 255 1
155 264 -1
155 270 1
156 262 -1
156 268 -1
156 271 1
157 265 -1
157 267 -1
157 269 -1
157 270 -1
157 271 -1
158 251 1
158 272 1
158 273 1
159 213 1
159 250 1
159 261 1
159 274 1
159 275 1
159 276 1
160 214 1
160 274 -1
160 277 1
160 278 1
161 215 1
161 252 1
161 272 -1
161 277 -1
161 279 1
161 280 1
162 262 1
162 275 -1
162 281 1
163 273 -1
163 279 -1
163 282 1
164 276 -1
164 278 -1
164 280 -1
164 281 -1
164 282 -1
165 234 1
165 253 1
165 272 1
165 283 1
165 284 1
165 285 1
166 235 1
166 283 -1
166 286 1
167 273 1
167 284 -1
167 287 1
168 285 -1
168 286 -1
168 287 -1
169 7 1
169 22 1
169 288 1
169 289 1
170 8 1
170 288 -1
170 290 1
171 23 1
171 289 -1
171 290 -1
172 24 1
172 41 1
172 291 1
172 292 1
173 25 1
173 291 -1
173 293 1
174 42 1
174 292 -1
174 293 -1
175 43 1
175 54 1
175 294 1
175 295 1
176 44 1
176 294 -1
176 296 1
177 55 1
177 295 -1
177 296 -1
178 9 1
178 76 1
178 297 1
178 298 1
179 10 1
179 297 -1
179 299 1
180 77 1
180 298 -1
180 299 -1
181 26 1
181 96 1
181 300 1
181 301 1
182 78 1
182 97 1
182 302 1
182 303 1
183 11 1
183 288 1
183 297 1
183 304 1
183 305 1
183 306 1
184 27 1
184 289 1
184 300 -1
184 304 -1
184 307 1
184 308 1
185 305 -1
185 307 -1
185 309 1
185 310 1
186 79 1
186 298 1
186 302 -1
186 306 -1
186 309 -1
186 311 1
187 98 1
187 301 -1
187 303 -1
187 308 -1
187 310 -1
187 311 -1
188 28 1
188 99 1
188 312 1
188 313 1
189 29 1
189 300 1
189 312 -1
189 314 1
190 100 1
190 301 1
190 313 -1
190 314 -1
191 45 1
191 123 1
191 315 1
191 316 1
192 101 1
192 124 1
192 317 1
192 318 1
193 30 1
193 291 1
193 312 1
193 319 1
193 320 1
193 321 1
194 46 1
194 292 1
194 315 -1
194 319 -1
194 322 1
194 323 1
195 320 -1
195 322 -1
195 324 1
195 325 1
196 102 1
196 313 1
196 317 -1
196 321 -1
196 324 -1
196 326 1
197 125 1
197 316 -1
197 318 -1
197 323 -1
197 325 -1
197 326 -1
198 47 1
198 126 1
198 327 1
198 328 1
199 48 1
199 315 1
199 327 -1
199 329 1
200 127 1
200 316 1
200 328 -1
200 329 -1
201 56 1
201 143 1
201 330 1
201 331 1
202 128 1
202 144 1
202 332 1
202 333 1
203 49 1
203 294 1
203 327 1
203 334 1
203 335 1
203 336 1
204 57 1
204 295 1
204 330 -1
204 334 -1
204 337 1
204 338 1
205 335 -1
205 337 -1
205 339 1
205 340 1
206 129 1
206 328 1
206 332 -1
206 336 -1
206 339 -1
206 341 1
207 145 1
207 331 -1
207 333 -1
207 338 -1
207 340 -1
207 341 -1
208 58 1
208 330 1
208 342 1
209 146 1
209 331 1
209 342 -1
210 80 1
210 103 1
210 343 1
210 344 1
211 81 1
211 302 1
211 343 -1
211 345 1
212 104 1
212 303 1
212 344 -1
212 345 -1
213 105 1
213 130 1
213 346 1
213 347 1
214 106 1
214 317 1
214 346 -1
214 348 1
215 131 1
215 318 1
215 347 -1
215 348 -1
216 132 1
216 147 1
216 349 1
216 350 1
217 133 1
217 332 1
217 349 -1
217 351 1
218 148 1
218 333 1
218 350 -1
218 351 -1
219 82 1
219 169 1
219 352 1
219 353 1
220 83 1
220 352 -1
220 354 1
221 170 1
221 353 -1
221 354 -1
222 107 1
222 189 1
222 355 1
222 356 1
223 171 1
223 190 1
223 357 1
223 358 1
224 84 1
224 343 1
224 352 1
224 359 1
224 360 1
224 361 1
225 108 1
225 344 1
225 355 -1
225 359 -1
225 362 1
225 363 1
226 360 -1
226 362 -1
226 364 1
226 365 1
227 172 1
227 353 1
227 357 -1
227 361 -1
227 364 -1
227 366 1
228 191 1
228 356 -1
228 358 -1
228 363 -1
228 365 -1
228 366 -1
229 109 1
229 192 1
229 367 1
229 368 1
230 110 1
230 355 1
230 367 -1
230 369 1
231 193 1
231 356 1
231 368 -1
231 369 -1
232 134 1
232 216 1
232 370 1
232 371 1
233 194 1
233 217 1
233 372 1
233 373 1
234 111 1
234 346 1
234 367 1
234 374 1
234 375 1
234 376 1
235 135 1
235 347 1
235 370 -1
235 374 -1
235 377 1
235 378 1
236 375 -1
236 377 -1
236 379 1
236 380 1
237 195 1
237 368 1
237 372 -1
237 376 -1
237 379 -1
237 381 1
238 218 1
238 371 -1
238 373 -1
238 378 -1
238 380 -1
238 381 -1
239 136 1
239 219 1
239 382 1
239 383 1
240 137 1
240 370 1
240 382 -1
240 384 1
241 220 1
241 371 1
241 383 -1
241 384 -1
242 149 1
242 236 1
242 385 1
242 386 1
243 221 1
243 237 1
243 387 1
243 388 1
244 138 1
244 349 1
244 382 1
244 389 1
244 390 1
244 391 1
245 150 1
245 350 1
245 385 -1
245 389 -1
245 392 1
245 393 1
246 390 -1
246 392 -1
246 394 1
246 395 1
247 222 1
247 383 1
247 387 -1
247 391 -1
247 394 -1
247 396 1
248 238 1
248 386 -1
248 388 -1
248 393 -1
248 395 -1
248 396 -1
249 151 1
249 385 1
249 397 1
250 239 1
250 386 1
250 397 -1
251 173 1
251 196 1
251 398 1
251 399 1
252 174 1
252 357 1
252 398 -1
252 400 1
253 197 1
253 358 1
253 399 -1
253 400 -1
254 198 1
254 223 1
254 401 1
254 402 1
255 199 1
255 372 1
255 401 -1
255 403 1
256 224 1
256 373 1
256 402 -1
256 403 -1
257 225 1
257 240 1
257 404 1
257 405 1
258 226 1
258 387 1
258 404 -1
258 406 1
259 241 1
259 388 1
259 405 -1
259 406 -1
260 175 1
260 256 1
260 407 1
260 408 1
261 176 1
261 407 -1
261 409 1
262 257 1
262 408 -1
262 409 -1
263 200 1
263 263 1
263 410 1
263 411 1
264 258 1
264 264 1
264 412 1
264 413 1
265 177 1
265 398 1
265 407 1
265 414 1
265 415 1
265 416 1
266 201 1
266 399 1
266 410 -1
266 414 -1
266 417 1
266 418 1
267 415 -1
267 417 -1
267 419 1
267 420 1
268 259 1
268 408 1
268 412 -1
268 416 -1
268 419 -1
268 421 1
269 265 1
269 411 -1
269 413 -1
269 418 -1
269 420 -1
269 421 -1
270 202 1
270 266 1
270 422 1
270 423 1
271 203 1
271 410 1
271 422 -1
271 424 1
272 267 1
272 411 1
272 423 -1
272 424 -1
273 227 1
273 274 1
273 425 1
273 426 1
274 268 1
274 275 1
274 427 1
274 428 1
275 204 1
275 401 1
275 422 1
275 429 1
275 430 1
275 431 1
276 228 1
276 402 1
276 425 -1
276 429 -1
276 432 1
276 433 1
277 430 -1
277 432 -1
277 434 1
277 435 1
278 269 1
278 423 1
278 427 -1
278 431 -1
278 434 -1
278 436 1
279 276 1
279 426 -1
279 428 -1
279 433 -1
279 435 -1
279 436 -1
280 229 1
280 277 1
280 437 1
280 438 1
281 230 1
281 425 1
281 437 -1
281 439 1
282 278 1
282 426 1
282 438 -1
282 439 -1
283 242 1
283 283 1
283 440 1
283 441 1
284 279 1
284 284 1
284 442 1
284 443 1
285 231 1
285 404 1
285 437 1
285 444 1
285 445 1
285 446 1
286 243 1
286 405 1
286 440 -1
286 444 -1
286 447 1
286 448 1
287 445 -1
287 447 -1
287 449 1
287 450 1
288 280 1
288 438 1
288 442 -1
288 446 -1
288 449 -1
288 451 1
289 285 1
289 441 -1
289 443 -1
289 448 -1
289 450 -1
289 451 -1
290 244 1
290 440 1
290 452 1
291 286 1
291 441 1
291 452 -1
292 260 1
292 412 1
292 453 1
293 270 1
293 413 1
293 453 -1
294 271 1
294 427 1
294 454 1
295 281 1
295 428 1
295 454 -1
296 282 1
296 442 1
296 455 1
297 287 1
297 443 1
297 455 -1
298 290 1
298 304 1
298 456 1
298 457 1
298 458 1
299 305 1
299 456 -1
299 459 1
299 460 1
300 299 1
300 306 1
300 459 -1
300 461 1
300 462 1
301 457 -1
301 463 1
301 464 1
302 461 -1
302 465 1
302 466 1
303 458 -1
303 460 -1
303 462 -1
303 463 -1
303 465 -1
303 467 1
304 464 -1
304 466 -1
304 467 -1
305 293 1
305 319 1
305 468 1
305 469 1
305 470 1
306 307 1
306 456 1
306 471 1
306 472 1
307 320 1
307 468 -1
307 473 1
307 474 1
308 308 1
308 314 1
308 321 1
308 471 -1
308 473 -1
308 475 1
308 476 1
308 477 1
309 457 1
309 478 1
309 479 1
310 469 -1
310 480 1
310 481 1
311 458 1
311 472 -1
311 475 -1
311 478 -1
311 482 1
311 483 1
312 476 -1
312 482 -1
312 484 1
312 485 1
313 470 -1
313 474 -1
313 477 -1
313 480 -1
313 484 -1
313 486 1
314 479 -1
314 481 -1
314 483 -1
314 485 -1
314 486 -1
315 296 1
315 334 1
315 487 1
315 488 1
315 489 1
316 322 1
316 468 1
316 490 1
316 491 1
317 335 1
317 487 -1
317 492 1
317 493 1
318 323 1
318 329 1
318 336 1
318 490 -1
318 492 -1
318 494 1
318 495 1
318 496 1
319 469 1
319 497 1
319 498 1
320 488 -1
320 499 1
320 500 1
321 470 1
321 491 -1
321 494 -1
321 497 -1
321 501 1
321 502 1
322 495 -1
322 501 -1
322 503 1
322 504 1
323 489 -1
323 493 -1
323 496 -1
323 499 -1
323 503 -1
323 505 1
324 498 -1
324 500 -1
324 502 -1
324 504 -1
324 505 -1
325 337 1
325 487 1
325 506 1
325 507 1
326 338 1
326 342 1
326 506 -1
326 508 1
326 509 1
327 488 1
327 510 1
327 511 1
328 489 1
328 507 -1
328 508 -1
328 510 -1
328 512 1
328 513 1
329 509 -1
329 512 -1
329 514 1
330 511 -1
330 513 -1
330 514 -1
331 309 1
331 459 1
331 515 1
331 516 1
332 310 1
332 471 1
332 515 -1
332 517 1
333 460 1
333 472 1
333 516 -1
333 517 -1
334 324 1
334 473 1
334 518 1
334 519 1
335 325 1
335 490 1
335 518 -1
335 520 1
336 474 1
336 491 1
336 519 -1
336 520 -1
337 339 1
337 492 1
337 521 1
337 522 1
338 340 1
338 506 1
338 521 -1
338 523 1
339 493 1
339 507 1
339 522 -1
339 523 -1
340 311 1
340 345 1
340 359 1
340 515 1
340 524 1
340 525 1
340 526 1
340 527 1
341 360 1
341 524 -1
341 528 1
341 529 1
342 354 1
342 361 1
342 528 -1
342 530 1
342 531 1
343 461 1
343 532 1
343 533 1
344 462 1
344 516 1
344 525 -1
344 532 -1
344 534 1
344 535 1
345 526 -1
345 534 -1
345 536 1
345 537 1
346 530 -1
346 538 1
346 539 1
347 527 -1
347 529 -1
347 531 -1
347 536 -1
347 538 -1
347 540 1
348 533 -1
348 535 -1
348 537 -1
348 539 -1
348 540 -1
349 326 1
349 348 1
349 374 1
349 518 1
349 541 1
349 542 1
349 543 1
349 544 1
350 362 1
350 524 1
350 545 1
350 546 1
351 375 1
351 541 -1
351 547 1
351 548 1
352 363 1
352 369 1
352 376 1
352 545 -1
352 547 -1
352 549 1
352 550 1
352 551 1
353 475 1
353 517 1
353 525 1
353 552 1
353 553 1
353 554 1
354 476 1
354 552 -1
354 555 1
354 556 1
355 477 1
355 519 1
355 542 -1
355 555 -1
355 557 1
355 558 1
356 526 1
356 553 -1
356 559 1
356 560 1
357 543 -1
357 557 -1
357 561 1
357 562 1
358 527 1
358 546 -1
358 549 -1
358 559 -1
358 563 1
358 564 1
359 550 -1
359 563 -1
359 565 1
359 566 1
360 544 -1
360 548 -1
360 551 -1
360 561 -1
360 565 -1
360 567 1
361 554 -1
361 556 -1
361 558 -1
361 560 -1
361 562 -1
361 564 -1
361 566 -1
361 567 -1
362 341 1
362 351 1
362 389 1
362 521 1
362 568 1
362 569 1
362 570 1
362 571 1
363 377 1
363 541 1
363 572 1
363 573 1
364 390 1
364 568 -1
364 574 1
364 575 1
365 378 1
365 384 1
365 391 1
365 572 -1
365 574 -1
365 576 1
365 577 1
365 578 1
366 494 1
366 520 1
366 542 1
366 579 1
366 580 1
366 581 1
367 495 1
367 579 -1
367 582 1
367 583 1
368 496 1
368 522 1
368 569 -1
368 582 -1
368 584 1
368 585 1
369 543 1
369 580 -1
369 586 1
369 587 1
370 570 -1
370 584 -1
370 588 1
370 589 1
371 544 1
371 573 -1
371 576 -1
371 586 -1
371 590 1
371 591 1
372 577 -1
372 590 -1
372 592 1
372 593 1
373 571 -1
373 575 -1
373 578 -1
373 588 -1
373 592 -1
373 594 1
374 581 -1
374 583 -1
374 585 -1
374 587 -1
374 589 -1
374 591 -1
374 593 -1
374 594 -1
375 392 1
375 568 1
375 595 1
375 596 1
376 393 1
376 397 1
376 595 -1
376 597 1
376 598 1
377 508 1
377 523 1
377 569 1
377 599 1
377 600 1
377 601 1
378 509 1
378 599 -1
378 602 1
379 570 1
379 600 -1
379 603 1
379 604 1
380 571 1
380 596 -1
380 597 -1
380 603 -1
380 605 1
380 606 1
381 598 -1
381 605 -1
381 607 1
382 601 -1
382 602 -1
382 604 -1
382 606 -1
382 607 -1
383 364 1
383 528 1
383 608 1
383 609 1
384 365 1
384 545 1
384 608 -1
384 610 1
385 529 1
385 546 1
385 609 -1
385 610 -1
386 379 1
386 547 1
386 611 1
386 612 1
387 380 1
387 572 1
387 611 -1
387 613 1
388 548 1
388 573 1
388 612 -1
388 613 -1
389 394 1
389 574 1
389 614 1
389 615 1
390 395 1
390 595 1
390 614 -1
390 616 1
391 575 1
391 596 1
391 615 -1
391 616 -1
392 366 1
392 400 1
392 414 1
392 608 1
392 617 1
392 618 1
392 619 1
392 620 1
393 415 1
393 617 -1
393 621 1
393 622 1
394 409 1
394 416 1
394 621 -1
394 623 1
394 624 1
395 530 1
395 625 1
395 626 1
396 531 1
396 609 1
396 618 -1
396 625 -1
396 627 1
396 628 1
397 619 -1
397 627 -1
397 629 1
397 630 1
398 623 -1
398 631 1
398 632 1
399 620 -1
399 622 -1
399 624 -1
399 629 -1
399 631 -1
399 633 1
400 626 -1
400 628 -1
400 630 -1
400 632 -1
400 633 -1
401 381 1
401 403 1
401 429 1
401 611 1
401 634 1
401 635 1
401 636 1
401 637 1
402 417 1
402 617 1
402 638 1
402 639 1
403 430 1
403 634 -1
403 640 1
403 641 1
404 418 1
404 424 1
404 431 1
404 638 -1
404 640 -1
404 642 1
404 643 1
404 644 1
405 549 1
405 610 1
405 618 1
405 645 1
405 646 1
405 647 1
406 550 1
406 645 -1
406 648 1
406 649 1
407 551 1
407 612 1
407 635 -1
407 648 -1
407 650 1
407 651 1
408 619 1
408 646 -1
408 652 1
408 653 1
409 636 -1
409 650 -1
409 654 1
409 655 1
410 620 1
410 639 -1
410 642 -1
410 652 -1
410 656 1
410 657 1
411 643 -1
411 656 -1
411 658 1
411 659 1
412 637 -1
412 641 -1
412 644 -1
412 654 -1
412 658 -1
412 660 1
413 647 -1
413 649 -1
413 651 -1
413 653 -1
413 655 -1
413 657 -1
413 659 -1
413 660 -1
414 396 1
414 406 1
414 444 1
414 614 1
414 661 1
414 662 1
414 663 1
414 664 1
415 432 1
415 634 1
415 665 1
415 666 1
416 445 1
416 661 -1
416 667 1
416 668 1
417 433 1
417 439 1
417 446 1
417 665 -1
417 667 -1
417 669 1
417 670 1
417 671 1
418 576 1
418 613 1
418 635 1
418 672 1
418 673 1
418 674 1
419 577 1
419 672 -1
419 675 1
419 676 1
420 578 1
420 615 1
420 662 -1
420 675 -1
420 677 1
420 678 1
421 636 1
421 673 -1
421 679 1
421 680 1
422 663 -1
422 677 -1
422 681 1
422 682 1
423 637 1
423 666 -1
423 669 -1
423 679 -1
423 683 1
423 684 1
424 670 -1
424 683 -1
424 685 1
424 686 1
425 664 -1
425 668 -1
425 671 -1
425 681 -1
425 685 -1
425 687 1
426 674 -1
426 676 -1
426 678 -1
426 680 -1
426 682 -1
426 684 -1
426 686 -1
426 687 -1
427 447 1
427 661 1
427 688 1
427 689 1
428 448 1
428 452 1
428 688 -1
428 690 1
428 691 1
429 597 1
429 616 1
429 662 1
429 692 1
429 693 1
429 694 1
430 598 1
430 692 -1
430 695 1
431 663 1
431 693 -1
431 696 1
431 697 1
432 664 1
432 689 -1
432 690 -1
432 696 -1
432 698 1
432 699 1
433 691 -1
433 698 -1
433 700 1
434 694 -1
434 695 -1
434 697 -1
434 699 -1
434 700 -1
435 419 1
435 621 1
435 701 1
435 702 1
436 420 1
436 638 1
436 701 -1
436 703 1
437 622 1
437 639 1
437 702 -1
437 703 -1
438 434 1
438 640 1
438 704 1
438 705 1
439 435 1
439 665 1
439 704 -1
439 706 1
440 641 1
440 666 1
440 705 -1
440 706 -1
441 449 1
441 667 1
441 707 1
441 708 1
442 450 1
442 688 1
442 707 -1
442 709 1
443 668 1
443 689 1
443 708 -1
443 709 -1
444 421 1
444 453 1
444 701 1
444 710 1
444 711 1
445 623 1
445 712 1
445 713 1
446 624 1
446 702 1
446 710 -1
446 712 -1
446 714 1
446 715 1
447 711 -1
447 714 -1
447 716 1
448 713 -1
448 715 -1
448 716 -1
449 436 1
449 454 1
449 704 1
449 717 1
449 718 1
450 642 1
450 703 1
450 710 1
450 719 1
450 720 1
450 721 1
451 643 1
451 719 -1
451 722 1
451 723 1
452 644 1
452 705 1
452 717 -1
452 722 -1
452 724 1
452 725 1
453 711 1
453 720 -1
453 726 1
454 718 -1
454 724 -1
454 727 1
455 721 -1
455 723 -1
455 725 -1
455 726 -1
455 727 -1
456 451 1
456 455 1
456 707 1
456 728 1
456 729 1
457 669 1
457 706 1
457 717 1
457 730 1
457 731 1
457 732 1
458 670 1
458 730 -1
458 733 1
458 734 1
459 671 1
459 708 1
459 728 -1
459 733 -1
459 735 1
459 736 1
460 718 1
460 731 -1
460 737 1
461 729 -1
461 735 -1
461 738 1
462 732 -1
462 734 -1
462 736 -1
462 737 -1
462 738 -1
463 690 1
463 709 1
463 728 1
463 739 1
463 740 1
463 741 1
464 691 1
464 739 -1
464 742 1
465 729 1
465 740 -1
465 743 1
466 741 -1
466 742 -1
466 743 -1
467 463 1
467 478 1
467 744 1
467 745 1
468 464 1
468 744 -1
468 746 1
469 479 1
469 745 -1
469 746 -1
470 480 1
470 497 1
470 747 1
470 748 1
471 481 1
471 747 -1
471 749 1
472 498 1
472 748 -1
472 749 -1
473 499 1
473 510 1
473 750 1
473 751 1
474 500 1
474 750 -1
474 752 1
475 511 1
475 751 -1
475 752 -1
476 465 1
476 532 1
476 753 1
476 754 1
477 466 1
477 753 -1
477 755 1
478 533 1
478 754 -1
478 755 -1
479 482 1
479 552 1
479 756 1
479 757 1
480 534 1
480 553 1
480 758 1
480 759 1
481 467 1
481 744 1
481 753 1
481 760 1
481 761 1
481 762 1
482 483 1
482 745 1
482 756 -1
482 760 -1
482 763 1
482 764 1
483 761 -1
483 763 -1
483 765 1
483 766 1
484 535 1
484 754 1
484 758 -1
484 762 -1
484 765 -1
484 767 1
485 554 1
485 757 -1
485 759 -1
485 764 -1
485 766 -1
485 767 -1
486 484 1
486 555 1
486 768 1
486 769 1
487 485 1
487 756 1
487 768 -1
487 770 1
488 556 1
488 757 1
488 769 -1
488 770 -1
489 501 1
489 579 1
489 771 1
489 772 1
490 557 1
490 580 1
490 773 1
490 774 1
491 486 1
491 747 1
491 768 1
491 775 1
491 776 1
491 777 1
492 502 1
492 748 1
492 771 -1
492 775 -1
492 778 1
492 779 1
493 776 -1
493 778 -1
493 780 1
493 781 1
494 558 1
494 769 1
494 773 -1
494 777 -1
494 780 -1
494 782 1
495 581 1
495 772 -1
495 774 -1
495 779 -1
495 781 -1
495 782 -1
496 503 1
496 582 1
496 783 1
496 784 1
497 504 1
497 771 1
497 783 -1
497 785 1
498 583 1
498 772 1
498 784 -1
498 785 -1
499 512 1
499 599 1
499 786 1
499 787 1
500 584 1
500 600 1
500 788 1
500 789 1
501 505 1
501 750 1
501 783 1
501 790 1
501 791 1
501 792 1
502 513 1
502 751 1
502 786 -1
502 790 -1
502 793 1
502 794 1
503 791 -1
503 793 -1
503 795 1
503 796 1
504 585 1
504 784 1
504 788 -1
504 792 -1
504 795 -1
504 797 1
505 601 1
505 787 -1
505 789 -1
505 794 -1
505 796 -1
505 797 -1
506 514 1
506 786 1
506 798 1
507 602 1
507 787 1
507 798 -1
508 536 1
508 559 1
508 799 1
508 800 1
509 537 1
509 758 1
509 799 -1
509 801 1
510 560 1
510 759 1
510 800 -1
510 801 -1
511 561 1
511 586 1
511 802 1
511 803 1
512 562 1
512 773 1
512 802 -1
512 804 1
513 587 1
513 774 1
513 803 -1
513 804 -1
514 588 1
514 603 1
514 805 1
514 806 1
515 589 1
515 788 1
515 805 -1
515 807 1
516 604 1
516 789 1
516 806 -1
516 807 -1
517 538 1
517 625 1
517 808 1
517 809 1
518 539 1
518 808 -1
518 810 1
519 626 1
519 809 -1
519 810 -1
520 563 1
520 645 1
520 811 1
520 812 1
521 627 1
521 646 1
521 813 1
521 814 1
522 540 1
522 799 1
522 808 1
522 815 1
522 816 1
522 817 1
523 564 1
523 800 1
523 811 -1
523 815 -1
523 818 1
523 819 1
524 816 -1
524 818 -1
524 820 1
524 821 1
525 628 1
525 809 1
525 813 -1
525 817 -1
525 820 -1
525 822 1
526 647 1
526 812 -1
526 814 -1
526 819 -1
526 821 -1
526 822 -1
527 565 1
527 648 1
527 823 1
527 824 1
528 566 1
528 811 1
528 823 -1
528 825 1
529 649 1
529 812 1
529 824 -1
529 825 -1
530 590 1
530 672 1
530 826 1
530 827 1
531 650 1
531 673 1
531 828 1
531 829 1
532 567 1
532 802 1
532 823 1
532 830 1
532 831 1
532 832 1
533 591 1
533 803 1
533 826 -1
533 830 -1
533 833 1
533 834 1
534 831 -1
534 833 -1
534 835 1
534 836 1
535 651 1
535 824 1
535 828 -1
535 832 -1
535 835 -1
535 837 1
536 674 1
536 827 -1
536 829 -1
536 834 -1
536 836 -1
536 837 -1
537 592 1
537 675 1
537 838 1
537 839 1
538 593 1
538 826 1
538 838 -1
538 840 1
539 676 1
539 827 1
539 839 -1
539 840 -1
540 605 1
540 692 1
540 841 1
540 842 1
541 677 1
541 693 1
541 843 1
541 844 1
542 594 1
542 805 1
542 838 1
542 845 1
542 846 1
542 847 1
543 606 1
543 806 1
543 841 -1
543 845 -1
543 848 1
543 849 1
544 846 -1
544 848 -1
544 850 1
544 851 1
545 678 1
545 839 1
545 843 -1
545 847 -1
545 850 -1
545 852 1
546 694 1
546 842 -1
546 844 -1
546 849 -1
546 851 -1
546 852 -1
547 607 1
547 841 1
547 853 1
548 695 1
548 842 1
548 853 -1
549 629 1
549 652 1
549 854 1
549 855 1
550 630 1
550 813 1
550 854 -1
550 856 1
551 653 1
551 814 1
551 855 -1
551 856 -1
552 654 1
552 679 1
552 857 1
552 858 1
553 655 1
553 828 1
553 857 -1
553 859 1
554 680 1
554 829 1
554 858 -1
554 859 -1
555 681 1
555 696 1
555 860 1
555 861 1
556 682 1
556 843 1
556 860 -1
556 862 1
557 697 1
557 844 1
557 861 -1
557 862 -1
558 631 1
558 712 1
558 863 1
558 864 1
559 632 1
559 863 -1
559 865 1
560 713 1
560 864 -1
560 865 -1
561 656 1
561 719 1
561 866 1
561 867 1
562 714 1
562 720 1
562 868 1
562 869 1
563 633 1
563 854 1
563 863 1
563 870 1
563 871 1
563 872 1
564 657 1
564 855 1
564 866 -1
564 870 -1
564 873 1
564 874 1
565 871 -1
565 873 -1
565 875 1
565 876 1
566 715 1
566 864 1
566 868 -1
566 872 -1
566 875 -1
566 877 1
567 721 1
567 867 -1
567 869 -1
567 874 -1
567 876 -1
567 877 -1
568 658 1
568 722 1
568 878 1
568 879 1
569 659 1
569 866 1
569 878 -1
569 880 1
570 723 1
570 867 1
570 879 -1
570 880 -1
571 683 1
571 730 1
571 881 1
571 882 1
572 724 1
572 731 1
572 883 1
572 884 1
573 660 1
573 857 1
573 878 1
573 885 1
573 886 1
573 887 1
574 684 1
574 858 1
574 881 -1
574 885 -1
574 888 1
574 889 1
575 886 -1
575 888 -1
575 890 1
575 891 1
576 725 1
576 879 1
576 883 -1
576 887 -1
576 890 -1
576 892 1
577 732 1
577 882 -1
577 884 -1
577 889 -1
577 891 -1
577 892 -1
578 685 1
578 733 1
578 893 1
578 894 1
579 686 1
579 881 1
579 893 -1
579 895 1
580 734 1
580 882 1
580 894 -1
580 895 -1
581 698 1
581 739 1
581 896 1
581 897 1
582 735 1
582 740 1
582 898 1
582 899 1
583 687 1
583 860 1
583 893 1
583 900 1
583 901 1
583 902 1
584 699 1
584 861 1
584 896 -1
584 900 -1
584 903 1
584 904 1
585 901 -1
585 903 -1
585 905 1
585 906 1
586 736 1
586 894 1
586 898 -1
586 902 -1
586 905 -1
586 907 1
587 741 1
587 897 -1
587 899 -1
587 904 -1
587 906 -1
587 907 -1
588 700 1
588 896 1
588 908 1
589 742 1
589 897 1
589 908 -1
590 716 1
590 868 1
590 909 1
591 726 1
591 869 1
591 909 -1
592 727 1
592 883 1
592 910 1
593 737 1
593 884 1
593 910 -1
594 738 1
594 898 1
594 911 1
595 743 1
595 899 1
595 911 -1
596 746 1
596 760 1
596 912 1
596 913 1
596 914 1
597 761 1
597 912 -1
597 915 1
597 916 1
598 755 1
598 762 1
598 915 -1
598 917 1
598 918 1
599 913 -1
599 919 1
599 920 1
600 917 -1
600 921 1
600 922 1
601 914 -1
601 916 -1
601 918 -1
601 919 -1
601 921 -1
601 923 1
602 920 -1
602 922 -1
602 923 -1
603 749 1
603 775 1
603 924 1
603 925 1
603 926 1
604 763 1
604 912 1
604 927 1
604 928 1
605 776 1
605 924 -1
605 929 1
605 930 1
606 764 1
606 770 1
606 777 1
606 927 -1
606 929 -1
606 931 1
606 932 1
606 933 1
607 913 1
607 934 1
607 935 1
608 925 -1
608 936 1
608 937 1
609 914 1
609 928 -1
609 931 -1
609 934 -1
609 938 1
609 939 1
610 932 -1
610 938 -1
610 940 1
610 941 1
611 926 -1
611 930 -1
611 933 -1
611 936 -1
611 940 -1
611 942 1
612 935 -1
612 937 -1
612 939 -1
612 941 -1
612 942 -1
613 752 1
613 790 1
613 943 1
613 944 1
613 945 1
614 778 1
614 924 1
614 946 1
614 947 1
615 791 1
615 943 -1
615 948 1
615 949 1
616 779 1
616 785 1
616 792 1
616 946 -1
616 948 -1
616 950 1
616 951 1
616 952 1
617 925 1
617 953 1
617 954 1
618 944 -1
618 955 1
618 956 1
619 926 1
619 947 -1
619 950 -1
619 953 -1
619 957 1
619 958 1
620 951 -1
620 957 -1
620 959 1
620 960 1
621 945 -1
621 949 -1
621 952 -1
621 955 -1
621 959 -1
621 961 1
622 954 -1
622 956 -1
622 958 -1
622 960 -1
622 961 -1
623 793 1
623 943 1
623 962 1
623 963 1
624 794 1
624 798 1
624 962 -1
624 964 1
624 965 1
625 944 1
625 966 1
625 967 1
626 945 1
626 963 -1
626 964 -1
626 966 -1
626 968 1
626 969 1
627 965 -1
627 968 -1
627 970 1
628 967 -1
628 969 -1
628 970 -1
629 765 1
629 915 1
629 971 1
629 972 1
630 766 1
630 927 1
630 971 -1
630 973 1
631 916 1
631 928 1
631 972 -1
631 973 -1
632 780 1
632 929 1
632 974 1
632 975 1
633 781 1
633 946 1
633 974 -1
633 976 1
634 930 1
634 947 1
634 975 -1
634 976 -1
635 795 1
635 948 1
635 977 1
635 978 1
636 796 1
636 962 1
636 977 -1
636 979 1
637 949 1
637 963 1
637 978 -1
637 979 -1
638 767 1
638 801 1
638 815 1
638 971 1
638 980 1
638 981 1
638 982 1
638 983 1
639 816 1
639 980 -1
639 984 1
639 985 1
640 810 1
640 817 1
640 984 -1
640 986 1
640 987 1
641 917 1
641 988 1
641 989 1
642 918 1
642 972 1
642 981 -1
642 988 -1
642 990 1
642 991 1
643 982 -1
643 990 -1
643 992 1
643 993 1
644 986 -1
644 994 1
644 995 1
645 983 -1
645 985 -1
645 987 -1
645 992 -1
645 994 -1
645 996 1
646 989 -1
646 991 -1
646 993 -1
646 995 -1
646 996 -1
647 782 1
647 804 1
647 830 1
647 974 1
647 997 1
647 998 1
647 999 1
647 1000 1
648 818 1
648 980 1
648 1001 1
648 1002 1
649 831 1
649 997 -1
649 1003 1
649 1004 1
650 819 1
650 825 1
650 832 1
650 1001 -1
650 1003 -1
650 1005 1
650 1006 1
650 1007 1
651 931 1
651 973 1
651 981 1
651 1008 1
651 1009 1
651 1010 1
652 932 1
652 1008 -1
652 1011 1
652 1012 1
653 933 1
653 975 1
653 998 -1
653 1011 -1
653 1013 1
653 1014 1
654 982 1
654 1009 -1
654 1015 1
654 1016 1
655 999 -1
655 1013 -1
655 1017 1
655 1018 1
656 983 1
656 1002 -1
656 1005 -1
656 1015 -1
656 1019 1
656 1020 1
657 1006 -1
657 1019 -1
657 1021 1
657 1022 1
658 1000 -1
658 1004 -1
658 1007 -1
658 1017 -1
658 1021 -1
658 1023 1
659 1010 -1
659 1012 -1
659 1014 -1
659 1016 -1
659 1018 -1
659 1020 -1
659 1022 -1
659 1023 -1
660 797 1
660 807 1
660 845 1
660 977 1
660 1024 1
660 1025 1
660 1026 1
660 1027 1
661 833 1
661 997 1
661 1028 1
661 1029 1
662 846 1
662 1024 -1
662 1030 1
662 1031 1
663 834 1
663 840 1
663 847 1
663 1028 -1
663 1030 -1
663 1032 1
663 1033 1
663 1034 1
664 950 1
664 976 1
664 998 1
664 1035 1
664 1036 1
664 1037 1
665 951 1
665 1035 -1
665 1038 1
665 1039 1
666 952 1
666 978 1
666 1025 -1
666 1038 -1
666 1040 1
666 1041 1
667 999 1
667 1036 -1
667 1042 1
667 1043 1
668 1026 -1
668 1040 -1
668 1044 1
668 1045 1
669 1000 1
669 1029 -1
669 1032 -1
669 1042 -1
669 1046 1
669 1047 1
670 1033 -1
670 1046 -1
670 1048 1
670 1049 1
671 1027 -1
671 1031 -1
671 1034 -1
671 1044 -1
671 1048 -1
671 1050 1
672 1037 -1
672 1039 -1
672 1041 -1
672 1043 -1
672 1045 -1
672 1047 -1
672 1049 -1
672 1050 -1
673 848 1
673 1024 1
673 1051 1
673 1052 1
674 849 1
674 853 1
674 1051 -1
674 1053 1
674 1054 1
675 964 1
675 979 1
675 1025 1
675 1055 1
675 1056 1
675 1057 1
676 965 1
676 1055 -1
676 1058 1
677 1026 1
677 1056 -1
677 1059 1
677 1060 1
678 1027 1
678 1052 -1
678 1053 -1
678 1059 -1
678 1061 1
678 1062 1
679 1054 -1
679 1061 -1
679 1063 1
680 1057 -1
680 1058 -1
680 1060 -1
680 1062 -1
680 1063 -1
681 820 1
681 984 1
681 1064 1
681 1065 1
682 821 1
682 1001 1
682 1064 -1
682 1066 1
683 985 1
683 1002 1
683 1065 -1
683 1066 -1
684 835 1
684 1003 1
684 1067 1
684 1068 1
685 836 1
685 1028 1
685 1067 -1
685 1069 1
686 1004 1
686 1029 1
686 1068 -1
686 1069 -1
687 850 1
687 1030 1
687 1070 1
687 1071 1
688 851 1
688 1051 1
688 1070 -1
688 1072 1
689 1031 1
689 1052 1
689 1071 -1
689 1072 -1
690 822 1
690 856 1
690 870 1
690 1064 1
690 1073 1
690 1074 1
690 1075 1
690 1076 1
691 871 1
691 1073 -1
691 1077 1
691 1078 1
692 865 1
692 872 1
692 1077 -1
692 1079 1
692 1080 1
693 986 1
693 1081 1
693 1082 1
694 987 1
694 1065 1
694 1074 -1
694 1081 -1
694 1083 1
694 1084 1
695 1075 -1
695 1083 -1
695 1085 1
695 1086 1
696 1079 -1
696 1087 1
696 1088 1
697 1076 -1
697 1078 -1
697 1080 -1
697 1085 -1
697 1087 -1
697 1089 1
698 1082 -1
698 1084 -1
698 1086 -1
698 1088 -1
698 1089 -1
699 837 1
699 859 1
699 885 1
699 1067 1
699 1090 1
699 1091 1
699 1092 1
699 1093 1
700 873 1
700 1073 1
700 1094 1
700 1095 1
701 886 1
701 1090 -1
701 1096 1
701 1097 1
702 874 1
702 880 1
702 887 1
702 1094 -1
702 1096 -1
702 1098 1
702 1099 1
702 1100 1
703 1005 1
703 1066 1
703 1074 1
703 1101 1
703 1102 1
703 1103 1
704 1006 1
704 1101 -1
704 1104 1
704 1105 1
705 1007 1
705 1068 1
705 1091 -1
705 1104 -1
705 1106 1
705 1107 1
706 1075 1
706 1102 -1
706 1108 1
706 1109 1
707 1092 -1
707 1106 -1
707 1110 1
707 1111 1
708 1076 1
708 1095 -1
708 1098 -1
708 1108 -1
708 1112 1
708 1113 1
709 1099 -1
709 1112 -1
709 1114 1
709 1115 1
710 1093 -1
710 1097 -1
710 1100 -1
710 1110 -1
710 1114 -1
710 1116 1
711 1103 -1
711 1105 -1
711 1107 -1
711 1109 -1
711 1111 -1
711 1113 -1
711 1115 -1
711 1116 -1
712 852 1
712 862 1
712 900 1
712 1070 1
712 1117 1
712 1118 1
712 1119 1
712 1120 1
713 888 1
713 1090 1
713 1121 1
713 1122 1
714 901 1
714 1117 -1
714 1123 1
714 1124 1
715 889 1
715 895 1
715 902 1
715 1121 -1
715 1123 -1
715 1125 1
715 1126 1
715 1127 1
716 1032 1
716 1069 1
716 1091 1
716 1128 1
716 1129 1
716 1130 1
717 1033 1
717 1128 -1
717 1131 1
717 1132 1
718 1034 1
718 1071 1
718 1118 -1
718 1131 -1
718 1133 1
718 1134 1
719 1092 1
719 1129 -1
719 1135 1
719 1136 1
720 1119 -1
720 1133 -1
720 1137 1
720 1138 1
721 1093 1
721 1122 -1
721 1125 -1
721 1135 -1
721 1139 1
721 1140 1
722 1126 -1
722 1139 -1
722 1141 1
722 1142 1
723 1120 -1
723 1124 -1
723 1127 -1
723 1137 -1
723 1141 -1
723 1143 1
724 1130 -1
724 1132 -1
724 1134 -1
724 1136 -1
724 1138 -1
724 1140 -1
724 1142 -1
724 1143 -1
725 903 1
725 1117 1
725 1144 1
725 1145 1
726 904 1
726 908 1
726 1144 -1
726 1146 1
726 1147 1
727 1053 1
727 1072 1
727 1118 1
727 1148 1
727 1149 1
727 1150 1
728 1054 1
728 1148 -1
728 1151 1
729 1119 1
729 1149 -1
729 1152 1
729 1153 1
730 1120 1
730 1145 -1
730 1146 -1
730 1152 -1
730 1154 1
730 1155 1
731 1147 -1
731 1154 -1
731 1156 1
732 1150 -1
732 1151 -1
732 1153 -1
732 1155 -1
732 1156 -1
733 875 1
733 1077 1
733 1157 1
733 1158 1
734 876 1
734 1094 1
734 1157 -1
734 1159 1
735 1078 1
735 1095 1
735 1158 -1
735 1159 -1
736 890 1
736 1096 1
736 1160 1
736 1161 1
737 891 1
737 1121 1
737 1160 -1
737 1162 1
738 1097 1
738 1122 1
738 1161 -1
738 1162 -1
739 905 1
739 1123 1
739 1163 1
739 1164 1
740 906 1
740 1144 1
740 1163 -1
740 1165 1
741 1124 1
741 1145 1
741 1164 -1
741 1165 -1
742 877 1
742 909 1
742 1157 1
742 1166 1
742 1167 1
743 1079 1
743 1168 1
743 1169 1
744 1080 1
744 1158 1
744 1166 -1
744 1168 -1
744 1170 1
744 1171 1
745 1167 -1
745 1170 -1
745 1172 1
746 1169 -1
746 1171 -1
746 1172 -1
747 892 1
747 910 1
747 1160 1
747 1173 1
747 1174 1
748 1098 1
748 1159 1
748 1166 1
748 1175 1
748 1176 1
748 1177 1
749 1099 1
749 1175 -1
749 1178 1
749 1179 1
750 1100 1
750 1161 1
750 1173 -1
750 1178 -1
750 1180 1
750 1181 1
751 1167 1
751 1176 -1
751 1182 1
752 1174 -1
752 1180 -1
752 1183 1
753 1177 -1
753 1179 -1
753 1181 -1
753 1182 -1
753 1183 -1
754 907 1
754 911 1
754 1163 1
754 1184 1
754 1185 1
755 1125 1
755 1162 1
755 1173 1
755 1186 1
755 1187 1
755 1188 1
756 1126 1
756 1186 -1
756 1189 1
756 1190 1
757 1127 1
757 1164 1
757 1184 -1
757 1189 -1
757 1191 1
757 1192 1
758 1174 1
758 1187 -1
758 1193 1
759 1185 -1
759 1191 -1
759 1194 1
760 1188 -1
760 1190 -1
760 1192 -1
760 1193 -1
760 1194 -1
761 1146 1
761 1165 1
761 1184 1
761 1195 1
761 1196 1
761 1197 1
762 1147 1
762 1195 -1
762 1198 1
763 1185 1
763 1196 -1
763 1199 1
764 1197 -1
764 1198 -1
764 1199 -1
765 919 1
765 934 1
765 1200 1
765 1201 1
766 920 1
766 1200 -1
766 1202 1
767 935 1
767 1201 -1
767 1202 -1
768 936 1
768 953 1
768 1203 1
768 1204 1
769 937 1
769 1203 -1
769 1205 1
770 954 1
770 1204 -1
770 1205 -1
771 955 1
771 966 1
771 1206 1
771 1207 1
772 956 1
772 1206 -1
772 1208 1
773 967 1
773 1207 -1
773 1208 -1
774 921 1
774 988 1
774 1209 1
774 1210 1
775 922 1
775 1209 -1
775 1211 1
776 989 1
776 1210 -1
776 1211 -1
777 938 1
777 1008 1
777 1212 1
777 1213 1
778 990 1
778 1009 1
778 1214 1
778 1215 1
779 923 1
779 1200 1
779 1209 1
779 1216 1
779 1217 1
779 1218 1
780 939 1
780 1201 1
780 1212 -1
780 1216 -1
780 1219 1
780 1220 1
781 1217 -1
781 1219 -1
781 1221 1
781 1222 1
782 991 1
782 1210 1
782 1214 -1
782 1218 -1
782 1221 -1
782 1223 1
783 1010 1
783 1213 -1
783 1215 -1
783 1220 -1
783 1222 -1
783 1223 -1
784 940 1
784 1011 1
784 1224 1
784 1225 1
785 941 1
785 1212 1
785 1224 -1
785 1226 1
786 1012 1
786 1213 1
786 1225 -1
786 1226 -1
787 957 1
787 1035 1
787 1227 1
787 1228 1
788 1013 1
788 1036 1
788 1229 1
788 1230 1
789 942 1
789 1203 1
789 1224 1
789 1231 1
789 1232 1
789 1233 1
790 958 1
790 1204 1
790 1227 -1
790 1231 -1
790 1234 1
790 1235 1
791 1232 -1
791 1234 -1
791 1236 1
791 1237 1
792 1014 1
792 1225 1
792 1229 -1
792 1233 -1
792 1236 -1
792 1238 1
793 1037 1
793 1228 -1
793 1230 -1
793 1235 -1
793 1237 -1
793 1238 -1
794 959 1
794 1038 1
794 1239 1
794 1240 1
795 960 1
795 1227 1
795 1239 -1
795 1241 1
796 1039 1
796 1228 1
796 1240 -1
796 1241 -1
797 968 1
797 1055 1
797 1242 1
797 1243 1
798 1040 1
798 1056 1
798 1244 1
798 1245 1
799 961 1
799 1206 1
799 1239 1
799 1246 1
799 1247 1
799 1248 1
800 969 1
800 1207 1
800 1242 -1
800 1246 -1
800 1249 1
800 1250 1
801 1247 -1
801 1249 -1
801 1251 1
801 1252 1
802 1041 1
802 1240 1
802 1244 -1
802 1248 -1
802 1251 -1
802 1253 1
803 1057 1
803 1243 -1
803 1245 -1
803 1250 -1
803 1252 -1
803 1253 -1
804 970 1
804 1242 1
804 1254 1
805 1058 1
805 1243 1
805 1254 -1
806 992 1
806 1015 1
806 1255 1
806 1256 1
807 993 1
807 1214 1
807 1255 -1
807 1257 1
808 1016 1
808 1215 1
808 1256 -1
808 1257 -1
809 1017 1
809 1042 1
809 1258 1
809 1259 1
810 1018 1
810 1229 1
810 1258 -1
810 1260 1
811 1043 1
811 1230 1
811 1259 -1
811 1260 -1
812 1044 1
812 1059 1
812 1261 1
812 1262 1
813 1045 1
813 1244 1
813 1261 -1
813 1263 1
814 1060 1
814 1245 1
814 1262 -1
814 1263 -1
815 994 1
815 1081 1
815 1264 1
815 1265 1
816 995 1
816 1264 -1
816 1266 1
817 1082 1
817 1265 -1
817 1266 -1
818 1019 1
818 1101 1
818 1267 1
818 1268 1
819 1083 1
819 1102 1
819 1269 1
819 1270 1
820 996 1
820 1255 1
820 1264 1
820 1271 1
820 1272 1
820 1273 1
821 1020 1
821 1256 1
821 1267 -1
821 1271 -1
821 1274 1
821 1275 1
822 1272 -1
822 1274 -1
822 1276 1
822 1277 1
823 1084 1
823 1265 1
823 1269 -1
823 1273 -1
823 1276 -1
823 1278 1
824 1103 1
824 1268 -1
824 1270 -1
824 1275 -1
824 1277 -1
824 1278 -1
825 1021 1
825 1104 1
825 1279 1
825 1280 1
826 1022 1
826 1267 1
826 1279 -1
826 1281 1
827 1105 1
827 1268 1
827 1280 -1
827 1281 -1
828 1046 1
828 1128 1
828 1282 1
828 1283 1
829 1106 1
829 1129 1
829 1284 1
829 1285 1
830 1023 1
830 1258 1
830 1279 1
830 1286 1
830 1287 1
830 1288 1
831 1047 1
831 1259 1
831 1282 -1
831 1286 -1
831 1289 1
831 1290 1
832 1287 -1
832 1289 -1
832 1291 1
832 1292 1
833 1107 1
833 1280 1
833 1284 -1
833 1288 -1
833 1291 -1
833 1293 1
834 1130 1
834 1283 -1
834 1285 -1
834 1290 -1
834 1292 -1
834 1293 -1
835 1048 1
835 1131 1
835 1294 1
835 1295 1
836 1049 1
836 1282 1
836 1294 -1
836 1296 1
837 1132 1
837 1283 1
837 1295 -1
837 1296 -1
838 1061 1
838 1148 1
838 1297 1
838 1298 1
839 1133 1
839 1149 1
839 1299 1
839 1300 1
840 1050 1
840 1261 1
840 1294 1
840 1301 1
840 1302 1
840 1303 1
841 1062 1
841 1262 1
841 1297 -1
841 1301 -1
841 1304 1
841 1305 1
842 1302 -1
842 1304 -1
842 1306 1
842 1307 1
843 1134 1
843 1295 1
843 1299 -1
843 1303 -1
843 1306 -1
843 1308 1
844 1150 1
844 1298 -1
844 1300 -1
844 1305 -1
844 1307 -1
844 1308 -1
845 1063 1
845 1297 1
845 1309 1
846 1151 1
846 1298 1
846 1309 -1
847 1085 1
847 1108 1
847 1310 1
847 1311 1
848 1086 1
848 1269 1
848 1310 -1
848 1312 1
849 1109 1
849 1270 1
849 1311 -1
849 1312 -1
850 1110 1
850 1135 1
850 1313 1
850 1314 1
851 1111 1
851 1284 1
851 1313 -1
851 1315 1
852 1136 1
852 1285 1
852 1314 -1
852 1315 -1
853 1137 1
853 1152 1
853 1316 1
853 1317 1
854 1138 1
854 1299 1
854 1316 -1
854 1318 1
855 1153 1
855 1300 1
855 1317 -1
855 1318 -1
856 1087 1
856 1168 1
856 1319 1
856 1320 1
857 1088 1
857 1319 -1
857 1321 1
858 1169 1
858 1320 -1
858 1321 -1
859 1112 1
859 1175 1
859 1322 1
859 1323 1
860 1170 1
860 1176 1
860 1324 1
860 1325 1
861 1089 1
861 1310 1
861 1319 1
861 1326 1
861 1327 1
861 1328 1
862 1113 1
862 1311 1
862 1322 -1
862 1326 -1
862 1329 1
862 1330 1
863 1327 -1
863 1329 -1
863 1331 1
863 1332 1
864 1171 1
864 1320 1
864 1324 -1
864 1328 -1
864 1331 -1
864 1333 1
865 1177 1
865 1323 -1
865 1325 -1
865 1330 -1
865 1332 -1
865 1333 -1
866 1114 1
866 1178 1
866 1334 1
866 1335 1
867 1115 1
867 1322 1
867 1334 -1
867 1336 1
868 1179 1
868 1323 1
868 1335 -1
868 1336 -1
869 1139 1
869 1186 1
869 1337 1
869 1338 1
870 1180 1
870 1187 1
870 1339 1
870 1340 1
871 1116 1
871 1313 1
871 1334 1
871 1341 1
871 1342 1
871 1343 1
872 1140 1
872 1314 1
872 1337 -1
872 1341 -1
872 1344 1
872 1345 1
873 1342 -1
873 1344 -1
873 1346 1
873 1347 1
874 1181 1
874 1335 1
874 1339 -1
874 1343 -1
874 1346 -1
874 1348 1
875 1188 1
875 1338 -1
875 1340 -1
875 1345 -1
875 1347 -1
875 1348 -1
876 1141 1
876 1189 1
876 1349 1
876 1350 1
877 1142 1
877 1337 1
877 1349 -1
877 1351 1
878 1190 1
878 1338 1
878 1350 -1
878 1351 -1
879 1154 1
879 1195 1
879 1352 1
879 1353 1
880 1191 1
880 1196 1
880 1354 1
880 1355 1
881 1143 1
881 1316 1
881 1349 1
881 1356 1
881 1357 1
881 1358 1
882 1155 1
882 1317 1
882 1352 -1
882 1356 -1
882 1359 1
882 1360 1
883 1357 -1
883 1359 -1
883 1361 1
883 1362 1
884 1192 1
884 1350 1
884 1354 -1
884 1358 -1
884 1361 -1
884 1363 1
885 1197 1
885 1353 -1
885 1355 -1
885 1360 -1
885 1362 -1
885 1363 -1
886 1156 1
886 1352 1
886 1364 1
887 1198 1
887 1353 1
887 1364 -1
888 1172 1
888 1324 1
888 1365 1
889 1182 1
889 1325 1
889 1365 -1
890 1183 1
890 1339 1
890 1366 1
891 1193 1
891 1340 1
891 1366 -1
892 1194 1
892 1354 1
892 1367 1
893 1199 1
893 1355 1
893 1367 -1
894 1202 1
894 1216 1
894 1368 1
895 1217 1
895 1368 -1
895 1369 1
896 1211 1
896 1218 1
896 1369 -1
897 1205 1
897 1231 1
897 1370 1
898 1219 1
898 1368 1
898 1371 1
899 1232 1
899 1370 -1
899 1372 1
900 1220 1
900 1226 1
900 1233 1
900 1371 -1
900 1372 -1
901 1208 1
901 1246 1
901 1373 1
902 1234 1
902 1370 1
902 1374 1
903 1247 1
903 1373 -1
903 1375 1
904 1235 1
904 1241 1
904 1248 1
904 1374 -1
904 1375 -1
905 1249 1
905 1373 1
905 1376 1
906 1250 1
906 1254 1
906 1376 -1
907 1221 1
907 1369 1
907 1377 1
908 1222 1
908 1371 1
908 1377 -1
909 1236 1
909 1372 1
909 1378 1
910 1237 1
910 1374 1
910 1378 -1
911 1251 1
911 1375 1
911 1379 1
912 1252 1
912 1376 1
912 1379 -1
913 1223 1
913 1257 1
913 1271 1
913 1377 1
913 1380 1
914 1272 1
914 1380 -1
914 1381 1
915 1266 1
915 1273 1
915 1381 -1
916 1238 1
916 1260 1
916 1286 1
916 1378 1
916 1382 1
917 1274 1
917 1380 1
917 1383 1
918 1287 1
918 1382 -1
918 1384 1
919 1275 1
919 1281 1
919 1288 1
919 1383 -1
919 1384 -1
920 1253 1
920 1263 1
920 1301 1
920 1379 1
920 1385 1
921 1289 1
921 1382 1
921 1386 1
922 1302 1
922 1385 -1
922 1387 1
923 1290 1
923 1296 1
923 1303 1
923 1386 -1
923 1387 -1
924 1304 1
924 1385 1
924 1388 1
925 1305 1
925 1309 1
925 1388 -1
926 1276 1
926 1381 1
926 1389 1
927 1277 1
927 1383 1
927 1389 -1
928 1291 1
928 1384 1
928 1390 1
929 1292 1
929 1386 1
929 1390 -1
930 1306 1
930 1387 1
930 1391 1
931 1307 1
931 1388 1
931 1391 -1
932 1278 1
932 1312 1
932 1326 1
932 1389 1
932 1392 1
933 1327 1
933 1392 -1
933 1393 1
934 1321 1
934 1328 1
934 1393 -1
935 1293 1
935 1315 1
935 1341 1
935 1390 1
935 1394 1
936 1329 1
936 1392 1
936 1395 1
937 1342 1
937 1394 -1
937 1396 1
938 1330 1
938 1336 1
938 1343 1
938 1395 -1
938 1396 -1
939 1308 1
939 1318 1
939 1356 1
939 1391 1
939 1397 1
940 1344 1
940 1394 1
940 1398 1
941 1357 1
941 1397 -1
941 1399 1
942 1345 1
942 1351 1
942 1358 1
942 1398 -1
942 1399 -1
943 1359 1
943 1397 1
943 1400 1
944 1360 1
944 1364 1
944 1400 -1
945 1331 1
945 1393 1
945 1401 1
946 1332 1
946 1395 1
946 1401 -1
947 1346 1
947 1396 1
947 1402 1
948 1347 1
948 1398 1
948 1402 -1
949 1361 1
949 1399 1
949 1403 1
950 1362 1
950 1400 1
950 1403 -1
951 1333 1
951 1365 1
951 1401 1
952 1348 1
952 1366 1
952 1402 1
953 1363 1
953 1367 1
953 1403 1
