# B32
0 0 1
1 1 1
2 0 1
2 1 -1
3 2 -1
4 0 -1
4 2 1
5 3 -1
6 2 -1
6 3 1
7 1 1
7 4 -1
8 4 1
9 3 -1
9 5 1
10 5 -1
11 4 -1
11 5 1
12 6 -1
13 7 1
14 6 1
14 7 -1
15 8 1
16 0 1
16 8 -1
17 9 -1
18 6 -1
18 9 1
19 8 1
19 10 -1
20 10 1
20 11 -1
21 9 -1
21 11 1
22 1 -1
22 12 1
23 12 -1
24 7 1
24 13 -1
25 13 1
26 10 -1
26 14 1
27 12 1
27 14 -1
28 11 -1
28 15 1
29 14 1
29 15 -1
30 13 -1
30 15 1
31 16 -1
32 17 1
33 16 1
33 17 -1
34 18 1
35 6 1
35 18 -1
36 19 -1
37 16 -1
37 19 1
38 18 1
38 20 -1
39 20 1
39 21 -1
40 19 -1
40 21 1
41 7 -1
41 22 1
42 22 -1
43 17 1
43 23 -1
44 23 1
45 20 -1
45 24 1
46 22 1
46 24 -1
47 21 -1
47 25 1
48 24 1
48 25 -1
49 23 -1
49 25 1
50 26 1
51 16 1
51 26 -1
52 26 1
52 27 -1
53 27 1
54 17 -1
54 28 1
55 28 -1
56 27 -1
56 29 1
57 28 1
57 29 -1
58 29 1
59 30 1
60 2 1
60 30 -1
61 8 -1
61 30 1
62 31 1
63 9 1
63 31 -1
64 18 -1
64 31 1
65 32 1
66 19 1
66 32 -1
67 26 -1
67 32 1
68 33 -1
69 30 -1
69 34 1
70 34 -1
70 35 1
71 33 1
71 35 -1
72 36 -1
73 33 -1
73 36 1
74 37 -1
75 36 -1
75 37 1
76 3 1
76 38 -1
77 38 1
78 34 1
78 39 -1
79 38 -1
79 39 1
80 35 1
80 40 -1
81 39 -1
81 40 1
82 37 -1
82 41 1
83 41 -1
84 40 -1
84 41 1
85 42 -1
86 31 -1
86 43 1
87 43 -1
87 44 1
88 42 1
88 44 -1
89 45 1
90 33 1
90 45 -1
91 46 -1
92 42 -1
92 46 1
93 45 1
93 47 -1
94 47 1
94 48 -1
95 46 -1
95 48 1
96 10 1
96 49 -1
97 34 -1
97 50 1
98 49 1
98 50 -1
99 11 1
99 51 -1
100 49 -1
100 51 1
101 43 1
101 52 -1
102 51 -1
102 52 1
103 35 -1
103 53 1
104 50 1
104 53 -1
105 44 1
105 54 -1
106 52 -1
106 54 1
107 47 -1
107 55 1
108 53 1
108 55 -1
109 48 -1
109 56 1
110 55 1
110 56 -1
111 54 -1
111 56 1
112 57 -1
113 32 -1
113 58 1
114 58 -1
114 59 1
115 57 1
115 59 -1
116 60 1
117 42 1
117 60 -1
118 61 -1
119 57 -1
119 61 1
120 60 1
120 62 -1
121 62 1
121 63 -1
122 61 -1
122 63 1
123 20 1
123 64 -1
124 43 -1
124 65 1
125 64 1
125 65 -1
126 21 1
126 66 -1
127 64 -1
127 66 1
128 58 1
128 67 -1
129 66 -1
129 67 1
130 44 -1
130 68 1
131 65 1
131 68 -1
132 59 1
132 69 -1
133 67 -1
133 69 1
134 62 -1
134 70 1
135 68 1
135 70 -1
136 63 -1
136 71 1
137 70 1
137 71 -1
138 69 -1
138 71 1
139 72 1
140 57 1
140 72 -1
141 72 1
141 73 -1
142 73 1
143 27 1
143 74 -1
144 58 -1
144 75 1
145 74 1
145 75 -1
146 74 -1
147 59 -1
147 76 1
148 75 1
148 76 -1
149 73 -1
149 77 1
150 76 1
150 77 -1
151 77 1
152 78 1
153 36 1
153 78 -1
154 45 -1
154 78 1
155 79 1
156 46 1
156 79 -1
157 60 -1
157 79 1
158 80 1
159 61 1
159 80 -1
160 72 -1
160 80 1
161 81 -1
162 78 -1
162 82 1
163 82 -1
163 83 1
164 81 1
164 83 -1
165 84 -1
166 81 -1
166 84 1
167 85 -1
168 84 -1
168 85 1
169 37 1
169 86 -1
170 86 1
171 82 1
171 87 -1
172 86 -1
172 87 1
173 83 1
173 88 -1
174 87 -1
174 88 1
175 85 -1
175 89 1
176 89 -1
177 88 -1
177 89 1
178 90 -1
179 79 -1
179 91 1
180 91 -1
180 92 1
181 90 1
181 92 -1
182 93 1
183 81 1
183 93 -1
184 94 -1
185 90 -1
185 94 1
186 93 1
186 95 -1
187 95 1
187 96 -1
188 94 -1
188 96 1
189 47 1
189 97 -1
190 82 -1
190 98 1
191 97 1
191 98 -1
192 48 1
192 99 -1
193 97 -1
193 99 1
194 91 1
194 100 -1
195 99 -1
195 100 1
196 83 -1
196 101 1
197 98 1
197 101 -1
198 92 1
198 102 -1
199 100 -1
199 102 1
200 95 -1
200 103 1
201 101 1
201 103 -1
202 96 -1
202 104 1
203 103 1
203 104 -1
204 102 -1
204 104 1
205 105 -1
206 80 -1
206 106 1
207 106 -1
207 107 1
208 105 1
208 107 -1
209 108 1
210 90 1
210 108 -1
211 109 -1
212 105 -1
212 109 1
213 108 1
213 110 -1
214 110 1
214 111 -1
215 109 -1
215 111 1
216 62 1
216 112 -1
217 91 -1
217 113 1
218 112 1
218 113 -1
219 63 1
219 114 -1
220 112 -1
220 114 1
221 106 1
221 115 -1
222 114 -1
222 115 1
223 92 -1
223 116 1
224 113 1
224 116 -1
225 107 1
225 117 -1
226 115 -1
226 117 1
227 110 -1
227 118 1
228 116 1
228 118 -1
229 111 -1
229 119 1
230 118 1
230 119 -1
231 117 -1
231 119 1
232 120 1
233 105 1
233 120 -1
234 120 1
234 121 -1
235 121 1
236 73 1
236 122 -1
237 106 -1
237 123 1
238 122 1
238 123 -1
239 122 -1
240 107 -1
240 124 1
241 123 1
241 124 -1
242 121 -1
242 125 1
243 124 1
243 125 -1
244 125 1
245 126 1
246 84 1
246 126 -1
247 93 -1
247 126 1
248 127 1
249 94 1
249 127 -1
250 108 -1
250 127 1
251 128 1
252 109 1
252 128 -1
253 120 -1
253 128 1
254 126 -1
254 129 1
255 129 -1
256 85 1
256 130 -1
257 130 1
258 129 1
258 131 -1
259 130 -1
259 131 1
260 131 -1
261 127 -1
261 132 1
262 132 -1
263 95 1
263 133 -1
264 129 -1
264 134 1
265 133 1
265 134 -1
266 96 1
266 135 -1
267 133 -1
267 135 1
268 132 1
268 136 -1
269 135 -1
269 136 1
270 134 1
271 136 -1
272 128 -1
272 137 1
273 137 -1
274 110 1
274 138 -1
275 132 -1
275 139 1
276 138 1
276 139 -1
277 111 1
277 140 -1
278 138 -1
278 140 1
279 137 1
279 141 -1
280 140 -1
280 141 1
281 139 1
282 141 -1
283 121 1
283 142 -1
284 137 -1
284 143 1
285 142 1
285 143 -1
286 142 -1
287 143 1
288 4 1
288 144 -1
289 12 -1
289 144 1
290 144 -1
291 13 1
291 145 -1
292 22 -1
292 145 1
293 145 -1
294 23 1
294 146 -1
295 28 -1
295 146 1
296 146 -1
297 5 -1
297 147 1
298 38 1
298 147 -1
299 147 1
300 14 -1
300 148 1
301 49 1
301 148 -1
302 39 1
302 149 -1
303 50 -1
303 149 1
304 144 1
304 150 -1
305 150 1
305 151 -1
306 147 -1
306 151 1
307 150 -1
307 152 1
308 148 1
308 152 -1
309 151 -1
309 153 1
310 152 1
310 153 -1
311 149 -1
311 153 1
312 15 -1
312 154 1
313 51 1
313 154 -1
314 148 -1
314 154 1
315 24 -1
315 155 1
316 64 1
316 155 -1
317 52 1
317 156 -1
318 65 -1
318 156 1
319 145 1
319 157 -1
320 157 1
320 158 -1
321 154 -1
321 158 1
322 157 -1
322 159 1
323 155 1
323 159 -1
324 158 -1
324 160 1
325 159 1
325 160 -1
326 156 -1
326 160 1
327 25 -1
327 161 1
328 66 1
328 161 -1
329 155 -1
329 161 1
330 29 -1
330 162 1
331 74 1
331 162 -1
332 67 1
332 163 -1
333 75 -1
333 163 1
334 146 1
334 164 -1
335 164 1
335 165 -1
336 161 -1
336 165 1
337 164 -1
337 166 1
338 162 1
338 166 -1
339 165 -1
339 167 1
340 166 1
340 167 -1
341 163 -1
341 167 1
342 162 -1
343 40 1
343 168 -1
344 53 -1
344 168 1
345 149 1
345 168 -1
346 54 1
346 169 -1
347 68 -1
347 169 1
348 156 1
348 169 -1
349 69 1
349 170 -1
350 76 -1
350 170 1
351 163 1
351 170 -1
352 41 -1
352 171 1
353 86 1
353 171 -1
354 171 1
355 55 -1
355 172 1
356 97 1
356 172 -1
357 87 1
357 173 -1
358 98 -1
358 173 1
359 168 1
359 174 -1
360 174 1
360 175 -1
361 171 -1
361 175 1
362 174 -1
362 176 1
363 172 1
363 176 -1
364 175 -1
364 177 1
365 176 1
365 177 -1
366 173 -1
366 177 1
367 56 -1
367 178 1
368 99 1
368 178 -1
369 172 -1
369 178 1
370 70 -1
370 179 1
371 112 1
371 179 -1
372 100 1
372 180 -1
373 113 -1
373 180 1
374 169 1
374 181 -1
375 181 1
375 182 -1
376 178 -1
376 182 1
377 181 -1
377 183 1
378 179 1
378 183 -1
379 182 -1
379 184 1
380 183 1
380 184 -1
381 180 -1
381 184 1
382 71 -1
382 185 1
383 114 1
383 185 -1
384 179 -1
384 185 1
385 77 -1
385 186 1
386 122 1
386 186 -1
387 115 1
387 187 -1
388 123 -1
388 187 1
389 170 1
389 188 -1
390 188 1
390 189 -1
391 185 -1
391 189 1
392 188 -1
392 190 1
393 186 1
393 190 -1
394 189 -1
394 191 1
395 190 1
395 191 -1
396 187 -1
396 191 1
397 186 -1
398 88 1
398 192 -1
399 101 -1
399 192 1
400 173 1
400 192 -1
401 102 1
401 193 -1
402 116 -1
402 193 1
403 180 1
403 193 -1
404 117 1
404 194 -1
405 124 -1
405 194 1
406 187 1
406 194 -1
407 89 -1
407 195 1
408 130 1
408 195 -1
409 195 1
410 103 -1
410 196 1
411 133 1
411 196 -1
412 131 1
412 197 -1
413 134 -1
413 197 1
414 192 1
414 198 -1
415 198 1
415 199 -1
416 195 -1
416 199 1
417 198 -1
417 200 1
418 196 1
418 200 -1
419 199 -1
419 201 1
420 200 1
420 201 -1
421 197 -1
421 201 1
422 104 -1
422 202 1
423 135 1
423 202 -1
424 196 -1
424 202 1
425 118 -1
425 203 1
426 138 1
426 203 -1
427 136 1
427 204 -1
428 139 -1
428 204 1
429 193 1
429 205 -1
430 205 1
430 206 -1
431 202 -1
431 206 1
432 205 -1
432 207 1
433 203 1
433 207 -1
434 206 -1
434 208 1
435 207 1
435 208 -1
436 204 -1
436 208 1
437 119 -1
437 209 1
438 140 1
438 209 -1
439 203 -1
439 209 1
440 125 -1
440 210 1
441 142 1
441 210 -1
442 141 1
442 211 -1
443 143 -1
443 211 1
444 194 1
444 212 -1
445 212 1
445 213 -1
446 209 -1
446 213 1
447 212 -1
447 214 1
448 210 1
448 214 -1
449 213 -1
449 215 1
450 214 1
450 215 -1
451 211 -1
451 215 1
452 210 -1
453 197 1
454 204 1
455 211 1
456 150 1
456 216 -1
457 217 1
458 216 1
458 217 -1
459 151 1
459 218 -1
460 216 -1
460 218 1
461 219 -1
462 218 -1
462 219 1
463 217 1
463 220 -1
464 220 1
465 219 -1
465 221 1
466 221 -1
467 220 -1
467 221 1
468 157 1
468 222 -1
469 223 1
470 222 1
470 223 -1
471 152 -1
471 224 1
472 216 1
472 224 -1
473 158 1
473 225 -1
474 222 -1
474 225 1
475 224 1
475 226 -1
476 226 1
476 227 -1
477 225 -1
477 227 1
478 217 -1
478 228 1
479 228 -1
480 223 1
480 229 -1
481 229 1
482 226 -1
482 230 1
483 228 1
483 230 -1
484 227 -1
484 231 1
485 230 1
485 231 -1
486 229 -1
486 231 1
487 164 1
487 232 -1
488 233 1
489 232 1
489 233 -1
490 159 -1
490 234 1
491 222 1
491 234 -1
492 165 1
492 235 -1
493 232 -1
493 235 1
494 234 1
494 236 -1
495 236 1
495 237 -1
496 235 -1
496 237 1
497 223 -1
497 238 1
498 238 -1
499 233 1
499 239 -1
500 239 1
501 236 -1
501 240 1
502 238 1
502 240 -1
503 237 -1
503 241 1
504 240 1
504 241 -1
505 239 -1
505 241 1
506 166 -1
506 242 1
507 232 1
507 242 -1
508 242 1
508 243 -1
509 243 1
510 233 -1
510 244 1
511 244 -1
512 243 -1
512 245 1
513 244 1
513 245 -1
514 245 1
515 153 -1
515 246 1
516 218 1
516 246 -1
517 224 -1
517 246 1
518 160 -1
518 247 1
519 225 1
519 247 -1
520 234 -1
520 247 1
521 167 -1
521 248 1
522 235 1
522 248 -1
523 242 -1
523 248 1
524 174 1
524 249 -1
525 246 -1
525 250 1
526 250 -1
526 251 1
527 249 1
527 251 -1
528 175 1
528 252 -1
529 249 -1
529 252 1
530 253 -1
531 252 -1
531 253 1
532 219 1
532 254 -1
533 254 1
534 250 1
534 255 -1
535 254 -1
535 255 1
536 251 1
536 256 -1
537 255 -1
537 256 1
538 253 -1
538 257 1
539 257 -1
540 256 -1
540 257 1
541 181 1
541 258 -1
542 247 -1
542 259 1
543 259 -1
543 260 1
544 258 1
544 260 -1
545 176 -1
545 261 1
546 249 1
546 261 -1
547 182 1
547 262 -1
548 258 -1
548 262 1
549 261 1
549 263 -1
550 263 1
550 264 -1
551 262 -1
551 264 1
552 226 1
552 265 -1
553 250 -1
553 266 1
554 265 1
554 266 -1
555 227 1
555 267 -1
556 265 -1
556 267 1
557 259 1
557 268 -1
558 267 -1
558 268 1
559 251 -1
559 269 1
560 266 1
560 269 -1
561 260 1
561 270 -1
562 268 -1
562 270 1
563 263 -1
563 271 1
564 269 1
564 271 -1
565 264 -1
565 272 1
566 271 1
566 272 -1
567 270 -1
567 272 1
568 188 1
568 273 -1
569 248 -1
569 274 1
570 274 -1
570 275 1
571 273 1
571 275 -1
572 183 -1
572 276 1
573 258 1
573 276 -1
574 189 1
574 277 -1
575 273 -1
575 277 1
576 276 1
576 278 -1
577 278 1
577 279 -1
578 277 -1
578 279 1
579 236 1
579 280 -1
580 259 -1
580 281 1
581 280 1
581 281 -1
582 237 1
582 282 -1
583 280 -1
583 282 1
584 274 1
584 283 -1
585 282 -1
585 283 1
586 260 -1
586 284 1
587 281 1
587 284 -1
588 275 1
588 285 -1
589 283 -1
589 285 1
590 278 -1
590 286 1
591 284 1
591 286 -1
592 279 -1
592 287 1
593 286 1
593 287 -1
594 285 -1
594 287 1
595 190 -1
595 288 1
596 273 1
596 288 -1
597 288 1
597 289 -1
598 289 1
599 243 1
599 290 -1
600 274 -1
600 291 1
601 290 1
601 291 -1
602 290 -1
603 275 -1
603 292 1
604 291 1
604 292 -1
605 289 -1
605 293 1
606 292 1
606 293 -1
607 293 1
608 177 -1
608 294 1
609 252 1
609 294 -1
610 261 -1
610 294 1
611 184 -1
611 295 1
612 262 1
612 295 -1
613 276 -1
613 295 1
614 191 -1
614 296 1
615 277 1
615 296 -1
616 288 -1
616 296 1
617 198 1
617 297 -1
618 294 -1
618 298 1
619 298 -1
619 299 1
620 297 1
620 299 -1
621 199 1
621 300 -1
622 297 -1
622 300 1
623 301 -1
624 300 -1
624 301 1
625 253 1
625 302 -1
626 302 1
627 298 1
627 303 -1
628 302 -1
628 303 1
629 299 1
629 304 -1
630 303 -1
630 304 1
631 301 -1
631 305 1
632 305 -1
633 304 -1
633 305 1
634 205 1
634 306 -1
635 295 -1
635 307 1
636 307 -1
636 308 1
637 306 1
637 308 -1
638 200 -1
638 309 1
639 297 1
639 309 -1
640 206 1
640 310 -1
641 306 -1
641 310 1
642 309 1
642 311 -1
643 311 1
643 312 -1
644 310 -1
644 312 1
645 263 1
645 313 -1
646 298 -1
646 314 1
647 313 1
647 314 -1
648 264 1
648 315 -1
649 313 -1
649 315 1
650 307 1
650 316 -1
651 315 -1
651 316 1
652 299 -1
652 317 1
653 314 1
653 317 -1
654 308 1
654 318 -1
655 316 -1
655 318 1
656 311 -1
656 319 1
657 317 1
657 319 -1
658 312 -1
658 320 1
659 319 1
659 320 -1
660 318 -1
660 320 1
661 212 1
661 321 -1
662 296 -1
662 322 1
663 322 -1
663 323 1
664 321 1
664 323 -1
665 207 -1
665 324 1
666 306 1
666 324 -1
667 213 1
667 325 -1
668 321 -1
668 325 1
669 324 1
669 326 -1
670 326 1
670 327 -1
671 325 -1
671 327 1
672 278 1
672 328 -1
673 307 -1
673 329 1
674 328 1
674 329 -1
675 279 1
675 330 -1
676 328 -1
676 330 1
677 322 1
677 331 -1
678 330 -1
678 331 1
679 308 -1
679 332 1
680 329 1
680 332 -1
681 323 1
681 333 -1
682 331 -1
682 333 1
683 326 -1
683 334 1
684 332 1
684 334 -1
685 327 -1
685 335 1
686 334 1
686 335 -1
687 333 -1
687 335 1
688 214 -1
688 336 1
689 321 1
689 336 -1
690 336 1
690 337 -1
691 337 1
692 289 1
692 338 -1
693 322 -1
693 339 1
694 338 1
694 339 -1
695 338 -1
696 323 -1
696 340 1
697 339 1
697 340 -1
698 337 -1
698 341 1
699 340 1
699 341 -1
700 341 1
701 201 -1
701 342 1
702 300 1
702 342 -1
703 309 -1
703 342 1
704 208 -1
704 343 1
705 310 1
705 343 -1
706 324 -1
706 343 1
707 215 -1
707 344 1
708 325 1
708 344 -1
709 336 -1
709 344 1
710 342 -1
710 345 1
711 345 -1
712 301 1
712 346 -1
713 346 1
714 345 1
714 347 -1
715 346 -1
715 347 1
716 347 -1
717 343 -1
717 348 1
718 348 -1
719 311 1
719 349 -1
720 345 -1
720 350 1
721 349 1
721 350 -1
722 312 1
722 351 -1
723 349 -1
723 351 1
724 348 1
724 352 -1
725 351 -1
725 352 1
726 350 1
727 352 -1
728 344 -1
728 353 1
729 353 -1
730 326 1
730 354 -1
731 348 -1
731 355 1
732 354 1
732 355 -1
733 327 1
733 356 -1
734 354 -1
734 356 1
735 353 1
735 357 -1
736 356 -1
736 357 1
737 355 1
738 357 -1
739 337 1
739 358 -1
740 353 -1
740 359 1
741 358 1
741 359 -1
742 358 -1
743 359 1
744 220 1
744 360 -1
745 228 -1
745 360 1
746 360 -1
747 229 1
747 361 -1
748 238 -1
748 361 1
749 361 -1
750 239 1
750 362 -1
751 244 -1
751 362 1
752 362 -1
753 221 -1
753 363 1
754 254 1
754 363 -1
755 363 1
756 230 -1
756 364 1
757 265 1
757 364 -1
758 255 1
758 365 -1
759 266 -1
759 365 1
760 360 1
760 366 -1
761 366 1
761 367 -1
762 363 -1
762 367 1
763 366 -1
763 368 1
764 364 1
764 368 -1
765 367 -1
765 369 1
766 368 1
766 369 -1
767 365 -1
767 369 1
768 231 -1
768 370 1
769 267 1
769 370 -1
770 364 -1
770 370 1
771 240 -1
771 371 1
772 280 1
772 371 -1
773 268 1
773 372 -1
774 281 -1
774 372 1
775 361 1
775 373 -1
776 373 1
776 374 -1
777 370 -1
777 374 1
778 373 -1
778 375 1
779 371 1
779 375 -1
780 374 -1
780 376 1
781 375 1
781 376 -1
782 372 -1
782 376 1
783 241 -1
783 377 1
784 282 1
784 377 -1
785 371 -1
785 377 1
786 245 -1
786 378 1
787 290 1
787 378 -1
788 283 1
788 379 -1
789 291 -1
789 379 1
790 362 1
790 380 -1
791 380 1
791 381 -1
792 377 -1
792 381 1
793 380 -1
793 382 1
794 378 1
794 382 -1
795 381 -1
795 383 1
796 382 1
796 383 -1
797 379 -1
797 383 1
798 378 -1
799 256 1
799 384 -1
800 269 -1
800 384 1
801 365 1
801 384 -1
802 270 1
802 385 -1
803 284 -1
803 385 1
804 372 1
804 385 -1
805 285 1
805 386 -1
806 292 -1
806 386 1
807 379 1
807 386 -1
808 257 -1
808 387 1
809 302 1
809 387 -1
810 387 1
811 271 -1
811 388 1
812 313 1
812 388 -1
813 303 1
813 389 -1
814 314 -1
814 389 1
815 384 1
815 390 -1
816 390 1
816 391 -1
817 387 -1
817 391 1
818 390 -1
818 392 1
819 388 1
819 392 -1
820 391 -1
820 393 1
821 392 1
821 393 -1
822 389 -1
822 393 1
823 272 -1
823 394 1
824 315 1
824 394 -1
825 388 -1
825 394 1
826 286 -1
826 395 1
827 328 1
827 395 -1
828 316 1
828 396 -1
829 329 -1
829 396 1
830 385 1
830 397 -1
831 397 1
831 398 -1
832 394 -1
832 398 1
833 397 -1
833 399 1
834 395 1
834 399 -1
835 398 -1
835 400 1
836 399 1
836 400 -1
837 396 -1
837 400 1
838 287 -1
838 401 1
839 330 1
839 401 -1
840 395 -1
840 401 1
841 293 -1
841 402 1
842 338 1
842 402 -1
843 331 1
843 403 -1
844 339 -1
844 403 1
845 386 1
845 404 -1
846 404 1
846 405 -1
847 401 -1
847 405 1
848 404 -1
848 406 1
849 402 1
849 406 -1
850 405 -1
850 407 1
851 406 1
851 407 -1
852 403 -1
852 407 1
853 402 -1
854 304 1
854 408 -1
855 317 -1
855 408 1
856 389 1
856 408 -1
857 318 1
857 409 -1
858 332 -1
858 409 1
859 396 1
859 409 -1
860 333 1
860 410 -1
861 340 -1
861 410 1
862 403 1
862 410 -1
863 305 -1
863 411 1
864 346 1
864 411 -1
865 411 1
866 319 -1
866 412 1
867 349 1
867 412 -1
868 347 1
868 413 -1
869 350 -1
869 413 1
870 408 1
870 414 -1
871 414 1
871 415 -1
872 411 -1
872 415 1
873 414 -1
873 416 1
874 412 1
874 416 -1
875 415 -1
875 417 1
876 416 1
876 417 -1
877 413 -1
877 417 1
878 320 -1
878 418 1
879 351 1
879 418 -1
880 412 -1
880 418 1
881 334 -1
881 419 1
882 354 1
882 419 -1
883 352 1
883 420 -1
884 355 -1
884 420 1
885 409 1
885 421 -1
886 421 1
886 422 -1
887 418 -1
887 422 1
888 421 -1
888 423 1
889 419 1
889 423 -1
890 422 -1
890 424 1
891 423 1
891 424 -1
892 420 -1
892 424 1
893 335 -1
893 425 1
894 356 1
894 425 -1
895 419 -1
895 425 1
896 341 -1
896 426 1
897 358 1
897 426 -1
898 357 1
898 427 -1
899 359 -1
899 427 1
900 410 1
900 428 -1
901 428 1
901 429 -1
902 425 -1
902 429 1
903 428 -1
903 430 1
904 426 1
904 430 -1
905 429 -1
905 431 1
906 430 1
906 431 -1
907 427 -1
907 431 1
908 426 -1
909 413 1
910 420 1
911 427 1
912 366 1
912 432 -1
913 433 1
914 432 1
914 433 -1
915 367 1
915 434 -1
916 432 -1
916 434 1
917 435 -1
918 434 -1
918 435 1
919 433 1
919 436 -1
920 436 1
921 435 -1
921 437 1
922 437 -1
923 436 -1
923 437 1
924 373 1
924 438 -1
925 439 1
926 438 1
926 439 -1
927 368 -1
927 440 1
928 432 1
928 440 -1
929 374 1
929 441 -1
930 438 -1
930 441 1
931 440 1
931 442 -1
932 442 1
932 443 -1
933 441 -1
933 443 1
934 433 -1
934 444 1
935 444 -1
936 439 1
936 445 -1
937 445 1
938 442 -1
938 446 1
939 444 1
939 446 -1
940 443 -1
940 447 1
941 446 1
941 447 -1
942 445 -1
942 447 1
943 380 1
943 448 -1
944 449 1
945 448 1
945 449 -1
946 375 -1
946 450 1
947 438 1
947 450 -1
948 381 1
948 451 -1
949 448 -1
949 451 1
950 450 1
950 452 -1
951 452 1
951 453 -1
952 451 -1
952 453 1
953 439 -1
953 454 1
954 454 -1
955 449 1
955 455 -1
956 455 1
957 452 -1
957 456 1
958 454 1
958 456 -1
959 453 -1
959 457 1
960 456 1
960 457 -1
961 455 -1
961 457 1
962 382 -1
962 458 1
963 448 1
963 458 -1
964 458 1
964 459 -1
965 459 1
966 449 -1
966 460 1
967 460 -1
968 459 -1
968 461 1
969 460 1
969 461 -1
970 461 1
971 369 -1
971 462 1
972 434 1
972 462 -1
973 440 -1
973 462 1
974 376 -1
974 463 1
975 441 1
975 463 -1
976 450 -1
976 463 1
977 383 -1
977 464 1
978 451 1
978 464 -1
979 458 -1
979 464 1
980 390 1
980 465 -1
981 462 -1
981 466 1
982 466 -1
982 467 1
983 465 1
983 467 -1
984 391 1
984 468 -1
985 465 -1
985 468 1
986 469 -1
987 468 -1
987 469 1
988 435 1
988 470 -1
989 470 1
990 466 1
990 471 -1
991 470 -1
991 471 1
992 467 1
992 472 -1
993 471 -1
993 472 1
994 469 -1
994 473 1
995 473 -1
996 472 -1
996 473 1
997 397 1
997 474 -1
998 463 -1
998 475 1
999 475 -1
999 476 1
1000 474 1
1000 476 -1
1001 392 -1
1001 477 1
1002 465 1
1002 477 -1
1003 398 1
1003 478 -1
1004 474 -1
1004 478 1
1005 477 1
1005 479 -1
1006 479 1
1006 480 -1
1007 478 -1
1007 480 1
1008 442 1
1008 481 -1
1009 466 -1
1009 482 1
1010 481 1
1010 482 -1
1011 443 1
1011 483 -1
1012 481 -1
1012 483 1
1013 475 1
1013 484 -1
1014 483 -1
1014 484 1
1015 467 -1
1015 485 1
1016 482 1
1016 485 -1
1017 476 1
1017 486 -1
1018 484 -1
1018 486 1
1019 479 -1
1019 487 1
1020 485 1
1020 487 -1
1021 480 -1
1021 488 1
1022 487 1
1022 488 -1
1023 486 -1
1023 488 1
1024 404 1
1024 489 -1
1025 464 -1
1025 490 1
1026 490 -1
1026 491 1
1027 489 1
1027 491 -1
1028 399 -1
1028 492 1
1029 474 1
1029 492 -1
1030 405 1
1030 493 -1
1031 489 -1
1031 493 1
1032 492 1
1032 494 -1
1033 494 1
1033 495 -1
1034 493 -1
1034 495 1
1035 452 1
1035 496 -1
1036 475 -1
1036 497 1
1037 496 1
1037 497 -1
1038 453 1
1038 498 -1
1039 496 -1
1039 498 1
1040 490 1
1040 499 -1
1041 498 -1
1041 499 1
1042 476 -1
1042 500 1
1043 497 1
1043 500 -1
1044 491 1
1044 501 -1
1045 499 -1
1045 501 1
1046 494 -1
1046 502 1
1047 500 1
1047 502 -1
1048 495 -1
1048 503 1
1049 502 1
1049 503 -1
1050 501 -1
1050 503 1
1051 406 -1
1051 504 1
1052 489 1
1052 504 -1
1053 504 1
1053 505 -1
1054 505 1
1055 459 1
1055 506 -1
1056 490 -1
1056 507 1
1057 506 1
1057 507 -1
1058 506 -1
1059 491 -1
1059 508 1
1060 507 1
1060 508 -1
1061 505 -1
1061 509 1
1062 508 1
1062 509 -1
1063 509 1
1064 393 -1
1064 510 1
1065 468 1
1065 510 -1
1066 477 -1
1066 510 1
1067 400 -1
1067 511 1
1068 478 1
1068 511 -1
1069 492 -1
1069 511 1
1070 407 -1
1070 512 1
1071 493 1
1071 512 -1
1072 504 -1
1072 512 1
1073 414 1
1073 513 -1
1074 510 -1
1074 514 1
1075 514 -1
1075 515 1
1076 513 1
1076 515 -1
1077 415 1
1077 516 -1
1078 513 -1
1078 516 1
1079 517 -1
1080 516 -1
1080 517 1
1081 469 1
1081 518 -1
1082 518 1
1083 514 1
1083 519 -1
1084 518 -1
1084 519 1
1085 515 1
1085 520 -1
1086 519 -1
1086 520 1
1087 517 -1
1087 521 1
1088 521 -1
1089 520 -1
1089 521 1
1090 421 1
1090 522 -1
1091 511 -1
1091 523 1
1092 523 -1
1092 524 1
1093 522 1
1093 524 -1
1094 416 -1
1094 525 1
1095 513 1
1095 525 -1
1096 422 1
1096 526 -1
1097 522 -1
1097 526 1
1098 525 1
1098 527 -1
1099 527 1
1099 528 -1
1100 526 -1
1100 528 1
1101 479 1
1101 529 -1
1102 514 -1
1102 530 1
1103 529 1
1103 530 -1
1104 480 1
1104 531 -1
1105 529 -1
1105 531 1
1106 523 1
1106 532 -1
1107 531 -1
1107 532 1
1108 515 -1
1108 533 1
1109 530 1
1109 533 -1
1110 524 1
1110 534 -1
1111 532 -1
1111 534 1
1112 527 -1
1112 535 1
1113 533 1
1113 535 -1
1114 528 -1
1114 536 1
1115 535 1
1115 536 -1
1116 534 -1
1116 536 1
1117 428 1
1117 537 -1
1118 512 -1
1118 538 1
1119 538 -1
1119 539 1
1120 537 1
1120 539 -1
1121 423 -1
1121 540 1
1122 522 1
1122 540 -1
1123 429 1
1123 541 -1
1124 537 -1
1124 541 1
1125 540 1
1125 542 -1
1126 542 1
1126 543 -1
1127 541 -1
1127 543 1
1128 494 1
1128 544 -1
1129 523 -1
1129 545 1
1130 544 1
1130 545 -1
1131 495 1
1131 546 -1
1132 544 -1
1132 546 1
1133 538 1
1133 547 -1
1134 546 -1
1134 547 1
1135 524 -1
1135 548 1
1136 545 1
1136 548 -1
1137 539 1
1137 549 -1
1138 547 -1
1138 549 1
1139 542 -1
1139 550 1
1140 548 1
1140 550 -1
1141 543 -1
1141 551 1
1142 550 1
1142 551 -1
1143 549 -1
1143 551 1
1144 430 -1
1144 552 1
1145 537 1
1145 552 -1
1146 552 1
1146 553 -1
1147 553 1
1148 505 1
1148 554 -1
1149 538 -1
1149 555 1
1150 554 1
1150 555 -1
1151 554 -1
1152 539 -1
1152 556 1
1153 555 1
1153 556 -1
1154 553 -1
1154 557 1
1155 556 1
1155 557 -1
1156 557 1
1157 417 -1
1157 558 1
1158 516 1
1158 558 -1
1159 525 -1
1159 558 1
1160 424 -1
1160 559 1
1161 526 1
1161 559 -1
1162 540 -1
1162 559 1
1163 431 -1
1163 560 1
1164 541 1
1164 560 -1
1165 552 -1
1165 560 1
1166 558 -1
1166 561 1
1167 561 -1
1168 517 1
1168 562 -1
1169 562 1
1170 561 1
1170 563 -1
1171 562 -1
1171 563 1
1172 563 -1
1173 559 -1
1173 564 1
1174 564 -1
1175 527 1
1175 565 -1
1176 561 -1
1176 566 1
1177 565 1
1177 566 -1
1178 528 1
1178 567 -1
1179 565 -1
1179 567 1
1180 564 1
1180 568 -1
1181 567 -1
1181 568 1
1182 566 1
1183 568 -1
1184 560 -1
1184 569 1
1185 569 -1
1186 542 1
1186 570 -1
1187 564 -1
1187 571 1
1188 570 1
1188 571 -1
1189 543 1
1189 572 -1
1190 570 -1
1190 572 1
1191 569 1
1191 573 -1
1192 572 -1
1192 573 1
1193 571 1
1194 573 -1
1195 553 1
1195 574 -1
1196 569 -1
1196 575 1
1197 574 1
1197 575 -1
1198 574 -1
1199 575 1
1200 436 1
1200 576 -1
1201 444 -1
1201 576 1
1202 576 -1
1203 445 1
1203 577 -1
1204 454 -1
1204 577 1
1205 577 -1
1206 455 1
1206 578 -1
1207 460 -1
1207 578 1
1208 578 -1
1209 437 -1
1209 579 1
1210 470 1
1210 579 -1
1211 579 1
1212 446 -1
1212 580 1
1213 481 1
1213 580 -1
1214 471 1
1214 581 -1
1215 482 -1
1215 581 1
1216 576 1
1216 582 -1
1217 582 1
1217 583 -1
1218 579 -1
1218 583 1
1219 582 -1
1219 584 1
1220 580 1
1220 584 -1
1221 583 -1
1221 585 1
1222 584 1
1222 585 -1
1223 581 -1
1223 585 1
1224 447 -1
1224 586 1
1225 483 1
1225 586 -1
1226 580 -1
1226 586 1
1227 456 -1
1227 587 1
1228 496 1
1228 587 -1
1229 484 1
1229 588 -1
1230 497 -1
1230 588 1
1231 577 1
1231 589 -1
1232 589 1
1232 590 -1
1233 586 -1
1233 590 1
1234 589 -1
1234 591 1
1235 587 1
1235 591 -1
1236 590 -1
1236 592 1
1237 591 1
1237 592 -1
1238 588 -1
1238 592 1
1239 457 -1
1239 593 1
1240 498 1
1240 593 -1
1241 587 -1
1241 593 1
1242 461 -1
1242 594 1
1243 506 1
1243 594 -1
1244 499 1
1244 595 -1
1245 507 -1
1245 595 1
1246 578 1
1246 596 -1
1247 596 1
1247 597 -1
1248 593 -1
1248 597 1
1249 596 -1
1249 598 1
1250 594 1
1250 598 -1
1251 597 -1
1251 599 1
1252 598 1
1252 599 -1
1253 595 -1
1253 599 1
1254 594 -1
1255 472 1
1255 600 -1
1256 485 -1
1256 600 1
1257 581 1
1257 600 -1
1258 486 1
1258 601 -1
1259 500 -1
1259 601 1
1260 588 1
1260 601 -1
1261 501 1
1261 602 -1
1262 508 -1
1262 602 1
1263 595 1
1263 602 -1
1264 473 -1
1264 603 1
1265 518 1
1265 603 -1
1266 603 1
1267 487 -1
1267 604 1
1268 529 1
1268 604 -1
1269 519 1
1269 605 -1
1270 530 -1
1270 605 1
1271 600 1
1271 606 -1
1272 606 1
1272 607 -1
1273 603 -1
1273 607 1
1274 606 -1
1274 608 1
1275 604 1
1275 608 -1
1276 607 -1
1276 609 1
1277 608 1
1277 609 -1
1278 605 -1
1278 609 1
1279 488 -1
1279 610 1
1280 531 1
1280 610 -1
1281 604 -1
1281 610 1
1282 502 -1
1282 611 1
1283 544 1
1283 611 -1
1284 532 1
1284 612 -1
1285 545 -1
1285 612 1
1286 601 1
1286 613 -1
1287 613 1
1287 614 -1
1288 610 -1
1288 614 1
1289 613 -1
1289 615 1
1290 611 1
1290 615 -1
1291 614 -1
1291 616 1
1292 615 1
1292 616 -1
1293 612 -1
1293 616 1
1294 503 -1
1294 617 1
1295 546 1
1295 617 -1
1296 611 -1
1296 617 1
1297 509 -1
1297 618 1
1298 554 1
1298 618 -1
1299 547 1
1299 619 -1
1300 555 -1
1300 619 1
1301 602 1
1301 620 -1
1302 620 1
1302 621 -1
1303 617 -1
1303 621 1
1304 620 -1
1304 622 1
1305 618 1
1305 622 -1
1306 621 -1
1306 623 1
1307 622 1
1307 623 -1
1308 619 -1
1308 623 1
1309 618 -1
1310 520 1
1310 624 -1
1311 533 -1
1311 624 1
1312 605 1
1312 624 -1
1313 534 1
1313 625 -1
1314 548 -1
1314 625 1
1315 612 1
1315 625 -1
1316 549 1
1316 626 -1
1317 556 -1
1317 626 1
1318 619 1
1318 626 -1
1319 521 -1
1319 627 1
1320 562 1
1320 627 -1
1321 627 1
1322 535 -1
1322 628 1
1323 565 1
1323 628 -1
1324 563 1
1324 629 -1
1325 566 -1
1325 629 1
1326 624 1
1326 630 -1
1327 630 1
1327 631 -1
1328 627 -1
1328 631 1
1329 630 -1
1329 632 1
1330 628 1
1330 632 -1
1331 631 -1
1331 633 1
1332 632 1
1332 633 -1
1333 629 -1
1333 633 1
1334 536 -1
1334 634 1
1335 567 1
1335 634 -1
1336 628 -1
1336 634 1
1337 550 -1
1337 635 1
1338 570 1
1338 635 -1
1339 568 1
1339 636 -1
1340 571 -1
1340 636 1
1341 625 1
1341 637 -1
1342 637 1
1342 638 -1
1343 634 -1
1343 638 1
1344 637 -1
1344 639 1
1345 635 1
1345 639 -1
1346 638 -1
1346 640 1
1347 639 1
1347 640 -1
1348 636 -1
1348 640 1
1349 551 -1
1349 641 1
1350 572 1
1350 641 -1
1351 635 -1
1351 641 1
1352 557 -1
1352 642 1
1353 574 1
1353 642 -1
1354 573 1
1354 643 -1
1355 575 -1
1355 643 1
1356 626 1
1356 644 -1
1357 644 1
1357 645 -1
1358 641 -1
1358 645 1
1359 644 -1
1359 646 1
1360 642 1
1360 646 -1
1361 645 -1
1361 647 1
1362 646 1
1362 647 -1
1363 643 -1
1363 647 1
1364 642 -1
1365 629 1
1366 636 1
1367 643 1
1368 582 1
1369 583 1
1370 589 1
1371 584 -1
1372 590 1
1373 596 1
1374 591 -1
1375 597 1
1376 598 -1
1377 585 -1
1378 592 -1
1379 599 -1
1380 606 1
1381 607 1
1382 613 1
1383 608 -1
1384 614 1
1385 620 1
1386 615 -1
1387 621 1
1388 622 -1
1389 609 -1
1390 616 -1
1391 623 -1
1392 630 1
1393 631 1
1394 637 1
1395 632 -1
1396 638 1
1397 644 1
1398 639 -1
1399 645 1
1400 646 -1
1401 633 -1
1402 640 -1
1403 647 -1
