# FACES_SLIP
2
4
6
7
9
11
14
16
18
19
21
22
24
26
27
28
30
33
35
37
38
40
41
43
45
46
47
49
51
52
54
56
57
60
61
63
64
66
67
69
71
73
75
76
78
79
80
82
84
86
88
90
92
93
95
96
97
98
99
101
102
103
105
107
108
109
111
113
115
117
119
120
122
123
124
125
126
128
129
130
132
134
135
136
138
140
141
143
144
145
147
149
150
153
154
156
157
159
160
162
164
166
168
169
171
172
173
175
177
179
181
183
185
186
188
189
190
191
192
194
195
196
198
200
201
202
204
206
208
210
212
213
215
216
217
218
219
221
222
223
225
227
228
229
231
233
234
236
237
238
240
242
243
246
247
249
250
252
253
254
256
258
259
261
263
264
265
266
268
269
272
274
275
276
277
279
280
283
284
285
288
289
291
292
294
295
297
298
300
301
302
303
304
305
306
307
308
309
310
311
312
313
315
316
317
318
319
320
321
322
323
324
325
326
327
328
330
331
332
333
334
335
336
337
338
339
340
341
343
344
346
347
349
350
352
353
355
356
357
358
359
360
361
362
363
364
365
366
367
368
370
371
372
373
374
375
376
377
378
379
380
381
382
383
385
386
387
388
389
390
391
392
393
394
395
396
398
399
401
402
404
405
407
408
410
411
412
413
414
415
416
417
418
419
420
421
422
423
425
426
427
428
429
430
431
432
433
434
435
436
437
438
440
441
442
443
444
445
446
447
448
449
450
451
458
460
462
463
465
467
470
472
474
475
477
478
480
482
483
484
486
489
491
493
494
496
497
499
501
502
503
505
507
508
510
512
513
516
517
519
520
522
523
525
527
529
531
532
534
535
536
538
540
542
544
546
548
549
551
552
553
554
555
557
558
559
561
563
564
565
567
569
571
573
575
576
578
579
580
581
582
584
585
586
588
590
591
592
594
596
597
599
600
601
603
605
606
609
610
612
613
615
616
618
620
622
624
625
627
628
629
631
633
635
637
639
641
642
644
645
646
647
648
650
651
652
654
656
657
658
660
662
664
666
668
669
671
672
673
674
675
677
678
679
681
683
684
685
687
689
690
692
693
694
696
698
699
702
703
705
706
708
709
710
712
714
715
717
719
720
721
722
724
725
728
730
731
732
733
735
736
739
740
741
744
745
747
748
750
751
753
754
756
757
758
759
760
761
762
763
764
765
766
767
768
769
771
772
773
774
775
776
777
778
779
780
781
782
783
784
786
787
788
789
790
791
792
793
794
795
796
797
799
800
802
803
805
806
808
809
811
812
813
814
815
816
817
818
819
820
821
822
823
824
826
827
828
829
830
831
832
833
834
835
836
837
838
839
841
842
843
844
845
846
847
848
849
850
851
852
854
855
857
858
860
861
863
864
866
867
868
869
870
871
872
873
874
875
876
877
878
879
881
882
883
884
885
886
887
888
889
890
891
892
893
894
896
897
898
899
900
901
902
903
904
905
906
907
914
916
918
919
921
923
926
928
930
931
933
934
936
938
939
940
942
945
947
949
950
952
953
955
957
958
959
961
963
964
966
968
969
972
973
975
976
978
979
981
983
985
987
988
990
991
992
994
996
998
1000
1002
1004
1005
1007
1008
1009
1010
1011
1013
1014
1015
1017
1019
1020
1021
1023
1025
1027
1029
1031
1032
1034
1035
1036
1037
1038
1040
1041
1042
1044
1046
1047
1048
1050
1052
1053
1055
1056
1057
1059
1061
1062
1065
1066
1068
1069
1071
1072
1074
1076
1078
1080
1081
1083
1084
1085
1087
1089
1091
1093
1095
1097
1098
1100
1101
1102
1103
1104
1106
1107
1108
1110
1112
1113
1114
1116
1118
1120
1122
1124
1125
1127
1128
1129
1130
1131
1133
1134
1135
1137
1139
1140
1141
1143
1145
1146
1148
1149
1150
1152
1154
1155
1158
1159
1161
1162
1164
1165
1166
1168
1170
1171
1173
1175
1176
1177
1178
1180
1181
1184
1186
1187
1188
1189
1191
1192
1195
1196
1197
1200
1201
1203
1204
1206
1207
1209
1210
1212
1213
1214
1215
1216
1217
1218
1219
1220
1221
1222
1223
1224
1225
1227
1228
1229
1230
1231
1232
1233
1234
1235
1236
1237
1238
1239
1240
1242
1243
1244
1245
1246
1247
1248
1249
1250
1251
1252
1253
1255
1256
1258
1259
1261
1262
1264
1265
1267
1268
1269
1270
1271
1272
1273
1274
1275
1276
1277
1278
1279
1280
1282
1283
1284
1285
1286
1287
1288
1289
1290
1291
1292
1293
1294
1295
1297
1298
1299
1300
1301
1302
1303
1304
1305
1306
1307
1308
1310
1311
1313
1314
1316
1317
1319
1320
1322
1323
1324
1325
1326
1327
1328
1329
1330
1331
1332
1333
1334
1335
1337
1338
1339
1340
1341
1342
1343
1344
1345
1346
1347
1348
1349
1350
1352
1353
1354
1355
1356
1357
1358
1359
1360
1361
1362
1363
