115
118
129
133
135
146
150
152
160
161
162
163
164
165
167
169
172
173
176
220
221
225
226
228
233
235
240
244
246
249
255
261
263
266
272
278
280
283
289
295
304
317
330
343
345
347
356
358
360
361
366
369
371
375
383
392
400
402
409
415
416
417
421
424
425
426
428
429
430
431
435
436
437
438
439
480
484
485
490
491
496
497
501
579
582
585
587
593
597
601
602
604
606
613
614
616
618
625
626
628
630
637
638
667
681
695
847
848
850
852
854
855
856
859
860
861
862
863
864
865
866
867
868
869
870
871
872
873
874
875
876
877
878
879
880
881
882
883
884
885
886
887
888
889
890
891
892
893
894
895
896
897
899
900
902
903
905
906
908
912
914
916
917
919
920
922
923
985
1046
1047
1048
1057
1061
1062
1063
1064
1065
1074
1078
1079
1080
1081
1082
1091
1095
1096
1097
1098
1099
1103
1104
1105
1106
1107
1108
1161
1162
1163
1164
1167
1168
1170
1172
1173
1174
1175
1177
1178
1181
1182
1183
1185
1187
1189
1191
1192
1194
1198
1200
1202
1206
1207
1208
1211
1212
1216
1217
1221
1223
1224
1227
1228
1230
1232
1234
1236
1238
1243
1245
1251
1258
1260
1262
1269
1271
1277
1284
1285
1286
1287
1288
1289
1292
1293
1294
1295
1297
1298
1299
1300
1302
1303
1307
1308
1311
1312
1313
1314
1316
1317
1318
1319
1320
1326
1327
1328
1331
1332
1333
1337
1341
1342
1345
1349
1354
1356
1358
1360
1362
1369
1370
1371
1372
1377
1380
1382
1384
1386
1388
1409
1413
1418
1420
1421
1425
1429
1430
1431
1521
1522
1523
1524
1525
1526
1527
1528
1529
1530
1531
1532
1533
1534
1535
1536
1537
1538
1539
1540
1541
1542
1543
1544
1545
1546
1547
1548
1549
1550
1551
1552
1553
1554
1555
1556
1557
1558
1559
1560
1561
1562
1563
1564
1565
1566
1567
1568
1569
1570
1571
1572
1573
1574
1575
1576
1577
1578
1579
1580
1581
1582
1583
1584
1585
1586
1587
1588
1589
1590
1591
1592
1593
1594
1595
1596
1597
1598
1599
1600
1602
1603
1604
1607
1608
1609
1610
1611
1613
1615
1616
1619
1620
1621
1622
1623
1624
1625
1626
1627
1628
1629
1630
1631
1632
1633
1641
1642
1643
1650
1653
1654
1655
1656
1657
1674
1677
1678
1679
1680
1681
1740
1741
1744
1745
1748
1749
1750
1764
1765
1768
1769
1772
1773
1774
1791
1792
1793
1802
1803
1805
1806
1814
1818
1819
1821
1830
1831
1833
1834
1840
1842
1849
1855
1856
1858
1865
1866
1867
1870
1871
1877
1879
1881
1882
1884
1889
1893
1894
1895
1898
1899
1905
1907
1908
1909
1910
1911
1912
1913
1914
1916
1918
1925
1927
1929
1931
1933
1938
1940
1942
1944
1951
1953
1955
1956
1957
1959
1960
1963
1964
1965
1966
1967
1968
1969
1970
1971
1974
1975
1976
1977
1978
1979
1980
1981
1982
1983
1984
1985
1989
1990
1991
1992
1993
1994
1995
1996
1997
1998
1999
2000
2001
2002
2006
2007
2008
2009
2010
2011
2012
2013
2014
2015
2016
2017
2018
2019
2023
2024
2025
2026
2027
2028
2029
2030
2031
2032
2033
2034
2035
2036
2037
2038
2039
2040
2041
2042
2043
2044
2045
2046
2047
2048
2049
2050
2051
2052
2053
2054
2055
2056
2057
2058
2059
2060
2061
2062
2063
2064
2065
2066
2067
2068
2069
2070
2071
2072
2073
2074
2075
2076
2077
2079
2081
2082
2083
2084
2086
2090
2094
2095
2096
2097
2098
2099
2100
2101
2105
2106
2107
2108
2109
2110
2111
2112
2113
2114
2115
2116
2118
2119
2120
2121
2125
2126
2127
2128
2129
2130
2131
2132
2133
2134
2139
2141
2142
2143
2145
2146
2147
2150
2151
2153
2154
2156
2159
2173
2174
2175
2176
2177
2178
2180
2182
2185
2199
2200
2201
2202
2203
2208
2211
2212
2214
2219
2224
2225
2233
2234
2238
2240
2245
2249
2251
2253
2258
2259
2267
2268
2272
2278
2279
2281
2283
2285
2287
2294
2309
2311
2313
2320
2335
2338
2343
2345
2350
2355
2374
2377
2378
2379
2393
2394
2395
2396
2397
2398
2399
2409
2423
2437
2449
2450
2451
2452
2453
2454
2455
2456
2457
2458
2459
2460
2461
2462
2463
2464
2465
2466
2467
2468
2469
2470
2471
2472
2473
2474
2475
2476
2477
2478
2479
2480
2481
2482
2483
2484
2485
2486
2487
2488
2489
2490
2491
2492
2493
2494
2495
2496
2497
2498
2499
2500
2501
2502
2503
2504
2505
2506
2507
2508
2509
2510
2511
2512
2513
2514
2515
2516
2517
2518
2519
2520
2521
2522
2523
2524
2525
2526
2527
2528
2529
2530
2531
2532
2533
2534
2535
2536
2537
2538
2539
2540
2541
2542
2544
2545
2546
2549
2550
2551
2552
2553
2555
2559
2560
2561
2563
2564
2567
2568
2569
2570
2571
2572
2573
2575
2579
2581
2582
2583
2587
2588
2591
2592
2593
2594
2595
2596
2597
2614
2615
2616
2625
2626
2628
2629
2637
2641
2642
2644
2653
2654
2656
2657
2663
2665
2683
2688
2689
2690
2707
2712
2713
2714
2774
2780
2784
2785
2786
2787
2788
2789
2790
2791
2792
2793
2795
2796
2797
2798
2800
2801
2802
2803
2806
2807
2808
2809
2811
2812
2813
2814
2815
2818
2819
2820
2821
2823
2824
2825
2826
2828
2829
2830
2831
2834
2835
2837
2838
2841
2842
2843
2844
2845
2846
2847
2849
2851
2854
2855
2856
2857
2858
2859
2864
2867
2868
2869
2870
2871
2872
2873
2875
2877
2880
2881
2882
2883
2884
2885
2890
2893
2894
2895
2896
2897
2898
2899
2900
2901
2902
2903
2904
2905
2906
2907
2908
2909
2910
2911
2912
2913
2914
2915
2916
2917
2918
2919
2920
2921
2922
2923
2924
2925
2926
2927
2928
2929
2930
2931
2932
2933
2934
2935
2936
2937
2938
2939
2940
2941
2942
2943
2944
2945
2946
2947
2948
2949
2950
2951
2952
2953
2954
2955
2956
2957
2958
2959
2960
2961
2962
2963
2964
2965
2966
2967
2968
2969
2970
2971
2972
2973
2974
2975
2976
2977
2978
2979
2980
2981
2982
2983
2984
2985
2986
2987
2988
2989
2990
2991
2992
2993
2994
2995
2996
2997
2998
2999
3000
3001
3002
3003
3004
3005
3007
3009
3010
3011
3012
3014
3017
3018
3019
3020
3023
3024
3026
3029
3030
3031
3037
3038
3039
3041
3043
3045
3046
3050
3051
3054
3055
3056
3058
3060
3064
3065
3071
3073
3075
3088
3114
3151
3156
3170
3172
3176
3184
3185
3190
3192
3193
3201
3202
3204
3205
3210
3224
3226
3227
3228
3234
3235
3236
3250
3251
3252
3253
3254
3258
3259
3260
3261
3262
3263
3266
3267
3271
3272
3273
3274
3275
3276
3277
3278
3279
3280
3281
3282
3283
3284
3285
3289
3290
3293
3294
3295
3296
3297
3309
3313
3315
3330
3331
3332
3333
3334
3340
3341
3343
3344
3346
3347
3355
3357
3360
3369
3371
3374
3381
3383
3385
3386
3388
3390
3392
3393
3397
3398
3400
3402
3409
3410
3412
3414
3421
3422
3424
3426
3433
3436
3440
3443
3446
3448
3454
3457
3460
3462
3468
3474
3500
3501
3512
3513
3524
3525
3664
3665
3666
3667
3668
3669
3670
3671
3672
3673
3674
3675
3676
3677
3678
3679
3680
3681
3682
3683
3684
3685
3686
3687
3688
3689
3690
3691
3692
3693
3694
3695
3696
3697
3698
3699
3700
3701
3702
3703
3704
3705
3706
3707
3708
3709
3710
3712
3714
3723
3864
3879
3881
3890
3947
3948
3949
3950
3951
3953
3958
3959
3961
3962
3965
3966
3975
3976
3978
3979
3982
3983
3992
3993
3995
3996
3999
4000
4007
4008
4011
4016
4017
4021
4029
4042
4055
4068
4070
4075
4079
4081
4084
4096
4098
4101
4113
4115
4117
4118
4120
4121
4129
4130
4132
4133
4138
4139
4141
4143
4152
4154
4156
4165
4167
4168
4169
4175
4176
4177
4179
4180
4181
4182
4186
4187
4188
4189
4190
4191
4194
4195
4199
4200
4201
4205
4206
4208
4209
4210
4211
4212
4213
4214
4215
4337
4338
4340
4342
4344
4345
4349
4350
4352
4354
4361
4364
4368
4371
4374
4376
4382
4385
4388
4390
4396
4399
4402
4404
4410
4414
4419
4452
4453
4464
4465
4471
4606
4607
4608
4609
4610
4611
4612
4613
4614
4615
4616
4617
4618
4619
4620
4621
4622
4623
4624
4625
4626
4627
4628
4629
4630
4631
4632
4633
4634
4635
4636
4637
4638
4639
4640
4641
4642
4643
4644
4645
4646
4647
4648
4649
4651
4652
4653
4654
4656
4657
4658
4659
4662
4663
4664
4665
4667
4668
4669
4670
4671
4674
4675
4676
4679
4680
4681
4685
4686
4687
4690
4694
4697
4699
4701
4703
4705
4712
4713
4714
4715
4720
4723
4725
4727
4729
4731
4757
4771
4787
4789
4791
4805
4816
4817
4819
4878
4881
4892
4896
4897
4900
4906
4907
4908
4909
4915
4920
4921
4922
4923
4925
4926
4930
4931
4934
4935
4937
4938
4970
4971
4972
4973
4974
4975
4976
4977
4978
4979
4980
4981
4982
4983
4984
4985
4986
4987
4991
4992
4993
4994
4995
4996
4997
4998
4999
5000
5001
5002
5003
5004
5005
5006
5007
5008
5009
5010
5011
5012
5013
5014
5015
5016
5017
5018
5019
5020
5021
5022
5023
5024
5025
5026
5027
5028
5029
5030
5031
5032
5033
5034
5035
5036
5037
5038
5039
5040
5041
5042
5043
5044
5045
5046
5047
5048
5049
5050
5051
5052
5053
5054
5055
5056
5057
5058
5059
5060
5061
5062
5063
5064
5065
5066
5067
5068
5070
5072
5073
5074
5075
5077
5080
5081
5082
5083
5084
5085
5086
5087
5088
5089
5090
5091
5092
5093
5094
5096
5098
5099
5100
5101
5103
5106
5107
5108
5109
5110
5111
5113
5115
5118
5121
5123
5125
5126
5128
5130
5132
5133
5135
5137
5138
5140
5141
5142
5143
5145
5146
5149
5150
5151
5152
5153
5165
5166
5169
5170
5171
5172
5173
5188
5189
5190
5199
5200
5202
5203
5211
5215
5216
5218
5227
5228
5230
5231
5237
5239
5257
5262
5263
5264
5281
5286
5287
5288
5347
5348
5351
5352
5355
5356
5357
5370
5371
5372
5373
5374
5375
5376
5379
5380
5381
5396
5397
5398
5399
5400
5404
5406
5407
5409
5410
5412
5413
5415
5418
5419
5421
5422
5423
5425
5426
5428
5429
5430
5431
5432
5433
5434
5435
5436
5437
5438
5439
5440
5441
5442
5443
5444
5445
5446
5447
5448
5449
5450
5451
5452
5453
5454
5455
5456
5457
5458
5459
5460
5461
5462
5463
5464
5465
5466
5467
5468
5469
5472
5473
5474
5475
5476
5477
5478
5479
5480
5481
5482
5483
5484
5485
5486
5488
5489
5492
5493
5494
5495
5496
5497
5498
5500
5503
5504
5505
5507
5509
5510
5513
5514
5515
5516
5517
5518
5519
5520
5521
5522
5524
5525
5526
5529
5530
5531
5532
5533
5535
5541
5542
5543
5544
5545
5546
5547
5551
5552
5553
5554
5555
5559
5560
5561
5565
5566
5567
5568
5569
5570
5571
5575
5578
5579
5580
5587
5589
5591
5596
5601
5606
5607
5617
5624
5626
5628
5630
5632
5637
5652
5654
5656
5663
5679
5683
5686
5687
5688
5689
5694
5696
5697
5701
5702
5705
5707
5708
5710
5714
5720
5721
5722
5723
5728
5730
5731
5735
5736
5739
5740
5742
5743
5748
5762
5763
5764
5765
5766
5771
5774
5788
5789
5790
5791
5792
5797
5800
5801
5803
5808
5813
5814
5822
5823
5827
5829
5834
5836
5837
5838
5840
5841
5842
5845
5846
5847
5848
5850
5851
5852
5853
5854
5856
5857
5860
5861
5862
5863
5864
5865
5866
5867
5868
5869
5870
5871
5872
5874
5876
5883
5898
5899
5900
5901
5902
5906
5907
5908
5909
5910
5911
5912
5913
5914
5915
5916
5917
5918
5919
5920
5921
5922
5923
5924
5925
5926
5927
5928
5929
5932
5933
5934
5935
5936
5937
5938
5939
5940
5941
5942
5943
5947
5948
5949
5950
5951
5952
5953
5954
5955
5956
5957
5958
5959
5960
5961
5962
5963
5964
5965
5966
5967
5968
5969
5970
5971
5972
5973
5974
5975
5976
5977
5978
5979
5980
5981
5982
5983
5984
5985
5986
5987
5990
5991
5993
5995
5996
5997
5998
5999
6000
6001
6002
6003
6004
6005
6006
6007
6008
6009
6011
6013
6014
6015
6016
6018
6021
6022
6023
6024
6025
6026
6027
6028
6029
6030
6031
6032
6033
6034
6035
6039
6040
6042
6047
6048
6049
6050
6052
6054
6055
6057
6059
6060
6062
6064
6066
6067
6079
6086
6089
6090
6091
6106
6109
6110
6111
6170
6171
6174
6175
6178
6179
6180
6194
6195
6198
6199
6202
6203
6204
6221
6222
6223
6232
6233
6235
6236
6244
6248
6249
6251
6260
6261
6263
6264
6270
6272
6289
6290
6291
6292
6295
6296
6297
6310
6311
6312
6313
6314
6315
6316
6319
6320
6321
6343
6344
6345
6346
6348
6349
6351
6352
6354
6355
6357
6360
6361
6363
6364
6365
6367
6368
6370
6371
6372
6373
6374
6375
6376
6377
6378
6379
6380
6381
6382
6383
6384
6385
6388
6389
6390
6391
6392
6393
6394
6395
6396
6397
6398
6399
6400
6401
6402
6403
6404
6405
6406
6407
6408
6409
6412
6413
6414
6415
6416
6417
6419
6422
6423
6424
6425
6426
6427
6428
6429
6430
6431
6432
6433
6434
6435
6436
6438
6439
6440
6443
6444
6445
6446
6447
6449
6451
6452
6455
6456
6457
6458
6459
6460
6461
6462
6463
6464
6466
6467
6468
6471
6472
6473
6474
6475
6484
6485
6486
6490
6491
6492
6497
6503
6505
6506
6510
6511
6515
6517
6521
6522
6529
6533
6538
6547
6567
6593
6606
6608
6619
6621
6625
6633
6634
6639
6641
6642
6650
6653
6655
6659
6667
6671
6677
6679
6680
6681
6689
6703
6704
6705
6706
6707
6711
6712
6713
6714
6715
6730
6734
6737
6738
6739
6740
6741
6745
6746
6747
6748
6749
6750
6752
6754
6758
6759
6760
6761
6765
6766
6767
6768
6769
6770
6771
6772
6773
6774
6775
6779
6780
6783
6784
6791
6792
6795
6796
6798
6813
6814
6816
6818
6819
6820
6821
6823
6839
6852
6854
6859
6863
6865
6868
6874
6880
6882
6885
6891
6897
6899
6902
6914
6923
6925
6927
6936
6938
6940
6949
6951
6953
6962
6964
6966
6975
6978
6979
6983
6984
6985
6989
6990
6991
6995
6996
6999
7007
7008
7009
7017
7018
7019
7155
7158
7160
7163
7166
7169
7172
7174
7177
7180
7183
7186
7188
7194
7198
7202
7203
7205
7207
7214
7215
7217
7219
7227
7282
7412
7413
7414
7415
7416
7417
7418
7419
7420
7421
7422
7423
7424
7425
7426
7427
7431
7433
7434
7435
7436
7438
7439
7443
7445
7447
7448
7449
7450
7452
7453
7457
7459
7461
7462
7463
7464
7466
7467
7471
7473
7475
7476
7480
7482
7495
7508
7570
7578
7595
7604
7665
7666
7667
7680
7682
7693
7694
7695
7696
7697
7698
7699
7700
7701
7710
7711
7712
7714
7716
7723
7724
7726
7782
7791
7793
7796
7802
7808
7810
7813
7819
7825
7827
7830
7836
7842
7851
7864
7877
7879
7881
7890
7892
7894
7913
7918
7919
7923
7924
7927
7935
7936
7937
7945
7946
7947
7955
7956
7957
7965
7966
7967
8097
8098
8100
8101
8102
8104
8105
8107
8108
8109
8110
8111
8113
8114
8116
8117
8119
8120
8122
8126
8128
8130
8131
8133
8135
8137
8138
8139
8142
8143
8144
8145
8146
8147
8148
8151
8152
8153
8154
8155
8157
8159
8161
8162
8163
8167
8168
8175
8176
8177
8183
8189
8195
8196
8198
8200
8208
8210
8211
8223
8224
8226
8346
8347
8348
8351
8352
8354
8361
8362
8363
8365
8366
8367
8368
8369
8372
8373
8374
8375
8377
8378
8379
8380
8382
8383
8384
8385
8388
8389
8390
8391
8393
8394
8395
8396
8397
8400
8401
8402
8403
8404
8405
8406
8407
8408
8409
8410
8412
8413
8414
8420
8421
8422
8423
8424
8425
8426
8427
8428
8429
8430
8431
8432
8433
8434
8435
8436
8437
8438
8439
8440
8444
8445
8446
8447
8448
8449
8450
8451
8452
8453
8454
8455
8456
8457
8458
8459
8460
8461
8462
8463
8464
8465
8466
8467
8470
8471
8472
8474
8475
8476
8477
8481
8482
8483
8484
8485
8486
8487
8488
8489
8490
8491
8495
8496
8497
8498
8499
8500
8501
8502
8503
8504
8505
8506
8508
8509
8510
8516
8517
8518
8520
8522
8528
8529
8531
8533
8534
8535
8536
8537
8538
8539
8540
8541
8542
8543
8544
8545
8559
8560
8561
8563
8564
8565
8567
8568
8570
8586
8590
8591
8592
8593
8594
8595
8596
8601
8603
8604
8605
8607
8608
8609
8612
8614
8615
8617
8621
8623
8624
8627
8628
8629
8630
8635
8637
8638
8642
8643
8646
8647
8649
8650
8655
8669
8670
8671
8672
8673
8678
8681
8695
8696
8697
8698
8699
8704
8707
8708
8710
8715
8720
8721
8729
8730
8734
8736
8741
8745
8747
8749
8754
8755
8763
8764
8768
8774
8775
8777
8779
8781
8783
8790
8805
8807
8809
8816
8831
8834
8839
8841
8846
8847
8851
8852
8855
8866
8867
8868
8869
8870
8871
8872
8873
8874
8875
8886
8887
8888
8889
8890
8891
8892
8893
8894
8895
8903
8904
8905
8906
8907
8908
8909
8910
8911
8912
8913
8914
8915
8916
8917
8918
8919
8920
8921
8922
8923
8924
8925
8926
8927
8928
8929
8930
8931
8932
8933
8934
8935
8936
8937
8938
8939
8940
8941
8942
8943
8944
8945
8946
8947
8948
8949
8950
8951
8952
8953
8954
8955
8956
8957
8958
8959
8960
8961
8962
8963
8964
8965
8966
8967
8968
8969
8970
8971
8972
8973
8974
8975
8976
8977
8978
8984
8985
8986
8993
8996
8997
8998
8999
9000
9001
9002
9003
9004
9005
9006
9007
9008
9009
9010
9012
9013
9014
9017
9018
9019
9020
9021
9023
9025
9030
9031
9033
9034
9059
9060
9063
9064
9065
9066
9067
9068
9069
9083
9084
9087
9088
9091
9092
9093
9110
9111
9112
9121
9122
9124
9125
9133
9137
9138
9140
9149
9150
9152
9153
9159
9161
9179
9184
9185
9186
9203
9208
9209
9210
9262
9270
9276
9277
9278
9279
9280
9281
9282
9283
9284
9285
9286
9287
9288
9289
9291
9292
9293
9294
9296
9297
9298
9299
9302
9303
9304
9305
9307
9308
9309
9310
9311
9314
9315
9316
9317
9319
9320
9321
9322
9324
9325
9326
9327
9330
9331
9333
9334
9337
9338
9339
9340
9341
9342
9343
9345
9347
9350
9351
9352
9353
9354
9355
9359
9360
9361
9362
9363
9364
9365
9366
9367
9368
9369
9370
9371
9372
9373
9374
9375
9376
9377
9378
9379
9380
9381
9385
9386
9387
9388
9389
9390
9391
9392
9393
9394
9395
9396
9397
9398
9399
9400
9401
9402
9403
9404
9405
9406
9407
9408
9409
9410
9411
9412
9413
9414
9415
9416
9417
9419
9420
9421
9422
9426
9427
9428
9429
9430
9431
9432
9433
9434
9435
9436
9440
9441
9442
9443
9444
9445
9446
9447
9448
9449
9450
9451
9452
9453
9454
9455
9456
9457
9458
9459
9460
9461
9462
9464
9466
9467
9468
9469
9471
9474
9475
9476
9477
9478
9479
9480
9481
9482
9483
9484
9485
9486
9500
9501
9502
9503
9504
9505
9507
9509
9512
9513
9515
9525
9526
9534
9535
9539
9541
9546
9550
9559
9560
9568
9569
9573
9579
9584
9586
9588
9595
9610
9612
9614
9621
9637
9641
9644
9645
9646
9647
9652
9654
9655
9659
9665
9666
9668
9672
9678
9679
9680
9681
9686
9688
9689
9693
9698
9700
9701
9706
9720
9721
9722
9723
9724
9729
9732
9746
9747
9748
9749
9750
9755
9758
9761
9763
9765
9766
9768
9770
9772
9773
9775
9777
9778
9780
9781
9782
9783
9785
9786
9789
9790
9791
9792
9793
9804
9805
9806
9807
9808
9809
9810
9811
9812
9813
9826
9827
9828
9829
9830
9834
9835
9836
9837
9838
9839
9840
9841
9842
9843
9844
9845
9846
9847
9848
9849
9850
9851
9852
9853
9854
9855
9856
9857
9858
9859
9860
9861
9862
9863
9864
9865
9866
9867
9868
9869
9870
9871
9872
9873
9874
9875
9876
9877
9878
9879
9880
9881
9882
9883
9884
9885
9886
9887
9888
9889
9890
9891
9892
9893
9894
9895
9896
9897
9898
9899
9900
9901
9902
9903
9904
9905
9906
9908
9910
9912
9913
9914
9918
9922
9924
9925
9926
9930
9933
9934
9935
9937
9939
9940
9943
9944
9945
9946
9947
9948
9949
9950
9951
9952
9955
9956
9959
9961
9962
9972
9975
9982
9984
10005
10006
10092
10096
10116
10117
10120
10121
10125
10126
10144
10153
10154
10156
10157
10159
10165
10166
10169
10170
10171
10172
10173
10181
10182
10183
10184
10185
10186
10187
10191
10192
10193
10194
10195
10199
10200
10201
10205
10206
10207
10208
10209
10210
10211
10212
10213
10214
10215
10216
10217
10218
10219
10220
10221
10222
10223
10224
10225
10226
10227
10228
10229
10230
10231
10232
10233
10234
10236
10237
10241
10243
10245
10246
10247
10248
10250
10251
10255
10257
10259
10260
10264
10266
10267
10269
10271
10272
10273
10274
10276
10279
10280
10284
10285
10287
10292
10305
10318
10320
10325
10329
10331
10334
10340
10348
10383
10388
10391
10393
10404
10406
10449
10464
10466
10481
10483
10498
10500
10507
10509
10570
10580
10581
10584
10585
10594
10595
10597
10601
10611
10614
10626
10648
10661
10674
10712
10713
10714
10715
10716
10717
10718
10720
10721
10722
10723
10724
10726
10729
10730
10731
10739
10740
10741
10749
10750
10751
10753
10756
10757
10758
10760
10763
10768
10769
10770
10771
10772
10909
10910
10911
10912
10913
10914
10915
10917
10919
10921
10922
10926
10927
10929
10931
10933
10934
10938
10939
10941
10943
10945
10946
10950
10951
10953
10955
10957
10958
10962
10965
10969
10972
10975
10977
10983
10989
11138
11139
11140
11141
11142
11145
11146
11147
11148
11149
11150
11151
11152
11153
11154
11155
11156
11157
11158
11159
11160
11161
11162
11163
11164
11165
11166
11167
11168
11169
11170
11171
11172
11173
11174
11175
11176
11178
11179
11183
11185
11187
11188
11192
11194
11195
11197
11199
11200
11201
11202
11204
11207
11208
11210
11212
11213
11214
11215
11217
11220
11221
11225
11226
11228
11233
11246
11248
11253
11257
11259
11262
11268
11274
11276
11279
11285
11291
11293
11296
11308
11332
11334
11345
11347
11358
11360
11394
11395
11396
11409
11410
11411
11412
11413
11426
11427
11428
11429
11430
11437
11438
11439
11497
11498
11499
11500
11501
11502
11511
11512
11513
11514
11515
11516
11517
11518
11519
11528
11529
11530
11531
11532
11533
11534
11535
11536
11542
11543
11544
11545
11546
11547
11548
11549
11550
11551
11552
11553
11554
11555
11556
11557
11558
11559
11560
11561
11562
11602
11603
11604
11605
11606
11607
11609
11611
11614
11617
11619
11621
11622
11624
11626
11628
11629
11631
11633
11634
11636
11637
11638
11639
11640
11641
11642
11643
11644
11645
11646
11647
11648
11649
11650
11651
11653
11655
11657
11660
11661
11662
11664
11667
11668
11669
11677
11681
11684
11685
11686
11688
11696
11698
11699
11705
11711
11712
11714
11854
11855
11856
11857
11858
11859
11860
11861
11862
11863
11864
11865
11866
11867
11868
11869
11870
11871
11872
11875
11876
11877
11878
11879
11880
11881
11882
11883
11884
11885
11886
11887
11888
11889
11890
11891
11892
11893
11894
11895
11896
11897
11898
11899
11900
11901
11902
11903
11904
11905
11906
11907
11908
11909
11910
11911
11912
11913
11914
11915
11916
11917
11918
11919
11920
11921
11922
11923
11924
11925
11926
11927
11928
11929
11930
11931
11932
11933
11934
11935
11936
11937
11938
11939
11940
11941
11942
11943
11944
11945
11946
11948
11949
11952
11953
11954
11955
11956
11957
11958
11960
11961
11964
11965
11966
11967
11968
11969
11970
11972
11973
11976
11977
11978
11979
11980
11981
11982
11984
11985
11988
11989
11990
11991
11992
11993
11994
11999
12000
12001
12009
12010
12011
12012
12013
12014
12015
12021
12022
12025
12026
12027
12028
12029
12037
12038
12039
12040
12041
12042
12043
12047
12048
12049
12050
12051
12055
12056
12057
12061
12062
12063
12064
12066
12074
12075
12085
12087
12092
12097
12102
12103
12113
12120
12122
12124
12126
12133
12148
12150
12152
12159
12175
12179
12182
12183
12184
12185
12190
12192
12193
12197
12198
12201
12203
12204
12206
12210
12216
12217
12218
12219
12224
12226
12227
12231
12232
12235
12236
12238
12239
12244
12258
12259
12260
12261
12262
12267
12270
12284
12285
12286
12287
12288
12293
12296
12297
12299
12301
12302
12304
12307
12308
12309
12310
12312
12313
12314
12315
12316
12318
12319
12322
12323
12324
12325
12326
12327
12328
12329
12330
12331
12332
12333
12334
12335
12336
12337
12338
12339
12340
12341
12342
12343
12344
12345
12346
12347
12348
12349
12350
12351
12352
12353
12354
12355
12356
12357
12358
12359
12360
12361
12362
12363
12364
12365
12366
12367
12368
12369
12370
12371
12372
12376
12377
12378
12379
12380
12381
12382
12383
12384
12385
12386
12387
12388
12389
12390
12391
12392
12393
12394
12395
12396
12397
12398
12399
12400
12401
12402
12403
12404
12405
12406
12407
12408
12409
12410
12411
12412
12413
12414
12415
12416
12417
12418
12419
12420
12421
12422
12423
12424
12425
12426
12427
12428
12429
12430
12431
12432
12433
12434
12436
12437
12440
12441
12442
12444
12446
12448
12449
12450
12451
12453
12454
12457
12458
12459
12461
12463
12465
12466
12467
12468
12470
12471
12474
12475
12476
12478
12480
12482
12483
12486
12487
12489
12491
12492
12493
12495
12496
12497
12499
12500
12502
12504
12510
12517
12519
12521
12523
12528
12530
12536
12543
12544
12545
12546
12551
12553
12558
12563
12582
12585
12586
12587
12602
12605
12606
12607
12666
12667
12670
12671
12674
12675
12676
12690
12691
12694
12695
12698
12699
12700
12717
12718
12719
12728
12729
12731
12732
12740
12741
12742
12744
12745
12747
12753
12754
12756
12757
12759
12760
12766
12768
12782
12783
12784
12785
12786
12787
12788
12791
12792
12793
12794
12795
12796
12797
12798
12799
12800
12801
12802
12803
12804
12805
12806
12807
12808
12809
12810
12811
12812
12815
12816
12817
12818
12819
12820
12821
12822
12823
12824
12825
12826
12827
12828
12829
12830
12831
12832
12833
12834
12835
12836
12837
12838
12839
12840
12841
12842
12843
12844
12845
12846
12847
12848
12849
12850
12851
12852
12853
12854
12855
12856
12857
12858
12859
12860
12861
12862
12863
12864
12865
12866
12867
12868
12869
12870
12871
12872
12873
12874
12875
12876
12877
12879
12882
12883
12884
12885
12886
12891
12894
12895
12896
12897
12898
12903
12906
12907
12908
12909
12910
12915
12918
12919
12920
12921
12922
12923
12924
12925
12926
12927
12928
12929
12932
12960
12980
12981
12982
12986
12987
12988
12993
12997
12998
12999
13000
13001
13006
13008
13009
13010
13016
13017
13019
13023
13026
13027
13028
13029
13034
13036
13037
13038
13043
13045
13046
13049
13063
13064
13065
13066
13067
13072
13075
13089
13090
13091
13092
13093
13098
13101
13102
13104
13109
13114
13115
13123
13124
13128
13130
13135
13139
13141
13143
13148
13149
13157
13158
13162
13168
13169
13171
13173
13175
13177
13184
13199
13201
13203
13210
13225
13226
13227
13228
13229
13230
13233
13234
13235
13236
13238
13239
13240
13241
13243
13244
13248
13249
13252
13253
13254
13255
13257
13258
13259
13260
13261
13267
13268
13269
13270
13271
13272
13273
13274
13275
13276
13277
13278
13282
13283
13284
13285
13286
13287
13288
13289
13290
13293
13294
13295
13296
13297
13298
13299
13300
13301
13302
13303
13304
13305
13306
13307
13308
13309
13310
13311
13312
13313
13317
13318
13319
13320
13321
13322
13323
13324
13325
13326
13327
13328
13329
13330
13331
13332
13333
13334
13335
13336
13337
13338
13339
13340
13341
13342
13343
13344
13345
13346
13347
13348
13349
13350
13351
13352
13353
13354
13355
13356
13357
13358
13359
13360
13361
13362
13364
13365
13368
13369
13370
13372
13374
13376
13377
13378
13379
13381
13382
13385
13386
13387
13389
13391
13393
13394
13395
13396
13398
13399
13402
13403
13404
13406
13408
13410
13411
13414
13415
13417
13419
13420
13424
13425
13427
13432
13445
13458
13473
13497
13501
13517
13518
13521
13522
13524
13525
13541
13550
13551
13553
13554
13556
13562
13563
13566
13567
13568
13569
13570
13578
13579
13580
13581
13582
13583
13584
13588
13589
13590
13591
13592
13609
13612
13613
13614
13615
13616
13633
13636
13637
13638
13639
13640
13650
13678
13692
13698
13699
13701
13703
13705
13706
13707
13722
13723
13725
13727
13729
13730
13731
13734
13735
13737
13739
13741
13742
13743
13746
13749
13751
13753
13756
13759
13761
13764
13767
13770
13773
13775
13778
13781
13784
13787
13789
13792
13795
13799
13803
13804
13925
13926
13934
13935
13936
13937
13938
13940
13945
13946
13947
13948
13949
13950
13951
13952
13954
13959
13960
13961
13962
13963
13964
13965
13966
13968
13971
13972
13973
13974
13975
13991
13992
13994
13996
13997
13998
13999
14001
14004
14005
14007
14009
14010
14011
14012
14014
14017
14018
14020
14022
14023
14024
14025
14027
14030
14031
14032
14033
14036
14037
14039
14041
14043
14044
14046
14050
14052
14054
14058
14060
14063
14069
14075
14077
14080
14086
14092
14097
14101
14114
14127
14140
14172
14180
14189
14197
14206
14214
14223
14284
14296
14297
14299
14301
14313
14314
14330
14331
14342
14424
14425
14427
14429
14434
14435
14437
14439
14444
14445
14447
14449
14454
14455
14456
14457
14458
14459
14460
14462
14463
14464
14467
14469
14471
14477
14482
14496
14503
14509
14510
14512
14514
14518
14519
14520
14530
14531
14532
14681
14682
14683
14684
14686
14687
14689
14690
14692
14693
14695
14698
14701
14703
14706
14709
14712
14715
14717
14720
14723
14727
14729
14731
14732
14734
14736
14738
14739
14743
14744
14858
14859
14863
14864
14865
14866
14867
14868
14869
14870
14871
14872
14873
14874
14875
14876
14877
14878
14879
14880
14881
14883
